Gene	Value
ENSG00000268903	0.0737497041433887
ENSG00000269981	0.218667310326994
ENSG00000237973	0.165737406300227
ENSG00000198744	0.74169291382748
ENSG00000237491	0.0163283419975332
ENSG00000288531	0.0714675102449124
ENSG00000234711	0.348568472791137
ENSG00000230699	0.16447331177942
ENSG00000188976	-0.0121416093557169
ENSG00000187961	0.124439705393779
ENSG00000187608	0.217396314755114
ENSG00000260179	0.151626788265178
ENSG00000162572	0.190550372503351
ENSG00000107404	-0.0399688197699949
ENSG00000162576	0.225230374200757
ENSG00000224870	0.114578467400208
ENSG00000225905	0.255546237236919
ENSG00000225285	0.0322847973094986
ENSG00000286989	0.342349200100957
ENSG00000272106	-0.026086068078741
ENSG00000189409	0.0981877038487718
ENSG00000008130	-0.0236757594681408
ENSG00000078369	-0.0129612597515185
ENSG00000067606	-0.0661841754867612
ENSG00000287356	0.00869571795547453
ENSG00000157916	-0.0335252404139765
ENSG00000157911	0.107926520937435
ENSG00000224387	0.182456215785488
ENSG00000157881	0.0266079361431726
ENSG00000197921	-0.165018363491174
ENSG00000130762	0.163031611754723
ENSG00000235169	-0.00733553655216519
ENSG00000130764	0.00181166422619784
ENSG00000169598	0.0286874571985902
ENSG00000131697	-0.00993169335697116
ENSG00000226944	-0.105044095948443
ENSG00000158292	-0.122927649223468
ENSG00000171680	-0.0175206883619079
ENSG00000204859	0.0991730308965202
ENSG00000041988	-0.0567361103504227
ENSG00000007923	-0.019752777964758
ENSG00000269925	-0.112253602171263
ENSG00000049246	-0.0275291761844126
ENSG00000116285	-0.00411610215418404
ENSG00000232208	0.00479991661919449
ENSG00000142583	-0.057577598623608
ENSG00000049239	0.0707423173420353
ENSG00000171621	-0.0456132980746248
ENSG00000284693	0.0244672426668629
ENSG00000188807	0.00594873316490468
ENSG00000171603	-0.0951700775469375
ENSG00000178585	0.00374836988521616
ENSG00000173614	-0.0292846593988821
ENSG00000130939	-0.0419594237830682
ENSG00000284642	0.0801437372105173
ENSG00000198793	0.0138805808961848
ENSG00000120942	-0.012464570969608
ENSG00000116661	-0.00850964392396795
ENSG00000116670	-0.0752904670685602
ENSG00000177674	-0.038498705041379
ENSG00000083444	0.067240267159137
ENSG00000116691	0.0541681265301726
ENSG00000028137	0.0158339320583692
ENSG00000048707	-0.0118218879141004
ENSG00000239149	0.216663408317041
ENSG00000162496	-0.0056091699652536
ENSG00000162493	-0.0509330955257552
ENSG00000162458	0.0145732937512478
ENSG00000142632	0.0964137473927369
ENSG00000288398	0.125416241057024
ENSG00000132881	-0.0185560000798814
ENSG00000157191	0.0797872826156293
ENSG00000080947	0.0900386542260989
ENSG00000261135	-0.126818363381553
ENSG00000186301	0.156330151403995
ENSG00000058453	-0.130454890216692
ENSG00000179051	-0.0478910320732649
ENSG00000117154	-0.0492698969732083
ENSG00000280222	0.270879950454346
ENSG00000211454	0.0568830630590997
ENSG00000053371	0.0631590821653549
ENSG00000040487	-0.0229737273780404
ENSG00000226396	0.175229952981928
ENSG00000188257	0.0488420290478467
ENSG00000236963	0.0690871612973764
ENSG00000158825	0.0478056036973976
ENSG00000117245	-0.0736340273494063
ENSG00000189410	0.00858269637146647
ENSG00000127483	0.0222037139957102
ENSG00000233072	0.268361526219221
ENSG00000117298	0.0301957675664673
ENSG00000236936	-0.00830972842362904
ENSG00000227001	-0.059812093809317
ENSG00000187952	0.0834097392164272
ENSG00000142798	0.0950333059041609
ENSG00000184677	-0.0191704592043961
ENSG00000173372	0.100598508878038
ENSG00000159189	0.162121236567236
ENSG00000173369	0.109518378328762
ENSG00000125944	-0.0739564917776303
ENSG00000249087	0.000842354979840872
ENSG00000088280	-0.0487808274214866
ENSG00000117318	0.0888589398718831
ENSG00000011007	0.00146581267071292
ENSG00000117308	0.0971386132419758
ENSG00000117305	-0.00375353894272066
ENSG00000189266	0.00770950168815568
ENSG00000188529	-0.0739916158150129
ENSG00000185436	0.0514301312902045
ENSG00000001460	-0.0907151617848275
ENSG00000169504	0.0131568659774607
ENSG00000284602	0.11433750502598
ENSG00000117616	0.167621476471099
ENSG00000224183	-0.0250984783314028
ENSG00000228172	0.0207906437871079
ENSG00000117640	0.0154254891052154
ENSG00000182749	0.000742235032434458
ENSG00000158008	0.00694973471649606
ENSG00000197245	-0.0584740050549942
ENSG00000236782	0.0378352843226267
ENSG00000236155	0.0480196914137727
ENSG00000158062	-0.0994935313433923
ENSG00000117682	0.0197954476456738
ENSG00000117676	0.0018834383754476
ENSG00000260063	0.0596657073200874
ENSG00000060642	-0.0319335886083269
ENSG00000175793	-0.408214843670094
ENSG00000289554	-0.0655677292828652
ENSG00000198746	0.0163517127976984
ENSG00000090273	-0.0838535965786479
ENSG00000090020	0.0276634174325507
ENSG00000142784	-0.000470761529677274
ENSG00000243659	0.184657530507665
ENSG00000186501	-0.0411234790232236
ENSG00000142733	0.220533723804018
ENSG00000142748	0.0989013244396885
ENSG00000174950	-0.287107597414704
ENSG00000181773	0.1861915804018
ENSG00000000938	0.22116343857532
ENSG00000126709	0.298790801294693
ENSG00000270031	-0.0497262161747961
ENSG00000117751	-0.0540690436395063
ENSG00000130775	0.0525049191848317
ENSG00000158161	0.0126442349520722
ENSG00000169403	0.0468618552470087
ENSG00000126698	-0.0114024553539193
ENSG00000270605	-0.117327810238696
ENSG00000130766	-0.196960516111117
ENSG00000130772	-0.052045681972098
ENSG00000180198	-0.0222042340195398
ENSG00000279443	0.0240581130048278
ENSG00000162419	-0.0342023482209831
ENSG00000116353	-0.000395446862329606
ENSG00000186056	0.049733538872919
ENSG00000287510	-0.0637822120389683
ENSG00000162511	-0.0918767812273106
ENSG00000060688	-0.00919926950302828
ENSG00000168528	0.0682986542375256
ENSG00000121753	-0.0294217794709938
ENSG00000121774	-0.0152639835066197
ENSG00000121775	0.00715598572099358
ENSG00000084623	-0.0516616884008227
ENSG00000183615	0.0384957228167655
ENSG00000175130	0.137057579521416
ENSG00000233775	0.0445139763581385
ENSG00000225828	0.0720643631681965
ENSG00000224333	-0.0611023403319242
ENSG00000134684	-0.0913253032652757
ENSG00000160097	0.304574356154422
ENSG00000121900	0.0435544870912538
ENSG00000116514	-0.0388120974898851
ENSG00000278966	0.135109588705116
ENSG00000004455	0.0724936172849005
ENSG00000142920	0.0321343347158817
ENSG00000116525	0.00505351970264579
ENSG00000279179	0.018636027386303
ENSG00000160094	0.0867663726666617
ENSG00000134686	0.0223962475818493
ENSG00000121903	0.0256250978541168
ENSG00000241014	0.200715972373638
ENSG00000243749	0.198696073013618
ENSG00000163867	-0.0297730439669156
ENSG00000284640	-0.0455168035464791
ENSG00000146463	-0.0265090508709085
ENSG00000142687	-0.0384087503092991
ENSG00000116819	0.0770934577081394
ENSG00000142686	-0.101786843634022
ENSG00000054116	0.0157361979705979
ENSG00000286379	0.175469887075938
ENSG00000196182	-0.0351623373932656
ENSG00000163873	0.0403129501451741
ENSG00000163874	-0.158328050380512
ENSG00000134697	0.00526966573008939
ENSG00000134690	-0.0306497218622041
ENSG00000196449	-0.0615856156431238
ENSG00000197982	0.0729518150422339
ENSG00000183431	-0.0772403161650883
ENSG00000116954	-0.0436164714326614
ENSG00000163909	0.26794651793687
ENSG00000084072	0.0279136412764344
ENSG00000198754	0.130925453556043
ENSG00000261798	-0.00375517020038809
ENSG00000131236	-0.0227355008139347
ENSG00000117000	-0.0568148179959721
ENSG00000049089	0.28896914723851
ENSG00000260920	0.0721560380703712
ENSG00000179862	-0.0252703158491321
ENSG00000171793	0.0172773661655638
ENSG00000127125	0.0804527832706908
ENSG00000171960	0.0504954123419736
ENSG00000117385	0.0318588037453907
ENSG00000164011	0.110142972167041
ENSG00000186973	-0.565203981975757
ENSG00000117395	-0.0682210108302414
ENSG00000117400	0.0225655038950963
ENSG00000159479	0.0178313652166596
ENSG00000142949	-0.0618202776274724
ENSG00000066135	-0.0282144324614967
ENSG00000126091	-0.0194183035558804
ENSG00000132768	0.126055003945921
ENSG00000159214	0.0122741265388962
ENSG00000178028	0.0216359109240271
ENSG00000187147	-0.05691639009401
ENSG00000198520	-0.0536192921348972
ENSG00000173846	-0.0284615886911524
ENSG00000117425	0.127974694663941
ENSG00000126088	0.0167560178653076
ENSG00000281912	-0.0332389706853876
ENSG00000186603	0.185582835736843
ENSG00000132773	0.0223949716062946
ENSG00000070759	-0.00893436404747997
ENSG00000289407	-0.0654053517490772
ENSG00000159592	-0.0101310415152711
ENSG00000230896	0.0626868586047247
ENSG00000117461	0.0323567316353866
ENSG00000117472	-0.0194039952280723
ENSG00000085998	0.056614952980965
ENSG00000171357	-0.0742660608391606
ENSG00000117480	0.124000422564823
ENSG00000282881	0.0421407799237497
ENSG00000224805	0.134644281432563
ENSG00000226252	0.13011144422477
ENSG00000279214	-0.0479776726792098
ENSG00000078618	0.0125509230846684
ENSG00000198841	-0.128597534135003
ENSG00000157077	-0.0616215000918612
ENSG00000116157	0.0717884186564341
ENSG00000162377	-0.0159347372202775
ENSG00000121310	0.126554974596638
ENSG00000116171	-0.10175485535983
ENSG00000162383	-0.133449558464572
ENSG00000157184	-0.000193528219826866
ENSG00000234578	0.122015105755603
ENSG00000116212	-0.095885235289984
ENSG00000219102	-0.104740691236218
ENSG00000215883	0.0673924439268176
ENSG00000162390	-0.0022442609250983
ENSG00000006555	-0.0261764801790865
ENSG00000184292	-0.238771779262735
ENSG00000177606	-0.49903563887068
ENSG00000270457	0.119571681707254
ENSG00000271200	-0.104187070674503
ENSG00000088035	-0.0245092534635196
ENSG00000203965	-0.114009629606363
ENSG00000162437	0.0489028047903059
ENSG00000272506	0.406270522910613
ENSG00000116675	-0.141500573769133
ENSG00000213625	0.0709159828647562
ENSG00000184588	-0.0299778762613885
ENSG00000198160	-0.0864400385540156
ENSG00000116717	-0.0498146199322972
ENSG00000116745	0.0470189924027964
ENSG00000287283	0.240570064528638
ENSG00000118454	-0.0977240108810639
ENSG00000116761	-0.0341021418406265
ENSG00000271992	0.0568197738570502
ENSG00000254685	-0.0730465125368566
ENSG00000178965	-0.129048598083164
ENSG00000162623	-0.0750052770026328
ENSG00000117054	-0.0805184402682191
ENSG00000137955	0.0467380558412407
ENSG00000036549	-0.0659749773443133
ENSG00000219201	0.0214688088128828
ENSG00000162616	-0.209451617273955
ENSG00000273338	-0.565371605929392
ENSG00000285928	-0.0968368287527982
ENSG00000137959	0.393435074971622
ENSG00000137965	0.380347938060564
ENSG00000271576	0.11231048173715
ENSG00000117133	-0.0756741838962798
ENSG00000174021	0.0926710656501802
ENSG00000117151	-0.0336048865068224
ENSG00000142867	-0.0846973281782258
ENSG00000273264	-0.128175958642427
ENSG00000272691	-0.010701416131935
ENSG00000142871	-0.649753628569239
ENSG00000016602	0.0469193363596934
ENSG00000097033	-0.0330897993922324
ENSG00000183291	-0.126310757145994
ENSG00000065243	-0.0305152089687471
ENSG00000137944	-0.0773659203274544
ENSG00000213516	0.0211705498532609
ENSG00000117226	-0.147299524774227
ENSG00000117228	-0.116722724877844
ENSG00000234518	-0.283544862575242
ENSG00000162645	-0.328142171457679
ENSG00000272931	0.0439972764142921
ENSG00000097046	0.0118733055002206
ENSG00000273487	0.120931661330967
ENSG00000122484	-0.0183941083166933
ENSG00000143033	-0.0407257085245902
ENSG00000117500	-0.163097397797699
ENSG00000117505	-0.0585349431150206
ENSG00000229635	0.196041890087806
ENSG00000137942	-0.0228441183270546
ENSG00000067334	-0.0678630604187383
ENSG00000117525	-0.249770645909845
ENSG00000143036	-0.0599464176232384
ENSG00000117519	-0.101198330618821
ENSG00000235501	-0.117183688642149
ENSG00000122481	-0.0191470781590206
ENSG00000117569	-0.112249065458946
ENSG00000117620	-0.0661607758597
ENSG00000162692	-0.242312840937877
ENSG00000162695	-0.0457793638173941
ENSG00000233184	-0.0117000714109255
ENSG00000225938	0.0346959370555608
ENSG00000228399	0.0293586703956288
ENSG00000060718	0.0725682002354288
ENSG00000240038	0.251308431403537
ENSG00000198890	0.042630315745377
ENSG00000224550	0.334712314776266
ENSG00000085491	-0.0497055807072631
ENSG00000121957	0.00778286883068822
ENSG00000085433	-0.0950202122286823
ENSG00000215717	-0.0748168761030768
ENSG00000179902	-0.510745794966839
ENSG00000031698	-0.0944722432646855
ENSG00000143126	-0.043783257979922
ENSG00000174151	-0.0344612045373211
ENSG00000181754	-0.0525420344196884
ENSG00000065135	-0.0859511754075789
ENSG00000143093	0.027165023305207
ENSG00000186150	-0.0526338116957604
ENSG00000235526	-0.0154595324728245
ENSG00000162775	-0.175377215728317
ENSG00000273373	0.0882991756397657
ENSG00000177301	-0.00713058066935712
ENSG00000259834	-0.253408067700801
ENSG00000143119	0.0712199768502634
ENSG00000232811	-0.120136459271429
ENSG00000121931	-0.148197109253802
ENSG00000156171	-0.0355874583607227
ENSG00000162777	0.00661705140230928
ENSG00000064886	-0.210743638088244
ENSG00000173947	-0.398728656803859
ENSG00000085465	0.119952877359273
ENSG00000143110	0.074662379904083
ENSG00000121933	0.0383627717659184
ENSG00000116473	-0.0502427653232605
ENSG00000134245	0.0509212938205106
ENSG00000273483	0.238276585558596
ENSG00000155366	0.0938499026535565
ENSG00000188761	0.0100344435859233
ENSG00000163349	-0.146101845075782
ENSG00000213281	-0.0402319359689476
ENSG00000173218	-0.051353706374162
ENSG00000271143	0.0280174173812166
ENSG00000163399	-0.12345571645344
ENSG00000116815	-0.013500271049185
ENSG00000196505	-0.0335267028088961
ENSG00000065183	-0.0418627498020841
ENSG00000260941	-0.140548174133973
ENSG00000277610	-0.0645897343396394
ENSG00000198019	-0.0664347102955997
ENSG00000213244	0.423201240318869
ENSG00000265531	-0.0120317577313224
ENSG00000271567	-0.187973237716393
ENSG00000281571	-0.159290370929538
ENSG00000186141	0.0209715167303021
ENSG00000265241	0.0561716091017486
ENSG00000271601	0.0239813049801587
ENSG00000272031	0.0409185270525768
ENSG00000270339	0.679600429549281
ENSG00000180867	-0.0301848305717413
ENSG00000150337	-0.0531677378675962
ENSG00000184260	0.0519668658982241
ENSG00000143368	-0.00219428295549332
ENSG00000264522	0.0863410117621958
ENSG00000285184	0.0623899097163954
ENSG00000143401	-0.0635864185988656
ENSG00000117362	0.00843937528702814
ENSG00000159208	0.0808277139764749
ENSG00000143374	0.0232708460678813
ENSG00000143382	-0.0604156005372777
ENSG00000203804	-0.207622615051449
ENSG00000143384	-0.083077246362586
ENSG00000288880	0.0482892104998388
ENSG00000143457	-0.107007245941318
ENSG00000163131	-0.0148445333746323
ENSG00000143409	0.12188920905117
ENSG00000163154	0.203803829610694
ENSG00000163155	-0.00940445134326116
ENSG00000163159	-0.0133462275410874
ENSG00000143398	-0.0547769388095507
ENSG00000159352	0.0510731243009981
ENSG00000143393	-0.0461075021613307
ENSG00000143375	0.0932749223738222
ENSG00000143436	-0.0395862256330481
ENSG00000182134	-0.0477021317762032
ENSG00000197747	0.0217704249601488
ENSG00000163191	0.168362165746492
ENSG00000198854	-0.144986358749239
ENSG00000163220	-0.34136375873152
ENSG00000163221	-0.319240823946706
ENSG00000143546	-0.51907362753318
ENSG00000197956	-0.0435501553505032
ENSG00000196154	-0.14381228251451
ENSG00000188015	-0.162765151636148
ENSG00000196754	0.0968523659059858
ENSG00000188643	-0.0144728211421198
ENSG00000160678	0.19478448948567
ENSG00000198837	0.10658128295373
ENSG00000143570	-0.0239715562970886
ENSG00000282386	-0.191362007471679
ENSG00000143578	0.0555460272073529
ENSG00000143543	-0.0389002955880228
ENSG00000143545	-0.0414339654056084
ENSG00000143549	0.000456235915379923
ENSG00000143612	0.0347540857627928
ENSG00000228013	0.00989637980029543
ENSG00000160712	-0.0283441648313211
ENSG00000160714	-0.0255302942802624
ENSG00000163346	0.0664707384005097
ENSG00000271380	-0.00854756530603489
ENSG00000160691	0.0945176586921123
ENSG00000173207	0.0401068509315927
ENSG00000243364	0.0979132303010471
ENSG00000169242	-0.0881974412716131
ENSG00000169241	0.00288408858016482
ENSG00000179085	0.0140303187580314
ENSG00000163463	0.0334801850817521
ENSG00000185499	-0.0696945650239826
ENSG00000160766	0.149556816106231
ENSG00000235919	-0.0821567143673341
ENSG00000125459	0.0437614759499812
ENSG00000163374	0.0348824765732723
ENSG00000116580	-0.033700993667255
ENSG00000234937	-0.0563312937577489
ENSG00000132718	-0.0738413309849148
ENSG00000143622	-0.018974991924627
ENSG00000160803	0.00311727410249655
ENSG00000160789	0.0357441189047359
ENSG00000160785	-0.0363595270999893
ENSG00000160783	0.0340553806523992
ENSG00000198952	-0.0307253703569232
ENSG00000163472	0.0327088626003168
ENSG00000163468	-0.109642323789996
ENSG00000125462	0.159035583580443
ENSG00000116604	-0.0409896421078413
ENSG00000163382	0.00328321134526112
ENSG00000160818	0.0516187600654778
ENSG00000272971	0.332617095064601
ENSG00000272068	0.199033349347503
ENSG00000143294	-0.0259479239988208
ENSG00000132694	0.031332025598788
ENSG00000117036	-0.0194094196158243
ENSG00000158473	-0.0317481979071657
ENSG00000163563	-0.0426659031376331
ENSG00000163565	-0.0415290407739443
ENSG00000213088	-0.272415242655662
ENSG00000132693	0.215414500276012
ENSG00000288775	0.0124282675436569
ENSG00000158716	-0.10976494052992
ENSG00000158714	-0.100320054530491
ENSG00000213085	-0.45129318660242
ENSG00000158710	-0.00668935743247176
ENSG00000177807	0.153337177284696
ENSG00000162729	-0.0500961570334914
ENSG00000018625	0.166266279973534
ENSG00000132716	0.00312222770239881
ENSG00000066294	-0.00692600304765296
ENSG00000158769	-0.0333012483601559
ENSG00000158773	0.0123798710037665
ENSG00000162755	0.0113920555519153
ENSG00000158796	-0.0244515445826568
ENSG00000143258	0.0353290829953059
ENSG00000143224	0.0139147026470028
ENSG00000158850	0.000919345703082977
ENSG00000158859	0.318630877157606
ENSG00000158864	-0.0535229924653163
ENSG00000158869	-0.0381461466356769
ENSG00000158882	-0.032526604460283
ENSG00000248485	-0.0123781443621583
ENSG00000143226	-0.156282538291458
ENSG00000173110	-1.28126990563296
ENSG00000203747	0.0709523522021087
ENSG00000225217	-0.15837812150729
ENSG00000081721	-0.0154841968438732
ENSG00000118217	-0.0346578512500821
ENSG00000229808	0.0458985278859638
ENSG00000162745	-0.0569981697728711
ENSG00000117143	-0.10126744030101
ENSG00000272574	0.0424871678262582
ENSG00000269887	-0.275832852005676
ENSG00000143149	-0.0444839494415787
ENSG00000225171	-0.00541302761051842
ENSG00000272205	0.213675485800373
ENSG00000143190	0.0103111132508307
ENSG00000143162	-0.0201548999244229
ENSG00000241666	0.230389527153033
ENSG00000143147	-0.0560346839922546
ENSG00000213064	-0.021612390012124
ENSG00000143178	0.0834033827868812
ENSG00000117479	0.0827892979714958
ENSG00000007908	-0.304516080728231
ENSG00000171806	-0.0379691530974563
ENSG00000000457	0.0133256759019063
ENSG00000271811	0.1419611799202
ENSG00000094963	-0.0226375755136077
ENSG00000010165	-0.051914107481021
ENSG00000213060	0.099271548293669
ENSG00000197959	-0.0805525024707906
ENSG00000094975	-0.0789845351397933
ENSG00000117586	0.0545902330278129
ENSG00000117592	0.0954986542539483
ENSG00000120334	-0.00455269621157961
ENSG00000135870	-0.0262830678158756
ENSG00000203737	-0.030746978377266
ENSG00000116161	-0.187911819483193
ENSG00000120333	0.054825843406894
ENSG00000235750	-0.0677317040124458
ENSG00000213057	-7.52889428269427e-05
ENSG00000116199	-0.0157743208949866
ENSG00000143322	-0.0493500565692224
ENSG00000057252	-0.0250400647723319
ENSG00000261060	-0.2630192842021
ENSG00000272906	-0.0839744738525038
ENSG00000143337	-0.0102346501648318
ENSG00000135823	-0.0484422488322773
ENSG00000153029	-0.0475446043429576
ENSG00000289589	-0.0954696055341575
ENSG00000162783	-0.31331224878146
ENSG00000135828	0.0251330024412694
ENSG00000135824	0.133086583174429
ENSG00000135838	0.129425367385479
ENSG00000162704	-0.102001425561727
ENSG00000289581	0.0366162886547553
ENSG00000198860	-0.0234703701337235
ENSG00000271387	-0.0401515394991615
ENSG00000121481	-0.110914780805433
ENSG00000231084	0.0170328087307098
ENSG00000279838	0.105764889114144
ENSG00000116679	-0.0262429949626509
ENSG00000228238	0.106721453525021
ENSG00000073756	-0.258083540328695
ENSG00000090104	0.00600346943849385
ENSG00000116741	-0.146063795926498
ENSG00000134371	-0.068489496887927
ENSG00000233057	0.0904059068720477
ENSG00000151414	-0.00120060732611567
ENSG00000081237	-0.0699390416166779
ENSG00000162702	-0.125505151636391
ENSG00000163395	-0.0571413504635354
ENSG00000163431	-0.0969423873458099
ENSG00000176393	0.0242246613839487
ENSG00000234678	-0.0158465258303394
ENSG00000170075	0.212373547099596
ENSG00000143851	-0.059389278004249
ENSG00000236439	0.189423690514011
ENSG00000228288	0.183413279351554
ENSG00000159346	-0.0140411636246345
ENSG00000163444	-0.0874531782578575
ENSG00000143847	0.0980819421690092
ENSG00000163485	0.0319133962642415
ENSG00000133055	-0.206701937308421
ENSG00000133048	-0.225130016863022
ENSG00000159388	-0.095380232739571
ENSG00000143842	0.158768506271761
ENSG00000143845	0.0470268679867545
ENSG00000225522	-0.138060063972243
ENSG00000143850	0.0266482381176563
ENSG00000158615	-0.103663216583125
ENSG00000240219	0.0786979510251708
ENSG00000163531	0.0589441585112715
ENSG00000174529	-0.0567306509641645
ENSG00000117222	-0.0760826347307597
ENSG00000133069	0.0514183974967649
ENSG00000281406	-0.00338763997465993
ENSG00000174514	-0.184573284875292
ENSG00000117280	-0.0594223827996538
ENSG00000174502	-0.0441141222217752
ENSG00000143479	-0.0949261613966122
ENSG00000162889	-0.0640940338764585
ENSG00000136634	-0.0248497920935629
ENSG00000123836	-0.149649805335972
ENSG00000180667	-0.107943818218707
ENSG00000076356	0.0245531804066327
ENSG00000196878	-0.0623222829669645
ENSG00000123689	-0.255953344473868
ENSG00000009790	-0.00157669817086938
ENSG00000162757	-0.0509693580382109
ENSG00000117597	-0.0708238651106895
ENSG00000153363	-0.0174539247877015
ENSG00000236809	-0.00563571817844026
ENSG00000233626	0.157532662264144
ENSG00000143493	-0.00131703348528098
ENSG00000066027	-0.00933716606065054
ENSG00000260805	-0.123313186327363
ENSG00000288007	-0.0237960782499593
ENSG00000162772	-0.239927702425871
ENSG00000123685	-0.0409435405075388
ENSG00000117697	0.00235701348442279
ENSG00000136636	-0.0461040610842225
ENSG00000092969	-0.0488918660169957
ENSG00000277007	0.238114430443276
ENSG00000218283	-0.0800290461051314
ENSG00000136630	-0.0346119674896023
ENSG00000186063	-0.0151787729346448
ENSG00000162819	-0.0610751504311664
ENSG00000287338	0.527187120893949
ENSG00000187554	0.0112995614920803
ENSG00000288999	-0.0591226262011543
ENSG00000143756	-0.0525130627081422
ENSG00000232628	-0.00306137102209142
ENSG00000237101	-0.000934510978273844
ENSG00000143771	-0.0416365411298116
ENSG00000162923	-0.0504316213598734
ENSG00000154380	-0.0242440605952541
ENSG00000289602	0.0242779460414794
ENSG00000143811	0.0728226380674167
ENSG00000143751	-0.107573536719772
ENSG00000163050	-0.0585385780106231
ENSG00000162910	-0.0225481593635597
ENSG00000280157	0.389348720226321
ENSG00000203684	0.0625241561919873
ENSG00000287315	0.238956894112151
ENSG00000196890	-0.0564885095030553
ENSG00000168159	-0.0283178943609851
ENSG00000116574	0.100896439438175
ENSG00000154429	-0.117794259882147
ENSG00000143632	-0.132560401514446
ENSG00000135801	-0.0585600182295857
ENSG00000228058	0.0808561030593842
ENSG00000182118	0.0681651577608833
ENSG00000119283	0.0419658002351536
ENSG00000143633	0.0195775007721265
ENSG00000116918	-0.101606607008175
ENSG00000116991	0.0151669408615701
ENSG00000135749	0.00422810115563641
ENSG00000233332	-0.0155675459497175
ENSG00000231663	-0.154261710800521
ENSG00000059588	0.189776391599875
ENSG00000168264	-0.00184451388299057
ENSG00000280587	0.149193347734321
ENSG00000054267	-0.0805764002505389
ENSG00000152904	-0.0661307342545098
ENSG00000162885	0.0124204922046591
ENSG00000230325	0.0178539271116469
ENSG00000215808	-0.0500346341881161
ENSG00000287513	0.0445275317092886
ENSG00000054282	-0.0171069220247743
ENSG00000035687	-0.142826982548121
ENSG00000121644	-0.0313931366871547
ENSG00000284188	-0.0425992513775332
ENSG00000188295	-0.108206610462325
ENSG00000221953	0.106591449238125
ENSG00000289234	0.114821695793106
ENSG00000287116	-0.0171192092262626
ENSG00000196071	-0.061386172824143
ENSG00000171161	-0.00768354489475168
ENSG00000185220	0.0516373626257965
ENSG00000143727	-0.0339939934271055
ENSG00000225234	-0.121947944007831
ENSG00000182551	0.104673249199765
ENSG00000287126	0.00620847016513561
ENSG00000236106	-0.00733830331165246
ENSG00000232044	0.0843039478222575
ENSG00000134326	0.102599031285822
ENSG00000134321	0.179596843554092
ENSG00000235092	0.0238910687168974
ENSG00000115738	0.0149881190119007
ENSG00000134308	-0.0499527393525797
ENSG00000115750	-0.0339146623889727
ENSG00000269973	0.0863408031535207
ENSG00000115758	-0.0401498145144764
ENSG00000257135	-0.0198225546397024
ENSG00000115761	-0.0146530637385586
ENSG00000243819	0.137554697005032
ENSG00000272275	-0.23850190555172
ENSG00000143870	-0.110294686789086
ENSG00000162976	0.043851915424727
ENSG00000169016	-0.0119828128860876
ENSG00000151779	-0.0419237544042082
ENSG00000079785	-0.119046448095508
ENSG00000163032	-0.143762900762542
ENSG00000163029	-0.013221060481249
ENSG00000183891	-0.18601363146016
ENSG00000227210	-0.0192983086295659
ENSG00000068697	-0.0662961428711741
ENSG00000055917	-0.0612620505158822
ENSG00000143878	0.0205213175710456
ENSG00000269976	-0.011199652351553
ENSG00000118961	-0.0244403099870904
ENSG00000163026	-0.0920072387750218
ENSG00000186453	-0.00663311336977722
ENSG00000198399	-0.0769138919764965
ENSG00000184924	0.103449584544665
ENSG00000138031	-0.0472425442238361
ENSG00000235072	-0.00655237802163917
ENSG00000217643	-0.106544626226405
ENSG00000084731	-0.163242379687001
ENSG00000084733	-0.08905126954863
ENSG00000084754	0.00659840589881652
ENSG00000138029	0.00592389283798457
ENSG00000286707	-0.0107671593509615
ENSG00000119777	0.0386211662616788
ENSG00000084693	0.0215763839799436
ENSG00000272056	0.0914811953514778
ENSG00000272148	0.227193737137221
ENSG00000228474	0.00289424188652334
ENSG00000138030	-0.0470566780005703
ENSG00000143994	0.148989284000354
ENSG00000138085	-0.055533711356203
ENSG00000115211	0.0464752810717641
ENSG00000115241	-0.0604196857318894
ENSG00000115226	-0.11252873272932
ENSG00000198522	-0.0761616402607975
ENSG00000163798	-0.0527324044229186
ENSG00000171174	-0.0397540046396827
ENSG00000075426	-0.0381543716372526
ENSG00000270640	0.0285269592861871
ENSG00000213639	-0.145944685609454
ENSG00000171103	-0.0117380580264902
ENSG00000163811	-0.0139228002627817
ENSG00000271228	0.0308450696009237
ENSG00000152683	-0.0347825711612919
ENSG00000276517	-0.105179072373068
ENSG00000008869	-0.0573644697792451
ENSG00000152133	-0.0399160332795621
ENSG00000055332	0.0242449335693509
ENSG00000115816	-0.0591987575864751
ENSG00000115825	-0.0461027974110883
ENSG00000163171	-0.0617621843825033
ENSG00000138061	-0.144181345443514
ENSG00000119787	-0.00740832914051223
ENSG00000213553	0.264922878135166
ENSG00000143889	-0.117513529905258
ENSG00000115904	-0.0240415066954529
ENSG00000143924	0.0282498629601937
ENSG00000057935	-0.0567278371730431
ENSG00000162881	-0.00183165106805251
ENSG00000226491	0.097857981391005
ENSG00000138095	-0.0662711541310917
ENSG00000231156	-0.132994753397148
ENSG00000286519	-0.0818017665601038
ENSG00000250565	-0.00936748529183161
ENSG00000151665	-0.0806641431645678
ENSG00000279254	0.298309882988646
ENSG00000171150	-0.0760755371380031
ENSG00000068724	0.0292184414654201
ENSG00000138081	-0.0714198442010114
ENSG00000272663	0.0613035596964152
ENSG00000162869	-0.0679080893743159
ENSG00000243244	-0.0820635081780107
ENSG00000115239	-0.0297672135260751
ENSG00000068878	-0.0665461635904467
ENSG00000233266	0.0308756726147699
ENSG00000237887	0.451871955521487
ENSG00000162997	0.0839679723871284
ENSG00000275052	-0.1080186288362
ENSG00000115421	-0.0524085781501088
ENSG00000162924	0.0228668653081874
ENSG00000162927	-0.025792838735342
ENSG00000162928	-0.101473336522701
ENSG00000212978	-0.0434599629507877
ENSG00000237651	-0.124972391276022
ENSG00000270820	-0.0177279650490333
ENSG00000082898	-0.0684254385723291
ENSG00000230702	-0.0921357277876044
ENSG00000115484	-0.160905074097648
ENSG00000115504	-0.0481049288980389
ENSG00000143952	0.0187971391203986
ENSG00000197329	-0.0683423633938041
ENSG00000225889	0.0433231106258508
ENSG00000119844	-0.0871063833654878
ENSG00000138071	-0.146829069521024
ENSG00000115946	-0.0856060932788835
ENSG00000115956	0.00547184856032999
ENSG00000204923	0.0300075370865773
ENSG00000169604	-0.0606448893884014
ENSG00000288869	-0.000320564298644218
ENSG00000059728	-0.119252417586542
ENSG00000169564	-0.0416204600469116
ENSG00000115998	-0.0256063479757253
ENSG00000144031	-0.162236872848912
ENSG00000124383	-0.0185958750964702
ENSG00000281195	-0.0850651494419399
ENSG00000116096	-0.0180422470317051
ENSG00000135631	-0.0234703987621605
ENSG00000135624	-0.066783633286747
ENSG00000135625	-0.349630512647996
ENSG00000230002	-0.0576349714367961
ENSG00000163016	0.0145043642195755
ENSG00000217702	-0.00119945777850295
ENSG00000114978	-0.0403864182234693
ENSG00000065911	-0.135008651000187
ENSG00000204843	0.0262965414853959
ENSG00000284308	-0.154372093362503
ENSG00000239779	0.0395524381371884
ENSG00000257702	0.235208992454808
ENSG00000115297	-0.0156936121661906
ENSG00000115317	0.0174798165303386
ENSG00000272711	0.0945304496467855
ENSG00000159399	0.0185780807092333
ENSG00000005436	-0.0123393157184995
ENSG00000259056	-0.159783335582927
ENSG00000246575	-0.0552308854036324
ENSG00000270532	0.188447718706122
ENSG00000042445	0.167565994332662
ENSG00000152292	-0.00614958497586928
ENSG00000244399	0.0545293378730161
ENSG00000286532	-0.00511604289978569
ENSG00000118640	0.0729397778333054
ENSG00000168899	0.0345692498032553
ENSG00000168894	0.044625995794403
ENSG00000168878	-0.10757767436391
ENSG00000168874	0.0691589756673917
ENSG00000115525	-0.0487580019488277
ENSG00000272564	0.133713204246436
ENSG00000287670	-0.030928493498288
ENSG00000144115	0.284938987126416
ENSG00000234028	0.0900776059071954
ENSG00000153574	-0.025221046812564
ENSG00000211592	0.246069775217441
ENSG00000239951	-0.106017870147926
ENSG00000261600	-0.304395003095531
ENSG00000286156	-0.0470849531700742
ENSG00000163060	-0.442712297220363
ENSG00000233850	0.00185052769579629
ENSG00000144029	0.043401380525816
ENSG00000275111	-0.0642763338935035
ENSG00000115042	0.0601072095281315
ENSG00000272913	-0.0322573863368936
ENSG00000186281	0.0127178363235505
ENSG00000274286	-0.01682823131392
ENSG00000158050	0.0580489854715172
ENSG00000196843	-0.11235859487113
ENSG00000114988	-0.110124895287226
ENSG00000273265	0.0182482546143779
ENSG00000289135	0.15951687189505
ENSG00000163126	0.0288327042613576
ENSG00000144199	0.0917220824390589
ENSG00000115073	-0.018400077084555
ENSG00000183513	0.049300020549515
ENSG00000071073	-0.083876791661455
ENSG00000226791	-0.0812627044640171
ENSG00000204634	-0.0324520899556901
ENSG00000163162	-0.103325465210438
ENSG00000212283	0.0848982537675776
ENSG00000175874	-0.103911117229771
ENSG00000281162	-0.143148033268218
ENSG00000115594	0.0462994781362634
ENSG00000115602	-0.398793500419732
ENSG00000115604	-0.0656775518400774
ENSG00000135972	-0.000684360710218292
ENSG00000226508	0.00494124258191582
ENSG00000272861	-0.0798045848503714
ENSG00000135966	0.00159479983942611
ENSG00000135974	-0.0517982808794286
ENSG00000198075	0.0585147253972167
ENSG00000169756	0.0095242557251025
ENSG00000153201	-0.0773570196437739
ENSG00000259863	-0.258668274691743
ENSG00000198142	-0.173369100529653
ENSG00000204588	0.0972748497503504
ENSG00000153208	0.00794906851424282
ENSG00000243389	0.210693981140247
ENSG00000228251	-0.0407300067468693
ENSG00000237753	0.0402158168819415
ENSG00000125538	-0.388682407828464
ENSG00000125618	0.0215547227962603
ENSG00000115084	-0.0452546330740452
ENSG00000270019	0.0342346421867115
ENSG00000115091	-0.081870540606673
ENSG00000088205	-0.0664034346749524
ENSG00000115107	-0.154093067504216
ENSG00000227788	0.0982888107269534
ENSG00000144118	-0.0189217419081297
ENSG00000265451	0.0365271024653378
ENSG00000155438	-0.095914320448964
ENSG00000228400	-0.0287081597897166
ENSG00000163161	0.0178335285983379
ENSG00000169967	-0.0924211924956553
ENSG00000236682	0.16178103154269
ENSG00000272789	0.597897656058425
ENSG00000144230	0.218564701427351
ENSG00000136709	0.00434667134705548
ENSG00000144233	-0.0411980236628145
ENSG00000286873	0.161857707045533
ENSG00000136715	-0.040573147693242
ENSG00000136731	-0.0248089114925594
ENSG00000136710	-0.00203007501297018
ENSG00000136718	0.0369864075823863
ENSG00000072135	0.168362660911727
ENSG00000232503	0.0405127611412735
ENSG00000233221	-0.0724502853857203
ENSG00000136002	0.0628082330465302
ENSG00000224425	-0.0236380681274287
ENSG00000075886	-0.00617114025428069
ENSG00000287151	-0.0722651313530311
ENSG00000197927	-0.0373129755176671
ENSG00000287071	0.0739661999267172
ENSG00000287414	-0.0106003775860812
ENSG00000230992	0.0293202717052828
ENSG00000152128	-0.149942567052364
ENSG00000115839	-0.051728451240143
ENSG00000076003	-0.0437561284905852
ENSG00000115866	-0.0808415833677274
ENSG00000121966	0.21612280335316
ENSG00000150540	-0.0834982302729701
ENSG00000135999	-0.0575284922467744
ENSG00000168288	-0.0979418558258991
ENSG00000184898	-0.0434098704010156
ENSG00000123609	0.0216081071505939
ENSG00000162980	-0.113485656283773
ENSG00000115145	-0.102136925580856
ENSG00000157827	0.0408606588369057
ENSG00000286207	-0.0886788105798286
ENSG00000196504	-0.0328036491999493
ENSG00000177917	-0.136488337509452
ENSG00000230251	-0.0135028495820957
ENSG00000153234	0.111602139120498
ENSG00000271320	-0.027227088446396
ENSG00000289488	-0.056765692121994
ENSG00000224152	-0.0566293734460789
ENSG00000136536	-0.12925659350653
ENSG00000153250	-0.00568500418256488
ENSG00000136560	-0.109874561424375
ENSG00000232320	0.0537709765238356
ENSG00000115267	-0.0293329167975542
ENSG00000182263	-0.112519128488698
ENSG00000163072	0.135924473520694
ENSG00000163093	-0.0921947900253985
ENSG00000138399	0.0130213297230906
ENSG00000213160	-0.00541490032757213
ENSG00000128692	0.0245083837343899
ENSG00000071967	-0.03048472068024
ENSG00000128708	-0.0856438841340425
ENSG00000172878	0.00594838761753565
ENSG00000288048	0.124305766003141
ENSG00000152256	0.0226004710584747
ENSG00000144354	0.0159735158990934
ENSG00000172845	-0.102152284975025
ENSG00000271151	0.0745663439765865
ENSG00000138430	-0.085631254735084
ENSG00000138433	0.00208178702467442
ENSG00000226853	0.0204408539329248
ENSG00000115966	-0.107663410145381
ENSG00000218175	0.280323282778463
ENSG00000155636	0.0297240719322982
ENSG00000223960	0.0234494024224794
ENSG00000180228	-0.0552622775099361
ENSG00000204311	0.0708697366470008
ENSG00000238082	-0.0640710194484732
ENSG00000116095	-0.126611517995668
ENSG00000061676	-0.144290125963625
ENSG00000162999	-0.0414199032254907
ENSG00000177855	-0.18521138847048
ENSG00000064989	-0.0737544575388041
ENSG00000138449	0.116225464414111
ENSG00000151689	-0.0161471999917953
ENSG00000189362	-0.0108427364502665
ENSG00000115415	0.0384845458923439
ENSG00000173559	-0.0205143585400899
ENSG00000168497	0.369203570656228
ENSG00000144339	-0.0465177715367922
ENSG00000081320	-0.0445476731795066
ENSG00000119041	-0.0575765618801641
ENSG00000144381	-0.257041228422566
ENSG00000115541	-0.140419261193488
ENSG00000162944	0.0197471211733619
ENSG00000155729	-0.0228428996840072
ENSG00000082153	-0.099184029855474
ENSG00000013441	0.181583568359641
ENSG00000196290	-0.0379004452870936
ENSG00000116030	-0.0979258847054239
ENSG00000055044	-0.0342738701020229
ENSG00000272966	0.438725647224439
ENSG00000242696	0.132717422779601
ENSG00000273456	0.078977926849516
ENSG00000227946	-0.0605794324361402
ENSG00000204186	-0.225185481867314
ENSG00000118246	-0.0103408635225712
ENSG00000225916	-0.0240004601997316
ENSG00000118260	-0.0342411884495405
ENSG00000163249	0.0103677950744001
ENSG00000178385	-0.0508053939389738
ENSG00000138413	-0.114625290197643
ENSG00000115020	-0.13856739475755
ENSG00000197713	-0.0309470961845601
ENSG00000144445	-0.0200804024616804
ENSG00000272807	0.0660900192802026
ENSG00000115361	-0.0531750773181727
ENSG00000230076	0.188024691105751
ENSG00000230695	0.143805292239797
ENSG00000138375	-0.00195314619757365
ENSG00000163466	-0.0386008362455179
ENSG00000127837	-0.0029042353474389
ENSG00000127838	0.0319044447374276
ENSG00000135926	-0.0588772425547586
ENSG00000158428	-0.306718572994573
ENSG00000018280	-0.179058073861058
ENSG00000115556	-0.0174461033080361
ENSG00000163481	-0.0281744705940316
ENSG00000135912	0.0479729712818638
ENSG00000144567	-0.0967617892431109
ENSG00000158552	0.0223986045416118
ENSG00000198925	-0.0509131935303711
ENSG00000175084	0.353482934051789
ENSG00000072182	0.0890514155383155
ENSG00000124006	0.120213778594183
ENSG00000123999	0.273236775150883
ENSG00000163082	-0.0925883868170636
ENSG00000235225	-0.230968058434127
ENSG00000123983	-0.0767880159793082
ENSG00000036257	-0.0686573029904985
ENSG00000273301	-0.00851150577616088
ENSG00000168958	-0.0492170372317814
ENSG00000115009	0.031961026750785
ENSG00000153820	-0.0515622034795367
ENSG00000153827	-0.0314587027097518
ENSG00000135899	0.0487763909279882
ENSG00000067066	0.042846663761815
ENSG00000243650	-0.097153482848341
ENSG00000135932	-0.0695461126501048
ENSG00000204128	0.2171083568183
ENSG00000261829	0.0517136378839039
ENSG00000135931	-0.0307009108373126
ENSG00000283312	0.255509220265609
ENSG00000221944	0.0696125345936323
ENSG00000135930	-0.010989846111922
ENSG00000204120	-0.0152084998240964
ENSG00000182600	0.205674594998118
ENSG00000077044	-0.00873203406938467
ENSG00000235529	-0.186081053165057
ENSG00000232893	-0.02817961173673
ENSG00000286864	-0.152056209830028
ENSG00000132323	0.0154153098168213
ENSG00000132326	-0.0209736569497771
ENSG00000068024	0.0139397498290993
ENSG00000287405	-0.153335055036448
ENSG00000222020	-0.0985402051304528
ENSG00000130414	-0.0360817749368866
ENSG00000063660	0.131687781087207
ENSG00000260942	0.0785705198129542
ENSG00000130294	0.0714966820516483
ENSG00000115687	-0.0484509547171193
ENSG00000168385	-0.00087826801009208
ENSG00000006607	-0.0342274859764328
ENSG00000289555	0.106106984506905
ENSG00000273113	0.0383518109698572
ENSG00000180902	0.0609733570020037
ENSG00000072756	-0.0127151228107051
ENSG00000271870	0.0781911482854836
ENSG00000175928	-0.115250699174937
ENSG00000231249	-0.0849968223462342
ENSG00000134109	0.0212258167779801
ENSG00000071282	0.0397582075917782
ENSG00000180914	-0.0833502659551483
ENSG00000196220	-0.0104322539301814
ENSG00000134077	-0.0563103802740668
ENSG00000163719	0.0203586759683064
ENSG00000114026	0.0315548823045791
ENSG00000156990	-0.0145912151230168
ENSG00000171135	-0.0763529316526549
ENSG00000163702	0.0980448058610548
ENSG00000163703	-0.0787406259868267
ENSG00000134070	-0.130264739354389
ENSG00000157017	0.0641241332392497
ENSG00000157020	-0.0237639470385579
ENSG00000157087	-0.0399942852600534
ENSG00000132164	0.237718696769985
ENSG00000157152	-0.0467148473556582
ENSG00000157150	-0.033327067761982
ENSG00000075975	-0.0455248477354197
ENSG00000144712	-0.0270536517794724
ENSG00000144711	-0.0303131792616571
ENSG00000233121	-0.0895540415618208
ENSG00000287059	0.095119285982869
ENSG00000163528	0.0306457922653077
ENSG00000170876	-0.0723275068962128
ENSG00000131389	0.196267457198447
ENSG00000144596	0.135495490795719
ENSG00000225733	-0.0188746374760609
ENSG00000131368	0.112751453116685
ENSG00000131370	0.0200554907941916
ENSG00000144597	-0.0569791247395993
ENSG00000131373	-0.0521320308819081
ENSG00000154813	-0.0114101440611342
ENSG00000131374	-0.021606594468641
ENSG00000183960	-0.0434950460421775
ENSG00000289138	0.0161377829406998
ENSG00000174748	0.0277710899502557
ENSG00000213871	0.0487584638285731
ENSG00000225386	0.0865387714777256
ENSG00000033867	-0.0407743854774725
ENSG00000163512	-0.0660049410054591
ENSG00000261468	0.00641110403751941
ENSG00000261572	-0.0136798673594274
ENSG00000153551	0.0128729554283906
ENSG00000091317	-0.0279897773135954
ENSG00000231552	-0.0342445357926951
ENSG00000153560	-0.0152725916688467
ENSG00000163539	-0.0939443064636672
ENSG00000271643	-0.134971542989227
ENSG00000281100	0.16230259168348
ENSG00000168016	0.075327285600846
ENSG00000093167	-0.0245812571041544
ENSG00000224080	-0.0265194983292838
ENSG00000271993	-0.024092420625921
ENSG00000271653	0.0790746610351962
ENSG00000270194	0.113919748519603
ENSG00000144674	-0.0833912943669257
ENSG00000144677	-0.00264610705835311
ENSG00000136059	0.0767153842406102
ENSG00000187091	0.00423851109056059
ENSG00000060971	0.0413851713819118
ENSG00000172936	0.0882809000327071
ENSG00000114739	-0.0216825427018841
ENSG00000157036	0.023105833430654
ENSG00000114742	-0.0538965472426962
ENSG00000114745	0.0850050659350514
ENSG00000144655	-0.029136093036071
ENSG00000283849	-0.0275898184459486
ENSG00000168334	0.283425679201061
ENSG00000168329	0.152699958765788
ENSG00000177873	-0.048243917648852
ENSG00000281160	-0.159749346597599
ENSG00000093183	-0.028060134200678
ENSG00000230084	0.0160927817857645
ENSG00000240747	-0.188092052279316
ENSG00000182983	0.0840859761249875
ENSG00000144649	-0.0296077139776747
ENSG00000234617	0.0256524260834713
ENSG00000179152	-0.0248911722599918
ENSG00000196345	0.00744927892521476
ENSG00000186448	-0.0169481474040175
ENSG00000272077	0.023573807395239
ENSG00000169964	0.00817251666937351
ENSG00000163812	0.0115490643510096
ENSG00000011376	-0.00462173638900055
ENSG00000163818	-0.138988018683613
ENSG00000163823	-0.197302539729155
ENSG00000160791	-0.210320779184151
ENSG00000160799	-0.0274749460678255
ENSG00000236409	0.0320130457362487
ENSG00000114648	-0.0620668197616323
ENSG00000260236	0.281667158205395
ENSG00000114650	0.00295965820542896
ENSG00000163832	-0.00638680969771226
ENSG00000114646	-0.0754873787606095
ENSG00000132153	-0.0435346034596313
ENSG00000164047	0.0746347971018415
ENSG00000164048	0.0568665553287764
ENSG00000199476	0.144162679639133
ENSG00000172113	0.0125643752467445
ENSG00000289043	0.23986295912153
ENSG00000164051	0.01962034398649
ENSG00000164053	0.0147771338820034
ENSG00000010256	-0.00903752058424618
ENSG00000224424	0.0764665594350316
ENSG00000221883	0.00763192330419978
ENSG00000235236	-0.101036464870415
ENSG00000178467	-0.0605363142697803
ENSG00000178149	-0.106008184222391
ENSG00000272434	-0.259710674016019
ENSG00000172053	0.0739096799095458
ENSG00000172046	0.0238913318836091
ENSG00000145029	0.0210108880444093
ENSG00000173402	0.0108244553171523
ENSG00000164068	-0.0339349622929987
ENSG00000185614	-0.00846132263986903
ENSG00000164077	-0.00455994477430262
ENSG00000001617	0.00768923847784463
ENSG00000243477	0.0570627475785332
ENSG00000068001	0.243352051733193
ENSG00000004838	-0.553427549889108
ENSG00000114395	0.0378308052689999
ENSG00000088543	0.000244579198123959
ENSG00000088538	-0.0585775308854426
ENSG00000145050	-0.237241981348161
ENSG00000145041	0.00880663350970542
ENSG00000164080	0.00424795402984402
ENSG00000114767	0.0663299785087355
ENSG00000114779	0.230521745919766
ENSG00000243989	0.0957356878504947
ENSG00000023330	-0.0375773604563919
ENSG00000239732	-0.0494389626466703
ENSG00000164088	0.0337308835407345
ENSG00000010327	0.052078493172623
ENSG00000163938	-0.0745966354578187
ENSG00000114904	-0.104920930928985
ENSG00000275956	-0.0477674801779462
ENSG00000272573	0.433305631223129
ENSG00000289519	0.0421390345155784
ENSG00000242142	0.908346100444008
ENSG00000272886	-0.0346857042647089
ENSG00000271976	0.0550353160025032
ENSG00000229806	0.325563218709384
ENSG00000144730	-0.0647241935769118
ENSG00000157500	-0.0530304628209206
ENSG00000174840	-0.0847130614739287
ENSG00000168374	-0.17842568450268
ENSG00000163681	-0.0673730717773304
ENSG00000168301	-0.0569874257107763
ENSG00000168306	0.119487420250282
ENSG00000163638	-0.0567929542274279
ENSG00000241158	-0.0279516404813862
ENSG00000163376	-0.0927507646425779
ENSG00000172340	-0.00745181689754845
ENSG00000241506	0.118995072890419
ENSG00000163378	0.0240392245805405
ENSG00000144747	-0.153244320473302
ENSG00000144746	-0.158739559067807
ENSG00000163602	-0.0861878122563749
ENSG00000163605	-0.117516952155579
ENSG00000206538	0.00735599167398342
ENSG00000163320	-0.0708608258367092
ENSG00000175105	-0.0498789119050088
ENSG00000179021	-0.0932768875916214
ENSG00000169379	-0.0441607594019086
ENSG00000170854	-0.0363854319689706
ENSG00000286602	-0.187470899847085
ENSG00000206535	-0.0601099394767288
ENSG00000170017	-0.0161183033456747
ENSG00000288848	-0.0266791567456786
ENSG00000243701	0.0243807717939029
ENSG00000241218	0.195127486558167
ENSG00000272597	-0.0742542570619272
ENSG00000163608	-0.000203969212726303
ENSG00000288079	-0.0916892566431571
ENSG00000072858	0.0594691931116784
ENSG00000121579	-0.0980266476199491
ENSG00000184307	-0.0154995985638966
ENSG00000163617	-0.0462821332412783
ENSG00000151576	0.011221442497683
ENSG00000198406	-0.147137529436738
ENSG00000243014	0.103225184005386
ENSG00000121578	-0.00495605603667558
ENSG00000176142	-0.0209858447212559
ENSG00000163389	-0.00287055145886749
ENSG00000113845	0.100495394458081
ENSG00000144837	0.103860335583569
ENSG00000180353	0.0478546687187986
ENSG00000114013	0.0134689029722576
ENSG00000114030	-0.0436332551789314
ENSG00000138496	0.103187607139561
ENSG00000163840	0.0833012507354839
ENSG00000173193	0.111405530107701
ENSG00000169087	0.00766591737627163
ENSG00000114491	-0.0105072028298556
ENSG00000163848	-0.0887460297160736
ENSG00000229048	-0.0707757638928066
ENSG00000241439	-0.136284976776411
ENSG00000114544	-0.0533936471955295
ENSG00000144908	0.0171712940506167
ENSG00000287232	-0.0691084985119857
ENSG00000163884	0.0206088680639072
ENSG00000070476	0.0815844655525014
ENSG00000285600	0.00788978509510499
ENSG00000058262	-0.0730313494464337
ENSG00000244300	0.00646413701557681
ENSG00000172780	-0.0326479508671905
ENSG00000288996	0.0771993902301702
ENSG00000273437	-0.0240393600322232
ENSG00000169714	-0.0078141543802662
ENSG00000183624	-0.0434187939993208
ENSG00000184897	-0.0464705413614558
ENSG00000163913	-0.0234175607750544
ENSG00000172765	-0.0476675147021978
ENSG00000203644	0.0382454183727147
ENSG00000271270	-0.0165293898237107
ENSG00000017260	-0.0915927679881226
ENSG00000034533	0.00464475234356366
ENSG00000114686	-0.0757395722962505
ENSG00000138246	-0.0197113869025431
ENSG00000091527	0.0488924520313148
ENSG00000163781	-0.0527836380940845
ENSG00000182923	0.00417849959543546
ENSG00000174611	0.00334847258877554
ENSG00000174579	-0.0814412007856829
ENSG00000241438	-0.137263753936067
ENSG00000114054	-0.0776431636135219
ENSG00000273486	0.190829278074482
ENSG00000158092	-0.0715528618312415
ENSG00000114098	-0.0721408322693294
ENSG00000158234	0.034041293345762
ENSG00000051382	-0.064378386983659
ENSG00000114126	0.00848902739374394
ENSG00000233597	0.677500186604251
ENSG00000114127	-0.073277245144563
ENSG00000175054	-0.0255921013976689
ENSG00000175040	-0.0765030852344852
ENSG00000243759	-0.0030486109729851
ENSG00000114698	-0.0893090178246989
ENSG00000279320	-0.109826655193452
ENSG00000188313	-0.0295819484792081
ENSG00000163755	-0.0233942551696287
ENSG00000047457	0.117212550572053
ENSG00000169908	0.00836029022925795
ENSG00000018408	-0.0544213025966334
ENSG00000241313	-0.139293060567834
ENSG00000243321	-0.00140862415943148
ENSG00000120742	-0.100260271988739
ENSG00000181788	-0.0875118856270902
ENSG00000169313	0.0498929931525806
ENSG00000287706	-0.00203093819952828
ENSG00000174953	-0.043731033008651
ENSG00000169359	-0.110624125474217
ENSG00000286585	-0.0964208643746735
ENSG00000272990	0.135180556238328
ENSG00000114850	-0.00974603515480852
ENSG00000163659	0.0685094715379059
ENSG00000240875	-0.0324702996140403
ENSG00000168827	-0.0508362294652626
ENSG00000240207	-0.0235311336376419
ENSG00000151967	-0.0467236684874247
ENSG00000260572	0.0889070586534571
ENSG00000196542	-0.0936931145537997
ENSG00000114209	-0.112842108574503
ENSG00000163536	-0.113725020136022
ENSG00000173905	-0.0506447518989261
ENSG00000184378	-0.213418329719976
ENSG00000171757	-0.094183605016603
ENSG00000270096	-0.217144569450005
ENSG00000163558	-0.0950536426292845
ENSG00000136603	-0.11265592845592
ENSG00000213174	-0.0639917105677579
ENSG00000244738	-0.0325397969467661
ENSG00000163584	-0.0272162286858433
ENSG00000114346	-0.0865391534876665
ENSG00000227440	-0.0745552112695127
ENSG00000177565	-0.0709957616595691
ENSG00000121879	-0.0894222561056466
ENSG00000114450	-0.0163205532659706
ENSG00000243977	-0.0135501848637551
ENSG00000114416	-0.0335530182187203
ENSG00000078070	-0.0396144115248246
ENSG00000172578	0.0455928766022174
ENSG00000163872	0.0158858818355653
ENSG00000175193	0.000597367383373485
ENSG00000114770	0.050019443331374
ENSG00000223529	0.00979823499489648
ENSG00000273181	-0.264844024855289
ENSG00000161202	0.0222865607337299
ENSG00000175182	-0.142606425089185
ENSG00000114859	0.123159376684012
ENSG00000163882	0.0372556441846287
ENSG00000273403	0.0409686774834073
ENSG00000163904	-0.0317780994930141
ENSG00000136527	-0.00680463696533174
ENSG00000244405	-0.159750266861524
ENSG00000213139	0.137209825807547
ENSG00000090520	-0.15072508451779
ENSG00000156976	-0.0617276630162962
ENSG00000232233	0.0856595526618593
ENSG00000136514	0.164817035650464
ENSG00000113916	-0.0945412920887091
ENSG00000270959	-0.0545656185437034
ENSG00000127249	0.0235681535028722
ENSG00000114315	-0.0227811610919872
ENSG00000133657	-0.0655085754113482
ENSG00000231770	0.100927785475335
ENSG00000185112	0.171110643210932
ENSG00000283426	-0.0381577996614496
ENSG00000061938	0.13141111481899
ENSG00000161217	-0.0105508559276384
ENSG00000163961	-0.119064691427388
ENSG00000174004	0.0223753590072259
ENSG00000174007	-0.213841159694923
ENSG00000180370	-0.0259486450174915
ENSG00000114503	-0.00856609201339384
ENSG00000270170	-0.0244068507426258
ENSG00000272989	0.36834595568814
ENSG00000161267	0.00938926915566883
ENSG00000122068	-0.0748905207051463
ENSG00000234742	-0.0886168298237649
ENSG00000275426	-0.0267755578222711
ENSG00000251188	0.0809969515129026
ENSG00000251535	-0.11743508286315
ENSG00000131127	-0.0147122158195461
ENSG00000272885	0.327830536961334
ENSG00000251595	0.0278083291556944
ENSG00000215375	0.165408355635318
ENSG00000249592	0.031193922663532
ENSG00000178950	0.0777690030717446
ENSG00000127419	0.13493266750983
ENSG00000127415	0.118950702493581
ENSG00000272783	0.0839486739337411
ENSG00000168936	0.0922517547004813
ENSG00000068078	0.147457417948245
ENSG00000185818	0.0359798423142262
ENSG00000123933	0.0145967246271342
ENSG00000159733	0.0353712222234308
ENSG00000063978	-0.0295343204407917
ENSG00000125386	0.0175500479266885
ENSG00000168884	0.0758388334668222
ENSG00000249673	0.0482599645041232
ENSG00000087269	0.0607793095349707
ENSG00000125388	0.0739746129839821
ENSG00000197386	-0.0684000622427622
ENSG00000109758	-0.0267350163636311
ENSG00000286900	-0.0635847382261292
ENSG00000145220	0.0285596649157727
ENSG00000168826	-0.0098543997428634
ENSG00000163132	-0.130540499671271
ENSG00000013288	-0.0144910619650087
ENSG00000179010	-0.0038501259484565
ENSG00000163993	-0.0727440992251131
ENSG00000173013	-0.301304935860301
ENSG00000109519	-0.0560958430659476
ENSG00000125089	0.105563781365689
ENSG00000251615	0.116468249575473
ENSG00000087008	-0.0228411550577087
ENSG00000071127	-0.0030589667714562
ENSG00000157869	-0.0564940039297861
ENSG00000137449	-0.180496395059869
ENSG00000048342	-0.0525647062393943
ENSG00000118564	-0.0806635922603202
ENSG00000237765	0.0441075746993963
ENSG00000004468	0.0920944278240681
ENSG00000002549	-0.0427253079214185
ENSG00000163257	0.050748840855588
ENSG00000145147	-0.0290960125394169
ENSG00000163138	-0.0756733604041586
ENSG00000109606	-0.0511685402376829
ENSG00000109610	0.103253979134348
ENSG00000181982	0.00961674790155011
ENSG00000153012	0.0404972327464739
ENSG00000038210	-0.0182099184676849
ENSG00000109689	-0.039607338676108
ENSG00000251410	0.818572225213189
ENSG00000169851	-0.0366684599769858
ENSG00000181826	-0.0329259934189699
ENSG00000169299	-0.0631551527548587
ENSG00000279386	0.0447729653069199
ENSG00000174123	-0.0883054534520047
ENSG00000174125	-0.0992031146615088
ENSG00000109790	0.0110968161261417
ENSG00000121897	0.0085995798994338
ENSG00000224097	0.0807434435381793
ENSG00000109814	-0.140535943073002
ENSG00000287262	0.0335393167704856
ENSG00000255458	-0.00155175446489692
ENSG00000121892	-0.0588917215054745
ENSG00000078177	-0.118829200792822
ENSG00000182308	-0.202549006586071
ENSG00000272862	-0.243626428949027
ENSG00000178343	0.279583814083878
ENSG00000248283	-0.191100298471878
ENSG00000169019	-0.214374541353295
ENSG00000188993	-0.00458907385327439
ENSG00000109189	0.000882595978886949
ENSG00000248866	0.0882037562091632
ENSG00000226950	-0.0066188476964752
ENSG00000145216	-0.0205329555983945
ENSG00000109220	-0.0521199248121292
ENSG00000248184	-0.0527345927885867
ENSG00000273257	0.0241927459370142
ENSG00000157426	-0.0554385979087525
ENSG00000171476	-0.173116679927996
ENSG00000288944	-0.155892099537769
ENSG00000084092	0.0083331614866434
ENSG00000047315	-0.102872618141367
ENSG00000245067	-0.0823963096551254
ENSG00000033178	-0.0708230384075361
ENSG00000162840	0.204446898869647
ENSG00000173597	0.0630022425821846
ENSG00000109205	0.074778959457931
ENSG00000132467	-0.107645173866784
ENSG00000272986	-0.0402671011536742
ENSG00000173542	-0.115526310004695
ENSG00000156136	-0.111683617084882
ENSG00000169429	-0.279070893057644
ENSG00000163739	-0.171567116755544
ENSG00000163737	0.0368535026058342
ENSG00000138768	-0.063472488453763
ENSG00000198301	-0.0586929003701648
ENSG00000138755	-0.126699974054161
ENSG00000169245	-0.643054150799598
ENSG00000169248	-0.479339940792499
ENSG00000138750	-0.0187060195534659
ENSG00000186212	-0.114002933264944
ENSG00000138758	-0.110135945777137
ENSG00000169288	-0.0506506737143955
ENSG00000239793	-0.0396229218056682
ENSG00000163291	-0.180348727097091
ENSG00000289480	0.031258899959768
ENSG00000272677	-0.0401030104483247
ENSG00000270480	0.124970559006193
ENSG00000251022	0.0563703765301747
ENSG00000189308	-0.103686524193203
ENSG00000173083	-0.019826601290565
ENSG00000163319	0.0194025477247993
ENSG00000180769	0.000103525755225273
ENSG00000251411	0.113100358802189
ENSG00000145332	-0.0890369532946281
ENSG00000198189	-0.0768900393253858
ENSG00000170502	-0.0671276500083127
ENSG00000272856	0.0246226843884714
ENSG00000152583	-0.142598471056742
ENSG00000183199	0.101635975533551
ENSG00000118785	-0.08676333797562
ENSG00000246375	-0.0085147659337802
ENSG00000138642	0.163176122606282
ENSG00000249755	-0.061698868910851
ENSG00000138641	-0.0782572460402386
ENSG00000271474	0.11455722790201
ENSG00000138698	0.00617557385324697
ENSG00000164024	-0.00844213598191963
ENSG00000197894	-0.0646149741375307
ENSG00000164032	-0.193389601193179
ENSG00000145358	-0.0159241101481445
ENSG00000109320	-0.0144621251543971
ENSG00000109332	-0.0980382106374758
ENSG00000246560	-0.0678641627929833
ENSG00000168772	-0.101490285602901
ENSG00000251259	0.129602495088656
ENSG00000168769	-0.0151256315239463
ENSG00000145348	-0.0039571808019462
ENSG00000164023	-0.0514099485264828
ENSG00000155016	-0.038870533887179
ENSG00000198856	-0.103460043630633
ENSG00000164089	-0.0299161077375753
ENSG00000138794	0.0117458095831623
ENSG00000205403	0.102366595173729
ENSG00000109534	-0.0447137038863763
ENSG00000174749	-0.0989695402672841
ENSG00000138660	-0.180981976207092
ENSG00000145365	-0.2080440990238
ENSG00000145362	-0.108181889890346
ENSG00000250215	0.0963176954861966
ENSG00000174599	-0.0964475078308497
ENSG00000248213	0.025129518832978
ENSG00000150961	-0.0891260315518827
ENSG00000145390	-0.0177489409703014
ENSG00000164111	0.0366962945166929
ENSG00000123737	0.00891301348327913
ENSG00000145386	-0.0804846451912195
ENSG00000181004	-0.0500384697783125
ENSG00000273007	0.0661157007314588
ENSG00000164056	0.0844698654216094
ENSG00000164073	-0.0544582761762956
ENSG00000138709	-0.0428368171363514
ENSG00000250241	-0.00605592245974948
ENSG00000151012	-0.123896347796166
ENSG00000164134	-0.0745993980974558
ENSG00000172007	-0.19718227950641
ENSG00000179387	-0.114526458053316
ENSG00000170185	-0.076915706926412
ENSG00000289314	0.148432941760424
ENSG00000164163	-0.0594330306085665
ENSG00000164164	-0.0778842648155426
ENSG00000151611	-0.0462693939937543
ENSG00000279845	0.211127029221945
ENSG00000270681	0.0136666453422383
ENSG00000164144	-0.0312729275228253
ENSG00000287642	0.102184873758468
ENSG00000137460	-0.0354490297129124
ENSG00000109654	-0.139031169262219
ENSG00000248208	-0.0484005898527363
ENSG00000137462	-0.00118306978591326
ENSG00000145423	-0.22169843896159
ENSG00000171566	-0.0010870010072159
ENSG00000256043	-0.0212228014231861
ENSG00000109738	-0.147600935622947
ENSG00000234111	0.033148605022024
ENSG00000164125	-0.0524622860170182
ENSG00000171497	-0.101546808748614
ENSG00000052795	-0.0598266076885779
ENSG00000164128	0.00522895761162546
ENSG00000251596	0.0394141105998868
ENSG00000137628	0.0809290539213258
ENSG00000129116	-0.0662878446410358
ENSG00000137601	-0.0502798997567643
ENSG00000056050	-0.0488180188745546
ENSG00000229204	-0.109442701124454
ENSG00000198948	-0.0231516561009333
ENSG00000164104	-0.0264625689687427
ENSG00000288728	-0.123934519525718
ENSG00000164117	-0.0781664866725694
ENSG00000129128	-0.135643754614422
ENSG00000168564	-0.0802952244163307
ENSG00000272744	0.0579804292050988
ENSG00000182552	-0.0716130149552456
ENSG00000270426	0.0933847871857583
ENSG00000271646	0.0703945456181264
ENSG00000164305	-0.0583620077474564
ENSG00000164306	0.0113297955685746
ENSG00000151729	-0.0782458119839757
ENSG00000164323	-0.0502736195761131
ENSG00000186352	0.185609987533463
ENSG00000168491	-0.0441782704161631
ENSG00000164342	0.0904959123911745
ENSG00000250327	-0.125205269062588
ENSG00000164344	0.0506770827983027
ENSG00000083857	-0.0354076866102895
ENSG00000164366	-0.0260370638534441
ENSG00000073578	0.00970608869081144
ENSG00000248925	0.0079874976352449
ENSG00000180104	0.0807408735954187
ENSG00000171368	-0.0152374595328953
ENSG00000028310	0.0194937031360828
ENSG00000272347	-0.237755559441116
ENSG00000145506	-0.0874091052163163
ENSG00000286388	-0.0108566516032476
ENSG00000188002	0.115195641735696
ENSG00000186493	0.169628595822666
ENSG00000289075	0.0424528638181594
ENSG00000215218	-0.144872479986841
ENSG00000250056	-0.0301664833852265
ENSG00000037474	0.0646364206199811
ENSG00000250668	-0.0124940445798056
ENSG00000215217	-0.247651442443294
ENSG00000124279	-0.0291243392175888
ENSG00000272417	0.173180102605905
ENSG00000150756	-0.0181351431919034
ENSG00000150753	-0.172080949187847
ENSG00000271980	0.0130676342947557
ENSG00000164237	-0.0357585224398407
ENSG00000169862	-0.0274426765049614
ENSG00000154124	-0.0762912028671825
ENSG00000154122	-0.0101217659231507
ENSG00000213430	-0.0325978342793629
ENSG00000113360	0.0222925682698007
ENSG00000214108	0.17597395176576
ENSG00000113384	-0.0906666917839374
ENSG00000272086	-0.118703304976732
ENSG00000056097	-0.10714081719291
ENSG00000249572	-0.0123608994220291
ENSG00000113407	-0.0887210022733399
ENSG00000271874	-0.18564329822996
ENSG00000272323	0.0358512459093493
ENSG00000113460	-0.0156111051701204
ENSG00000168724	0.0133728162119796
ENSG00000279737	-0.721200059192358
ENSG00000152620	-0.125143807712255
ENSG00000145623	0.00329709318443046
ENSG00000082074	-0.0747868291706842
ENSG00000132357	-0.0585257396647783
ENSG00000248668	0.0342089269215762
ENSG00000151876	-0.0483193488334787
ENSG00000172239	-0.0716737288043642
ENSG00000112996	-0.0887922675267906
ENSG00000289056	-0.268571820897277
ENSG00000164172	-0.0489127269786917
ENSG00000272416	0.0945233352342394
ENSG00000178996	0.0868668331084846
ENSG00000067248	-0.103679751906707
ENSG00000227908	-0.0201324268468941
ENSG00000095015	-0.0212018519176006
ENSG00000062194	-0.0524763513192741
ENSG00000145632	0.165221522316675
ENSG00000175857	0.0892346159619202
ENSG00000240412	-0.0218515645781721
ENSG00000164181	0.120059733499627
ENSG00000188725	-0.0646579668936491
ENSG00000068796	-0.0729146078936592
ENSG00000153006	-0.0416772787466198
ENSG00000113597	-0.10062520949247
ENSG00000269961	-0.11346889442029
ENSG00000112851	-0.00160910794312145
ENSG00000134061	-0.0329444744746147
ENSG00000145740	-0.0963537968834521
ENSG00000134057	-0.178585505394775
ENSG00000205571	-0.0331472357197622
ENSG00000172062	-0.0841098398815568
ENSG00000049883	-0.00762254905101765
ENSG00000244061	-0.255178155818814
ENSG00000083312	-0.12796213481481
ENSG00000145741	-0.00423060001116065
ENSG00000164338	-0.0263642290837383
ENSG00000171617	-0.301936088935933
ENSG00000164347	-0.0803117204688204
ENSG00000164346	-0.00707625278611143
ENSG00000271714	0.0701735977454574
ENSG00000289639	-0.05780323489165
ENSG00000272040	-0.0236318478917401
ENSG00000181104	-0.146816262296238
ENSG00000164251	-0.093955775155545
ENSG00000132842	0.0111336691648414
ENSG00000245556	0.0654954275832723
ENSG00000145685	0.00360606479093799
ENSG00000164329	-0.0405505485019839
ENSG00000251050	0.264941858055783
ENSG00000288741	-0.0339573948102968
ENSG00000228716	0.0556547283508847
ENSG00000131732	-0.0630517270621943
ENSG00000281327	-0.00670276140417121
ENSG00000145715	-0.0806502106842212
ENSG00000134480	-0.0778253668615301
ENSG00000245526	-0.0409289130585234
ENSG00000289008	-0.174081563023647
ENSG00000153140	-0.0725534353405878
ENSG00000176018	-0.140270285220752
ENSG00000113369	-0.0238138368740651
ENSG00000249353	0.179485529648923
ENSG00000251340	0.104435544856715
ENSG00000164291	-0.080982125535348
ENSG00000178015	-0.124589337288559
ENSG00000164292	-0.113140026990848
ENSG00000173221	-0.0582559974522004
ENSG00000236882	0.0348837460527127
ENSG00000118985	-0.054820561096473
ENSG00000153113	-0.0377495036273421
ENSG00000164308	-0.034558214185862
ENSG00000145721	0.0280234010727563
ENSG00000153922	-0.0165891548563029
ENSG00000248489	-0.0119751184423874
ENSG00000270230	0.142471854290569
ENSG00000270906	0.440092052426809
ENSG00000175749	0.125257147586162
ENSG00000145723	-0.0528945127637286
ENSG00000112874	-0.108046536864423
ENSG00000198961	-0.114831723465404
ENSG00000134987	-0.120627673979865
ENSG00000250045	-0.112427671779769
ENSG00000172795	-0.124720067898565
ENSG00000047188	-0.0187007359519199
ENSG00000164219	-0.0141284598459819
ENSG00000164221	-0.104250154649095
ENSG00000243414	-0.11589079497247
ENSG00000249249	0.0141702769009185
ENSG00000134970	-0.259531168702858
ENSG00000272265	0.476188338547965
ENSG00000213663	0.117890218128356
ENSG00000205302	-0.105111982033653
ENSG00000168916	-0.0066501476337063
ENSG00000155324	-0.0592619793397044
ENSG00000164904	-0.0871916027564972
ENSG00000230929	-0.0230691004287998
ENSG00000164241	-0.0349763516467494
ENSG00000249577	0.266437154116295
ENSG00000164244	-0.0918892541288008
ENSG00000205279	-0.103177003396936
ENSG00000245937	0.0207421731818486
ENSG00000248610	-0.0459678157381462
ENSG00000279370	0.042510786109401
ENSG00000223548	-0.064105108758315
ENSG00000072682	-0.0683131610234069
ENSG00000131435	-0.109539439260989
ENSG00000197208	-0.00812213671510939
ENSG00000197375	0.0414789456424111
ENSG00000197536	0.0361612359261373
ENSG00000125347	-0.0295084734838179
ENSG00000072364	-0.123509993844507
ENSG00000155329	-0.0901412316524026
ENSG00000170606	-0.156626063784557
ENSG00000119048	-0.189181250513357
ENSG00000043143	0.00748125059577289
ENSG00000113615	-0.162389953687987
ENSG00000181904	-0.13917973050119
ENSG00000132570	-0.00484064730212121
ENSG00000279799	0.0743399186972959
ENSG00000249119	0.376239242934766
ENSG00000247627	0.760083690011861
ENSG00000113658	-0.0775205971412623
ENSG00000250284	0.0473565595709775
ENSG00000177733	-0.149885620218365
ENSG00000031003	-0.0247401202598717
ENSG00000112981	-0.205417495232813
ENSG00000120738	-0.347713532167036
ENSG00000120705	-0.0494818896465776
ENSG00000113013	-0.112016093934574
ENSG00000044115	0.0101806018066137
ENSG00000146006	-0.180323639883603
ENSG00000281398	0.0198386528480773
ENSG00000170469	-0.0388405044877263
ENSG00000249751	0.195677939760989
ENSG00000184584	0.111643949222444
ENSG00000286403	0.260757787969035
ENSG00000146005	0.198791594043598
ENSG00000182700	0.108531406675756
ENSG00000243056	0.144549013222879
ENSG00000113108	0.108167735748851
ENSG00000170458	-0.235234729625105
ENSG00000113119	0.175588828176782
ENSG00000146007	-0.0499081848390517
ENSG00000081842	-0.0217509679714935
ENSG00000279028	0.0655417205322235
ENSG00000243232	-0.12207981449206
ENSG00000288095	-0.0236287516990543
ENSG00000240764	-0.188518533122928
ENSG00000171720	0.00811781684814523
ENSG00000289478	-0.0230807632149274
ENSG00000278925	0.0398149598377183
ENSG00000156453	0.016678611025378
ENSG00000113555	0.0947802940449461
ENSG00000280047	-0.196841400826112
ENSG00000187678	0.170634193750588
ENSG00000091009	-0.073055471882681
ENSG00000113649	0.00430732772302575
ENSG00000156475	-0.0654342165858407
ENSG00000248568	0.0242586406521642
ENSG00000176049	-0.103865950851169
ENSG00000251330	0.0328285248107313
ENSG00000272411	0.041126376063179
ENSG00000164284	-0.107807949685972
ENSG00000145882	0.0399588833426956
ENSG00000113712	-0.0652707587773729
ENSG00000241112	-0.0569774569012057
ENSG00000155850	-0.125917767526399
ENSG00000113716	0.0442432865075326
ENSG00000011083	0.0336571155039935
ENSG00000070814	0.0997589581585501
ENSG00000019582	0.200631098716646
ENSG00000286331	-0.143260507242245
ENSG00000164591	-0.0403068830900578
ENSG00000145907	-0.0674780303754988
ENSG00000037749	-0.0313286531512168
ENSG00000082516	0.0200015656475853
ENSG00000135077	0.110537753007328
ENSG00000055163	-0.0382230886625612
ENSG00000113272	-0.120898255180971
ENSG00000113282	-0.0815561462550765
ENSG00000279204	0.200542360252476
ENSG00000145860	-0.0883061970941471
ENSG00000221886	-0.085418738969389
ENSG00000164611	-0.0330340387526107
ENSG00000113327	-0.148095111746085
ENSG00000113328	0.00621396280392175
ENSG00000229119	0.192211056101029
ENSG00000233913	0.249623548410164
ENSG00000204767	-0.0401683958268651
ENSG00000043462	-0.0208838017312066
ENSG00000145936	0.0189642943320357
ENSG00000072786	0.0428674421126063
ENSG00000168246	-0.0390798808911973
ENSG00000174705	-0.0473857093389327
ENSG00000120129	0.0526292274030876
ENSG00000113719	-0.0131183414841284
ENSG00000253785	0.0132421486965726
ENSG00000164463	-0.0768689832675818
ENSG00000113749	-0.0887056535771661
ENSG00000145920	0.0252074398808808
ENSG00000251667	0.0381817969609169
ENSG00000048162	-0.0416378763221898
ENSG00000074317	0.14808680477402
ENSG00000175766	0.00134928047486657
ENSG00000160883	0.0635058808517052
ENSG00000087206	0.00304642555504718
ENSG00000165671	-0.000806399686968672
ENSG00000169228	0.0043309074981933
ENSG00000169230	-0.0368505271542704
ENSG00000169223	-0.0704049508901634
ENSG00000131188	0.00125389691929309
ENSG00000279821	0.0281939833658553
ENSG00000146094	-0.00368793455883538
ENSG00000183258	0.0371324327158416
ENSG00000184840	-0.10236765260281
ENSG00000145916	0.0245020313240475
ENSG00000145912	0.00952304279845794
ENSG00000197451	-0.0115820968052558
ENSG00000169131	0.0389813499216574
ENSG00000198939	-0.000748628394658819
ENSG00000113262	0.0687690147569174
ENSG00000234284	-0.015407947288041
ENSG00000176783	-0.039033265243777
ENSG00000225051	0.219464076797533
ENSG00000213316	0.180361160455681
ENSG00000245317	-0.216204315791882
ENSG00000050748	-0.0620249115638328
ENSG00000248367	0.123019826616566
ENSG00000113300	-0.0477116716352316
ENSG00000278970	0.0500751260613298
ENSG00000245060	0.0198381750514303
ENSG00000165810	0.583332577269669
ENSG00000250222	-0.000760135081621991
ENSG00000146054	0.259199788267893
ENSG00000248514	0.359036400095733
ENSG00000204628	0.0438618923635008
ENSG00000248275	0.0252087802434777
ENSG00000112685	-0.0387723236444397
ENSG00000188996	-0.00783744282700194
ENSG00000280916	-0.088905508649816
ENSG00000021355	0.0196761104368588
ENSG00000170542	0.113721713547406
ENSG00000244041	0.140488799603977
ENSG00000271361	0.1225955163393
ENSG00000288612	0.140301589967114
ENSG00000137275	0.0441443694338225
ENSG00000288840	-0.0687454386855565
ENSG00000137266	-0.024483840613187
ENSG00000272320	-0.179312645486297
ENSG00000168994	-0.000334885229635076
ENSG00000270504	-0.0411079804603192
ENSG00000145945	-0.051697364729998
ENSG00000279926	-0.0754406119888834
ENSG00000198721	-0.0384031062344144
ENSG00000124491	-0.0337175317487053
ENSG00000168566	-0.028576508128123
ENSG00000239264	-0.0368004098180937
ENSG00000188428	0.00160089786922809
ENSG00000111845	-0.109478581599524
ENSG00000272097	-0.0590532953430375
ENSG00000095951	-0.0117422261322536
ENSG00000078401	0.311389250519215
ENSG00000145990	-0.0255273779573652
ENSG00000124523	0.0595735609675696
ENSG00000225921	-0.0182903355399522
ENSG00000050393	-0.0200562730080838
ENSG00000112149	-0.125082464187787
ENSG00000008083	-0.0340532279546477
ENSG00000047579	0.0481681120886461
ENSG00000112186	-0.128693390307547
ENSG00000286885	0.00204267095776266
ENSG00000137177	0.0147332069876318
ENSG00000187566	-0.0669228441987099
ENSG00000165097	-0.112622564375685
ENSG00000137393	0.107068007424943
ENSG00000172201	-0.0133124829751373
ENSG00000260455	0.169285028613994
ENSG00000111802	-0.0874217962061336
ENSG00000112308	-0.00994396972361293
ENSG00000112312	-0.134977797833828
ENSG00000187837	-0.0978065055852912
ENSG00000010704	0.120358044418758
ENSG00000180573	-0.0129624250208794
ENSG00000158373	-0.126205431713765
ENSG00000197409	0.070857360291011
ENSG00000277224	0.0484932190298711
ENSG00000275713	-0.433895961396304
ENSG00000228223	-0.119192650275708
ENSG00000181315	-0.0332972805310531
ENSG00000272312	-0.351709380476401
ENSG00000287966	0.0648747137368041
ENSG00000197903	0.16816392378881
ENSG00000124613	-0.086426637096862
ENSG00000271755	-0.0271262231644029
ENSG00000096654	-0.0467909823683844
ENSG00000187763	0.0106154042021237
ENSG00000182477	-0.0241982043402395
ENSG00000261839	-0.0564550677703003
ENSG00000137185	0.0962728138285872
ENSG00000197062	0.079159233349209
ENSG00000189298	-0.0397980186117159
ENSG00000187987	-0.0365549832955317
ENSG00000235238	0.220124132941582
ENSG00000227262	0.13233015064091
ENSG00000204623	0.00271765670388087
ENSG00000237669	-0.121779983129494
ENSG00000204619	-0.00622833906394461
ENSG00000204618	0.0198421725033646
ENSG00000234127	0.0844734506883944
ENSG00000233892	0.153363893330919
ENSG00000280128	0.206575200614531
ENSG00000204574	-0.0100655807443089
ENSG00000204569	-0.0351465615475126
ENSG00000204568	0.0498416628877539
ENSG00000204564	0.10451507268627
ENSG00000204560	0.0163386776141849
ENSG00000146112	-0.0691930558818495
ENSG00000137312	-0.0182767336766209
ENSG00000137331	-0.197600219325328
ENSG00000204580	-0.00649292105359524
ENSG00000213780	0.250112368912217
ENSG00000137310	-0.0386786473034466
ENSG00000206344	0.0391416356532777
ENSG00000277402	-0.387553608592055
ENSG00000272221	0.161576977165721
ENSG00000204520	0.0350898402248583
ENSG00000204516	-0.0179279524231408
ENSG00000213760	-0.0312689978551392
ENSG00000204498	0.0273405221074627
ENSG00000226979	-0.0934211031855762
ENSG00000204472	0.0667973264734954
ENSG00000289375	0.0551447039651954
ENSG00000204463	0.0338683850418703
ENSG00000204444	0.0751848611565419
ENSG00000204439	0.0706452878472904
ENSG00000204438	0.0703329161340413
ENSG00000240053	0.350566468882611
ENSG00000213722	0.0290475945738671
ENSG00000213719	0.0243803520329166
ENSG00000204410	0.0891541552038615
ENSG00000228727	0.0871610722457696
ENSG00000204396	-0.028804548057243
ENSG00000204394	0.0200154481076266
ENSG00000204389	-0.900762068018237
ENSG00000289637	-0.256330727286401
ENSG00000204388	-0.806244627266359
ENSG00000204387	0.117358252447109
ENSG00000204371	0.157540934195614
ENSG00000166278	-0.0535784716461886
ENSG00000204366	0.0297423528969705
ENSG00000243649	0.122459934799439
ENSG00000204348	0.0577979903254096
ENSG00000204344	0.0508742657777287
ENSG00000244731	-0.00292599964163815
ENSG00000204338	0.385023594196992
ENSG00000231852	-0.0529799041985353
ENSG00000213676	0.0489791951510934
ENSG00000204310	0.0150715307171654
ENSG00000213654	0.180410019011207
ENSG00000198502	0.158396044615384
ENSG00000196126	0.124179087496372
ENSG00000196735	0.010301434982867
ENSG00000241106	0.00418813737725627
ENSG00000204267	0.0399387069517249
ENSG00000204264	0.0517902554335277
ENSG00000204261	0.100005620399033
ENSG00000240065	0.0764906771377362
ENSG00000168394	-0.0656037318838117
ENSG00000204248	0.0813899351683725
ENSG00000204231	-0.0149947155615807
ENSG00000204228	0.0719371966170068
ENSG00000227057	0.0632405346228936
ENSG00000231925	-0.116873336011376
ENSG00000030110	0.101843836489115
ENSG00000096433	0.23695922037054
ENSG00000137309	-0.0496935634728227
ENSG00000186577	-0.0845832003948487
ENSG00000124507	-0.00223777206334802
ENSG00000124664	-0.0760380593792935
ENSG00000196821	-0.0309554859119834
ENSG00000064995	0.0546017092789862
ENSG00000064999	0.100752869281029
ENSG00000273870	0.0873478583960441
ENSG00000146197	-0.0244021752822866
ENSG00000272374	0.0624195954907353
ENSG00000065029	0.0541711025047952
ENSG00000112039	0.00350672861211792
ENSG00000198755	0.0668504716082745
ENSG00000007866	-0.0171759646591982
ENSG00000096060	-0.0204798879844785
ENSG00000287458	0.0272688542475929
ENSG00000237719	-0.143602872325441
ENSG00000096070	0.0135799743759867
ENSG00000112079	0.0809689784622783
ENSG00000112081	-0.0109595317046341
ENSG00000124762	-0.212076713981033
ENSG00000285244	-0.032075111732001
ENSG00000137168	-0.0462395429224555
ENSG00000137193	-0.240819924254854
ENSG00000156639	-0.0184397364200394
ENSG00000124596	-0.017808599157121
ENSG00000161911	0.0873198252932717
ENSG00000095970	0.354757686807085
ENSG00000112576	-0.00340133882467344
ENSG00000146223	-0.079713447953867
ENSG00000221821	-0.0257913032180599
ENSG00000124587	-0.0054553722087552
ENSG00000112640	-0.0787142277396496
ENSG00000124702	-0.0403839181471272
ENSG00000044090	-0.0401576493164151
ENSG00000137171	0.0888677575945389
ENSG00000112659	0.117935787133051
ENSG00000146215	0.135672720453155
ENSG00000124574	0.118336424395711
ENSG00000171462	-0.0407783516489605
ENSG00000271754	-0.0851968906600934
ENSG00000112715	0.230229905157529
ENSG00000287562	0.213046507678142
ENSG00000096384	-0.125776746896086
ENSG00000157593	-0.0137758768680389
ENSG00000178233	-0.108926454643929
ENSG00000124608	0.026310714021348
ENSG00000096401	-0.0860886297727626
ENSG00000270761	0.280724999665664
ENSG00000198087	-0.0445842340077361
ENSG00000225791	0.0469180233335028
ENSG00000112144	-0.0254941618260887
ENSG00000112146	-0.0314672312761355
ENSG00000012660	-0.157172679016214
ENSG00000271367	0.0411957699257713
ENSG00000137269	-0.0844644212785677
ENSG00000151917	-0.0214896178566834
ENSG00000112208	-0.193547529168869
ENSG00000112210	-0.107860104544151
ENSG00000239650	-0.00127974115816147
ENSG00000215190	0.0260744700432472
ENSG00000214563	0.00778660172148025
ENSG00000112280	0.149544443087038
ENSG00000271967	0.0109175663198646
ENSG00000229852	-0.0121598295050858
ENSG00000203908	0.027155122084865
ENSG00000164430	-0.0342860825625414
ENSG00000135297	-0.0392207186094992
ENSG00000289286	0.0520824265928859
ENSG00000112701	-0.0264168909080293
ENSG00000146247	-0.0715452248423969
ENSG00000118418	-0.0850776491210933
ENSG00000220154	0.234676816617056
ENSG00000272137	-0.0977135233236422
ENSG00000279659	-0.0178730382891246
ENSG00000083123	-0.0361755921502222
ENSG00000233967	-0.0107889789704734
ENSG00000260645	0.14224022754038
ENSG00000112773	-0.0393075162134906
ENSG00000005700	-0.0455628444494408
ENSG00000146242	0.301942495225594
ENSG00000065615	-0.0609205715519543
ENSG00000234155	-0.0622130790457064
ENSG00000272008	-0.0325465655560826
ENSG00000146282	0.0144669437822552
ENSG00000135334	-0.032391331715066
ENSG00000220267	-0.03872148306059
ENSG00000146278	0.0742960263405263
ENSG00000146281	-0.139688867769484
ENSG00000198833	0.0058869535049378
ENSG00000025039	0.005320055975449
ENSG00000118412	-0.0636237109611883
ENSG00000135341	-0.102072216823272
ENSG00000014123	-0.156274157299707
ENSG00000289501	-0.0365433913223912
ENSG00000184486	-0.184074108331993
ENSG00000279170	-0.0174436508096874
ENSG00000085382	-0.0724256388896585
ENSG00000057663	-0.0397457844475353
ENSG00000130347	-0.0322701597953227
ENSG00000272398	-0.546394015828022
ENSG00000280135	-0.0966253677115713
ENSG00000272476	0.0112081620802399
ENSG00000112335	-0.0613252373927482
ENSG00000118689	-0.00848213533117141
ENSG00000080546	-0.0967570855376838
ENSG00000135535	-0.113987205268853
ENSG00000135587	-0.103169579452242
ENSG00000112365	-0.0405077161676492
ENSG00000146360	-0.0978221181150373
ENSG00000123505	-0.0679953588066636
ENSG00000197498	-0.0321162337213635
ENSG00000056972	0.0109118734557743
ENSG00000255389	0.0871072270497035
ENSG00000289256	-0.0414836895980583
ENSG00000227502	-0.0248658061235054
ENSG00000196591	-0.0370129372493443
ENSG00000216471	0.25494464947264
ENSG00000111817	-0.0392969785473458
ENSG00000289304	0.0598356541293565
ENSG00000111832	-0.00552769424147157
ENSG00000153975	-0.0988172219915777
ENSG00000047932	-0.0734277404445917
ENSG00000153989	-0.0734442337366241
ENSG00000230202	0.598391711932649
ENSG00000111885	-0.0351909845535239
ENSG00000272472	-0.109226884926474
ENSG00000146373	-0.0665196839712896
ENSG00000135547	-0.0685069430691504
ENSG00000111912	-0.166038782199646
ENSG00000066651	-0.0496917556013652
ENSG00000093144	-0.0381976404456745
ENSG00000220744	0.0377303712811472
ENSG00000289190	0.0654639434583057
ENSG00000198945	-0.0100867321402243
ENSG00000028839	-0.144144713442611
ENSG00000146411	-0.0321992548778147
ENSG00000118515	0.108572120910974
ENSG00000118503	-0.0267978443106706
ENSG00000225177	0.197337540814692
ENSG00000135597	0.0695488365648825
ENSG00000112406	-0.0161775801236059
ENSG00000259828	0.0107664330797592
ENSG00000270983	0.218226329066064
ENSG00000009844	-0.129324338986923
ENSG00000010818	-0.105987257932066
ENSG00000227192	-0.0370529906079882
ENSG00000217648	-0.102713928601085
ENSG00000135521	-0.0452737306229588
ENSG00000135604	-0.000429913787739027
ENSG00000112425	0.0132786236892055
ENSG00000270638	0.133485037756608
ENSG00000280184	-0.125589342861978
ENSG00000118496	-0.0942292784250522
ENSG00000235652	0.0245138917925208
ENSG00000118508	-0.00984375531761249
ENSG00000111961	-0.0223315754495254
ENSG00000055208	-0.046595582726746
ENSG00000177688	-0.201684615540238
ENSG00000289045	-0.182993245104508
ENSG00000131013	-0.0617760196092567
ENSG00000220848	0.0205269206077132
ENSG00000131023	-0.0599266716639061
ENSG00000278899	-0.134502712562612
ENSG00000120253	0.0112927585430013
ENSG00000203722	-0.0346367821071276
ENSG00000120278	-0.0397502751516153
ENSG00000213089	0.223449241474656
ENSG00000120254	-0.0277137601068282
ENSG00000181472	0.0123517199291188
ENSG00000112029	-0.0538557290768397
ENSG00000218426	0.410341696291505
ENSG00000112038	-0.0875964129981047
ENSG00000213079	-0.059777522962357
ENSG00000235381	0.298635273636859
ENSG00000271265	0.332942720315731
ENSG00000271551	0.102016266080323
ENSG00000175048	-0.0794210993958975
ENSG00000130340	-0.0381984741580275
ENSG00000146433	-0.0694517672783376
ENSG00000146425	-0.0959034372336098
ENSG00000092820	-0.0350176780207352
ENSG00000130363	-0.148500823648286
ENSG00000288845	-0.00365699144502002
ENSG00000237927	-0.0325950646909429
ENSG00000112096	-0.188432305813918
ENSG00000146457	-0.0425472999185881
ENSG00000120438	-0.0253919960530717
ENSG00000206910	-0.154967468432722
ENSG00000146477	0.00935868963606654
ENSG00000272841	-0.164482337525809
ENSG00000285564	0.0423464071642768
ENSG00000270419	-0.0401337235009305
ENSG00000112531	-0.0658536757955854
ENSG00000228692	-0.0194213749243653
ENSG00000227455	-0.0702460999631502
ENSG00000286760	-0.142403309585694
ENSG00000186340	-0.0722482285082987
ENSG00000185127	-0.0732998678761656
ENSG00000184786	0.0047162513371165
ENSG00000130023	0.0537434069146501
ENSG00000236173	0.341237048145346
ENSG00000198719	0.0544051255093446
ENSG00000261003	-0.0805180773838151
ENSG00000112592	-0.0646955392773459
ENSG00000242474	0.0880417631973035
ENSG00000240859	0.0118304644854644
ENSG00000261795	0.114225700684622
ENSG00000177706	0.0275039384248765
ENSG00000249852	-0.0951963713668159
ENSG00000286710	0.00581823813643028
ENSG00000223855	0.0491450905111929
ENSG00000146540	0.0362627565965781
ENSG00000164849	0.0449721500268321
ENSG00000178381	-0.191427657592085
ENSG00000164877	0.187870505674314
ENSG00000273230	0.0872652082020333
ENSG00000164880	0.0559447914141252
ENSG00000122687	0.0674887949289394
ENSG00000106266	0.0433993932464316
ENSG00000106263	-0.00917541718454499
ENSG00000136213	0.0515630207982148
ENSG00000106003	0.253213361123016
ENSG00000106009	0.0816073755383176
ENSG00000146535	0.0224865867776909
ENSG00000242802	0.0245890028212475
ENSG00000136297	0.0385892272776183
ENSG00000164638	0.0886929950114878
ENSG00000272953	0.0470295888622844
ENSG00000075624	-0.0341126995465175
ENSG00000122512	-0.0534661603990821
ENSG00000106305	-0.0196905603784042
ENSG00000086232	0.044179031161146
ENSG00000136240	-0.105751805955201
ENSG00000231359	0.371209901052826
ENSG00000164654	-0.0423291905095637
ENSG00000106415	-0.0582941634265171
ENSG00000227719	0.111717485575498
ENSG00000272537	-0.223243484585838
ENSG00000136261	-0.0214370834176812
ENSG00000071189	-0.0748887619256475
ENSG00000105849	-0.0533241237055687
ENSG00000105866	-0.0683770110989052
ENSG00000179428	0.105695616698362
ENSG00000136244	-0.210009316777317
ENSG00000122591	-0.120253330923923
ENSG00000164548	-0.0127896510276001
ENSG00000188732	-0.0751432430798212
ENSG00000122585	-0.238472847138948
ENSG00000153790	-0.0195863070012408
ENSG00000122565	-0.0438306395072518
ENSG00000005020	-0.0481899531565483
ENSG00000106049	0.0199429359342077
ENSG00000153814	-0.0713037832815555
ENSG00000146592	-0.0405480356663812
ENSG00000255690	0.242369428616063
ENSG00000106086	-0.0325211604757248
ENSG00000180233	-0.0248390719942805
ENSG00000235859	0.107748168055546
ENSG00000281404	-0.0237777062501948
ENSG00000106100	0.0358422534771506
ENSG00000281332	-0.0270375132900062
ENSG00000272905	0.240215057918727
ENSG00000170852	-0.0203473251171733
ENSG00000122643	-0.0724574526887567
ENSG00000271122	0.0466238821741489
ENSG00000228878	-0.0172202875961736
ENSG00000006715	-0.0215785287903968
ENSG00000188185	0.0628668208190785
ENSG00000259826	0.0430444732669115
ENSG00000168303	-0.0298074653345513
ENSG00000122641	-0.0610257419290506
ENSG00000261019	0.0620945679647441
ENSG00000106588	-0.0741138282386064
ENSG00000106591	-0.0688252904706014
ENSG00000106608	0.0313308233042504
ENSG00000078967	0.0715387400790357
ENSG00000241057	0.0571427737469595
ENSG00000272655	-0.0352685610587648
ENSG00000235314	-0.0514681140139278
ENSG00000106624	-0.0942198630159165
ENSG00000015676	-0.0615713928389256
ENSG00000105953	-0.0346441142581346
ENSG00000272768	0.0325852876610311
ENSG00000136286	-0.116812589773083
ENSG00000232956	0.0618016419958763
ENSG00000201772	0.305858102494966
ENSG00000122679	0.186186039045382
ENSG00000136205	0.147832310147278
ENSG00000136273	-0.0381308649583225
ENSG00000183696	0.149815739978486
ENSG00000279578	0.0604872878286368
ENSG00000106070	-0.0134941071165403
ENSG00000242650	0.0496690530087695
ENSG00000170419	-0.31098751474222
ENSG00000146648	0.057039482674853
ENSG00000132434	-0.0424049533349923
ENSG00000146731	-0.0814394586846317
ENSG00000106153	0.0296669580171572
ENSG00000182722	0.401778911384033
ENSG00000213640	0.349341801943786
ENSG00000287869	-0.0238370786169863
ENSG00000152926	0.0668650911529178
ENSG00000196715	-0.0692064142789167
ENSG00000126522	0.0661856493506775
ENSG00000279785	-0.0428068503684606
ENSG00000154710	-0.00611559683253786
ENSG00000126524	-0.0439160305331653
ENSG00000225648	0.0147568461372221
ENSG00000289042	0.0910875059228776
ENSG00000233369	-0.0307726625321884
ENSG00000106635	-0.0741458311832947
ENSG00000106638	-0.00312149827360845
ENSG00000106077	0.0688855177367418
ENSG00000106682	-0.0090986389987064
ENSG00000086730	0.0313609383700462
ENSG00000049541	-0.00843484915888556
ENSG00000006704	-0.015773437287111
ENSG00000263001	-0.0154653244394918
ENSG00000274070	0.017874108815653
ENSG00000174428	-0.00710819829319829
ENSG00000146701	-0.0745153480667624
ENSG00000106211	-0.430492082438955
ENSG00000127947	-0.0148674853292926
ENSG00000006576	-0.0757574362799402
ENSG00000008277	-0.078425291928876
ENSG00000127954	-0.00361027127086822
ENSG00000283267	-0.211500564605968
ENSG00000157224	-0.104817565052207
ENSG00000223969	-0.142538137252829
ENSG00000127914	-0.111444374690168
ENSG00000001629	-0.0577719882303123
ENSG00000127980	-0.0785798209516014
ENSG00000127993	-0.0594061683844246
ENSG00000205413	-0.0522152089582797
ENSG00000177409	0.127517471383676
ENSG00000004766	-0.0572995164595848
ENSG00000278959	-0.132066440721775
ENSG00000105829	-0.121577865376243
ENSG00000158528	-0.0705599176582303
ENSG00000005981	0.010664326189637
ENSG00000004799	0.286724872884128
ENSG00000284627	0.117735001750672
ENSG00000164715	-0.0796898932451556
ENSG00000205356	0.00531456469584815
ENSG00000238109	-0.0240316155418702
ENSG00000198742	-0.0211363062805368
ENSG00000130429	0.0385737148443953
ENSG00000106244	-0.00543448847651272
ENSG00000106246	0.0169815855380894
ENSG00000198556	0.0915920911402302
ENSG00000196652	0.00674106395976031
ENSG00000221909	-0.0402706367308456
ENSG00000244219	-0.0370374828247484
ENSG00000197037	-0.0208026743973629
ENSG00000273407	0.0129822294106449
ENSG00000146833	0.0164765557068175
ENSG00000160862	0.243128458828484
ENSG00000166526	0.0595740425211323
ENSG00000168090	0.0218748891022314
ENSG00000221838	-0.00623364952095423
ENSG00000106290	-0.037552705656838
ENSG00000166997	0.0132770042788705
ENSG00000214309	0.138048225595339
ENSG00000197093	0.139533016765753
ENSG00000078319	0.0155836973432747
ENSG00000146834	0.0436400521006952
ENSG00000160813	0.117393279738977
ENSG00000185955	-0.0865610031880959
ENSG00000166925	0.222645403371433
ENSG00000286938	-0.0573961678896152
ENSG00000242101	-0.0183135682816711
ENSG00000106330	0.0938495726601352
ENSG00000077080	-0.0552057882611644
ENSG00000196411	0.0784060035273321
ENSG00000087077	0.119996144506195
ENSG00000087087	0.0682269390277586
ENSG00000106366	0.0568251147957779
ENSG00000214253	0.0337006713593479
ENSG00000278683	0.055325648222679
ENSG00000128563	0.0737098505259588
ENSG00000160993	-0.0416214216833884
ENSG00000233297	-0.13995801325977
ENSG00000128606	-0.0290012174742753
ENSG00000233025	0.0366502247211552
ENSG00000105821	-0.0880106083422809
ENSG00000228393	0.0136438273564256
ENSG00000135250	-0.0683380133581749
ENSG00000272604	0.0158923265111742
ENSG00000105835	-0.114890955951763
ENSG00000253276	-0.0908125841131761
ENSG00000250474	-0.0783991356731882
ENSG00000241764	-0.0536306481414068
ENSG00000091136	-0.0595484698999772
ENSG00000273055	-0.190178168687011
ENSG00000135241	-0.192081250570467
ENSG00000006652	-0.0078376371749831
ENSG00000181016	-0.0627334442084683
ENSG00000146802	0.0293707138019904
ENSG00000164603	-0.0762872523247329
ENSG00000279288	0.134547186298998
ENSG00000164604	0.128457566941524
ENSG00000214194	0.011944804835473
ENSG00000282859	0.118649566632013
ENSG00000135272	-0.100310690089446
ENSG00000135269	0.00351004281543994
ENSG00000227199	0.0579961909612727
ENSG00000128534	0.0168129940153793
ENSG00000287827	0.0685469720588387
ENSG00000048405	-0.0501045105523231
ENSG00000280347	-0.0877401226204938
ENSG00000004059	-0.0512871262409429
ENSG00000128594	-0.189624944587689
ENSG00000135245	0.13360773002685
ENSG00000272601	0.0633133016612909
ENSG00000273270	0.0852860620020825
ENSG00000271553	0.0517197033342291
ENSG00000205085	0.0899616573884452
ENSG00000271344	0.249421347279914
ENSG00000128595	-0.0821785853243019
ENSG00000272899	-0.14516164894608
ENSG00000230359	0.137604151656101
ENSG00000158467	0.00838680067838344
ENSG00000286722	-0.0170638537802618
ENSG00000186591	-0.0212305730700632
ENSG00000229196	0.0939635916928178
ENSG00000158516	-0.0402290160812175
ENSG00000272701	-0.0492632947859319
ENSG00000106484	-0.245879084135268
ENSG00000231721	-0.0375798410373612
ENSG00000128585	-0.0645905420906861
ENSG00000236753	-0.0960798007223092
ENSG00000273489	0.231272791690781
ENSG00000231098	-0.0215970903542609
ENSG00000287733	-0.0429062345440634
ENSG00000105875	0.0584230448030167
ENSG00000080802	-0.0420922139686187
ENSG00000155561	-0.0600391771048386
ENSG00000105887	-0.143585490541591
ENSG00000122778	-0.00660081319481589
ENSG00000105939	0.0223600398039841
ENSG00000236279	0.0307584775759372
ENSG00000059378	0.149982542498553
ENSG00000211710	-0.138788984381332
ENSG00000211721	-0.0124091986542099
ENSG00000211751	0.0692699166232541
ENSG00000211772	-0.0901506941751671
ENSG00000159840	0.176044892684989
ENSG00000170379	-0.0158860400705493
ENSG00000055130	-0.0338251220708797
ENSG00000155660	-0.164945830145404
ENSG00000204947	-0.0408580665616048
ENSG00000170260	-0.074565529822764
ENSG00000196453	-0.0260413593224288
ENSG00000133619	0.0976223803537726
ENSG00000171130	-0.0468656190309785
ENSG00000284691	0.00858095073020996
ENSG00000242258	0.0700832638331092
ENSG00000171115	0.190803538607729
ENSG00000179144	0.328928065157046
ENSG00000133574	0.182645461172073
ENSG00000133561	0.145055151842141
ENSG00000106560	0.0644734433947241
ENSG00000213203	0.218418003622321
ENSG00000106565	-0.0598472633402117
ENSG00000002933	-0.187455130213416
ENSG00000164867	0.211249822559749
ENSG00000181652	0.0924183212531869
ENSG00000197150	0.0695167761899016
ENSG00000164885	-0.0682567467319572
ENSG00000164896	0.0525826163696726
ENSG00000133612	-0.00671182305815535
ENSG00000033050	-0.0127204953562601
ENSG00000187260	-0.147088090418562
ENSG00000261455	0.0182447404238811
ENSG00000130226	-0.0504846784040947
ENSG00000214106	0.0359534007389482
ENSG00000278998	0.0243266621594837
ENSG00000224903	0.0596278383407472
ENSG00000009335	-0.0150039285739959
ENSG00000105993	-0.12980936982179
ENSG00000172748	0.00617197026755481
ENSG00000282021	0.0647364023438651
ENSG00000253764	0.0824450669802786
ENSG00000176595	-0.0587263569691194
ENSG00000246089	-0.023167094700305
ENSG00000091879	0.160809736037789
ENSG00000155189	-0.100826562296246
ENSG00000164821	0.0746622977340985
ENSG00000239839	0.0481354492876698
ENSG00000284728	0.0218673397864061
ENSG00000173295	0.0724490803727808
ENSG00000104626	-0.0284401107206853
ENSG00000173281	0.0130352674622311
ENSG00000272267	-0.00349753716520364
ENSG00000253230	0.313416062995664
ENSG00000260093	0.0467338809274567
ENSG00000261451	0.229743034727888
ENSG00000171056	0.0991528574593231
ENSG00000254093	-0.00311768901380464
ENSG00000269918	0.14115332718535
ENSG00000255020	0.0969163079650045
ENSG00000154319	0.0988754443177967
ENSG00000269954	0.193907392889533
ENSG00000164733	-0.0406795588368309
ENSG00000154359	-0.0106316208384845
ENSG00000078579	0.0705190025534845
ENSG00000289225	-0.0129341148796553
ENSG00000155975	-0.0474094590365755
ENSG00000253671	0.173181011971853
ENSG00000253215	0.190059521832889
ENSG00000253384	-0.191425360264593
ENSG00000156011	-0.0827787345358865
ENSG00000254040	0.0412071172577389
ENSG00000158806	-0.0278973218590736
ENSG00000275074	-0.0952895496377463
ENSG00000168453	0.0583638614781073
ENSG00000168495	0.0554222297255539
ENSG00000104635	-0.106327959231846
ENSG00000120896	0.150068107218939
ENSG00000120913	0.06721792956078
ENSG00000158941	-0.0206174994147642
ENSG00000179388	-0.580303025013902
ENSG00000173530	-0.0480857153877819
ENSG00000104689	-0.0362156646167776
ENSG00000147457	-0.050428146576701
ENSG00000289584	-0.268613540198146
ENSG00000197217	-0.0189409561796931
ENSG00000147454	0.0838777236939002
ENSG00000159167	0.155664521987953
ENSG00000104228	-0.0420004265597357
ENSG00000120915	0.00684801539854178
ENSG00000168077	-0.0510057077183335
ENSG00000134014	-0.0588046903010444
ENSG00000286804	-0.00733427352798174
ENSG00000246339	0.107146435424941
ENSG00000120875	0.0638756929151214
ENSG00000272256	-0.0515011524703149
ENSG00000285669	0.0464091783497542
ENSG00000254109	0.131190322048871
ENSG00000157110	0.05853776885752
ENSG00000197265	-0.0365119776393209
ENSG00000104695	-0.0795972652049154
ENSG00000172733	-0.0968266214786475
ENSG00000165392	-0.0134125290170403
ENSG00000129696	-0.0129692174959209
ENSG00000243181	-0.041953390758088
ENSG00000183154	0.11903452711315
ENSG00000147471	-0.000356295720588559
ENSG00000187840	-0.0158334596573562
ENSG00000129691	-0.0625660240942078
ENSG00000147465	-0.0981317089296318
ENSG00000147535	0.0889623384992432
ENSG00000272092	0.0146623102514541
ENSG00000272159	-0.160954008838128
ENSG00000239218	-0.115457106884662
ENSG00000168615	-0.0855491797530268
ENSG00000104332	-0.0602550387199973
ENSG00000287535	0.11907914420886
ENSG00000158669	-0.0496074878813785
ENSG00000165066	0.057688621531639
ENSG00000070718	-0.0704623979791636
ENSG00000168575	-0.00467882778011819
ENSG00000131931	-0.138575127177425
ENSG00000120925	0.00920920942210984
ENSG00000255366	-0.0127380196525566
ENSG00000164808	-0.00535451045049475
ENSG00000253330	-0.162229095502156
ENSG00000221869	0.0724091396484092
ENSG00000253729	-0.0418935455186404
ENSG00000104738	-0.0900802584975184
ENSG00000289095	-0.0582279792837874
ENSG00000168300	-0.0338034527469626
ENSG00000288818	-0.0376969107018416
ENSG00000271555	-0.012579233924974
ENSG00000237807	-0.0507052696362342
ENSG00000187735	0.00869625488188031
ENSG00000137574	-0.059703794685924
ENSG00000254087	-0.020265814013914
ENSG00000170791	0.0100314723474953
ENSG00000272343	-0.083244133504985
ENSG00000170786	-0.0895139859244678
ENSG00000215114	-0.0660593227294523
ENSG00000137575	-0.0701930275858019
ENSG00000270673	-0.00472693896118017
ENSG00000185728	-0.122281721191947
ENSG00000254377	0.295278098995003
ENSG00000179041	0.0813951799116499
ENSG00000147576	0.0679212943935981
ENSG00000287214	-0.0858538055961907
ENSG00000046889	-0.0571930560877277
ENSG00000140396	-0.0768095007669559
ENSG00000067167	-0.0881504692790232
ENSG00000147601	-0.0169998206722179
ENSG00000253636	0.0817256240259608
ENSG00000147604	0.0491002610096881
ENSG00000104343	-0.115580515128948
ENSG00000175606	-0.194195344694555
ENSG00000154589	-0.0905180177574798
ENSG00000137558	-0.100210658011856
ENSG00000270866	0.0980588302673131
ENSG00000164751	-0.0540346743628272
ENSG00000251867	-0.0566740872136184
ENSG00000205189	-0.0754096123061621
ENSG00000260317	-0.105843439527781
ENSG00000253516	-0.00147392800041587
ENSG00000164687	-0.210667061583059
ENSG00000147588	0.0522479072226117
ENSG00000170323	0.165681732918173
ENSG00000237264	0.363991243093117
ENSG00000104231	-0.00816119840000455
ENSG00000104497	-0.117219970266277
ENSG00000133740	-0.0425785571810357
ENSG00000253549	0.0159033890857765
ENSG00000176623	0.0120089949491242
ENSG00000085719	-0.0932540357371249
ENSG00000104312	-0.0746272535364796
ENSG00000164823	-0.103515429005994
ENSG00000104320	-0.0544062155794936
ENSG00000104325	0.0151195957178126
ENSG00000253738	-0.0995112118215545
ENSG00000155100	-0.0955821615335315
ENSG00000253525	0.043628652291376
ENSG00000205133	-0.0684631374507731
ENSG00000271971	0.16634292013796
ENSG00000253854	-0.0797810399837789
ENSG00000183808	-0.0742745278299999
ENSG00000164949	-0.0713214807285218
ENSG00000164941	-0.0343473932746942
ENSG00000272509	0.113166665978875
ENSG00000175895	-0.0807790168154313
ENSG00000132561	-0.0681706231168673
ENSG00000132541	-0.0331255741911029
ENSG00000104356	0.0230821731071928
ENSG00000156486	-0.140077487913639
ENSG00000034677	0.0266939970939456
ENSG00000186106	-0.124461107130692
ENSG00000070756	0.0947177817811598
ENSG00000289284	-0.0322584938346801
ENSG00000260368	-0.0606109747329329
ENSG00000261087	0.15305773631496
ENSG00000120963	-0.00346996533512075
ENSG00000104490	-0.133772670208797
ENSG00000155090	-0.103561059814082
ENSG00000253669	-0.0434611888987312
ENSG00000155096	-0.13610112631941
ENSG00000247081	-0.0586447565630507
ENSG00000164930	-0.0064703386251367
ENSG00000266289	0.303372327951346
ENSG00000289094	0.100617241557875
ENSG00000120526	-0.0371931996435897
ENSG00000164754	-0.0868737193403916
ENSG00000279347	-0.0641339258185047
ENSG00000178764	-0.00973175659941402
ENSG00000136986	-0.131921952494127
ENSG00000165156	-0.093069257635923
ENSG00000156795	-0.0678364424413121
ENSG00000147687	-0.00409221936590878
ENSG00000147684	0.143720946668627
ENSG00000170873	-0.022204288859623
ENSG00000164961	-0.0505596684969855
ENSG00000173334	-0.180148568678646
ENSG00000136997	-0.140321324510958
ENSG00000153310	-0.0657521639644885
ENSG00000153317	-0.019647235468588
ENSG00000184156	-0.123388656027379
ENSG00000155926	-0.00774116526294992
ENSG00000225259	0.00290289851470874
ENSG00000008513	-0.0607657188477008
ENSG00000272456	-0.0815459250694345
ENSG00000279518	0.00364456292317536
ENSG00000131773	-0.10375063063822
ENSG00000253988	0.0788988743163181
ENSG00000169427	-0.0198555056855861
ENSG00000282164	-0.114840218043136
ENSG00000280303	0.0755470053164561
ENSG00000105339	0.0663770679510759
ENSG00000022567	-0.0418070713260923
ENSG00000184489	0.156417973609627
ENSG00000271959	0.376317069638324
ENSG00000181790	0.182240617414148
ENSG00000198576	-0.28273308596569
ENSG00000289411	-0.234150091063694
ENSG00000261044	-0.152277499855635
ENSG00000234616	-0.0386793224711574
ENSG00000130193	-0.0309693197598469
ENSG00000160932	0.00437345190459641
ENSG00000250571	0.133585855713259
ENSG00000253716	0.011500721507913
ENSG00000185730	0.10323956744143
ENSG00000184428	0.0122065939636766
ENSG00000158106	0.0402666113271786
ENSG00000014164	-0.00458352445236736
ENSG00000287576	0.0174192589573581
ENSG00000204839	0.0496172432723229
ENSG00000104524	-0.0440954171027624
ENSG00000104522	0.00436092372154544
ENSG00000181135	-0.0296286481254447
ENSG00000179950	-0.00935145364909397
ENSG00000287222	-0.00640708618635568
ENSG00000178814	0.0475768133575092
ENSG00000197858	-0.00402136184719621
ENSG00000179526	0.0424286267416546
ENSG00000235173	0.076047090566211
ENSG00000179832	0.00387159770110214
ENSG00000261236	0.0341301872415707
ENSG00000260428	0.2925000738383
ENSG00000185122	0.0233129771640603
ENSG00000185000	0.0367986381296946
ENSG00000182325	0.236784160278468
ENSG00000187954	-0.00571408713217311
ENSG00000167700	-0.0600053431449578
ENSG00000160957	0.191476693250311
ENSG00000198169	0.171563207057123
ENSG00000196378	0.1027309949275
ENSG00000147789	0.0541367758158601
ENSG00000196150	0.0380462741764974
ENSG00000196922	-0.0222262540253586
ENSG00000182307	0.0657030669595813
ENSG00000181404	0.0370847594688511
ENSG00000172785	-0.0428535259601235
ENSG00000080298	-0.103740494325253
ENSG00000205808	-0.0554020884096801
ENSG00000147853	-0.000967856610177994
ENSG00000096968	-0.0720527135407187
ENSG00000233846	-0.104709809855256
ENSG00000212829	0.161598069096113
ENSG00000225472	-0.0214354837491867
ENSG00000272871	0.165839524295414
ENSG00000215237	-0.067513107362661
ENSG00000234297	0.147130334433258
ENSG00000164975	-0.0315488430285642
ENSG00000147874	-0.0514563351874477
ENSG00000147872	-0.071549185216341
ENSG00000272842	0.182334202425051
ENSG00000260912	0.314395070659264
ENSG00000171843	-0.0479855899652619
ENSG00000188352	-0.0217153000200955
ENSG00000188921	-0.021817736399853
ENSG00000177047	0.0300634040830714
ENSG00000198642	-0.0803086261828265
ENSG00000184995	0.127001396742019
ENSG00000120159	-0.0784513020212562
ENSG00000137055	-0.0272906605381726
ENSG00000096872	-0.0676359770270201
ENSG00000287355	0.0137080276696044
ENSG00000107201	0.00649355472528848
ENSG00000197579	-0.172945237183145
ENSG00000086061	-0.222044944178411
ENSG00000086062	0.0175299798682096
ENSG00000086065	-0.0676590336010306
ENSG00000086102	0.0379025998617817
ENSG00000165271	0.00615813986986961
ENSG00000281128	-0.030003781947245
ENSG00000137073	0.0237533815795891
ENSG00000198876	-0.051780098260209
ENSG00000165006	-0.0611596424961751
ENSG00000164976	-0.0209914589235192
ENSG00000168913	0.230748174305279
ENSG00000137070	0.168677500614923
ENSG00000122733	0.032307765934584
ENSG00000137094	-0.108936315624651
ENSG00000279489	-0.202587699415903
ENSG00000287868	0.0254008388671674
ENSG00000279608	0.0160963796325168
ENSG00000005238	-0.0476069864431994
ENSG00000198853	-0.014663052545232
ENSG00000137078	-0.0168274254226644
ENSG00000159884	-0.0374724320047813
ENSG00000137133	0.066382922368993
ENSG00000137103	0.0453133513329481
ENSG00000196196	0.116268072152677
ENSG00000235387	0.121012130702472
ENSG00000122694	0.0273255421191187
ENSG00000159921	-0.0854325141555821
ENSG00000215283	-0.0311757434366488
ENSG00000137106	0.0386558467450414
ENSG00000137054	-0.00858608252138508
ENSG00000107371	-0.0153073885976463
ENSG00000122741	-0.0405481879107664
ENSG00000213839	0.0510512467113528
ENSG00000107338	-0.0266358178031599
ENSG00000215126	-0.00350705160027728
ENSG00000235659	-0.106468330869469
ENSG00000147996	-0.0415313092820926
ENSG00000274026	-0.0659796712874268
ENSG00000187866	0.073172302428897
ENSG00000236998	0.0771979193204892
ENSG00000119139	-0.0346463299786157
ENSG00000236801	0.324593117200655
ENSG00000198887	-0.0439418803101487
ENSG00000119138	0.0604886731041746
ENSG00000155621	-0.0149610612332636
ENSG00000236060	0.203917686730888
ENSG00000107372	-0.0409448037025382
ENSG00000135045	-0.0634009843712472
ENSG00000156017	-0.0501896765065028
ENSG00000289440	0.0687191582678745
ENSG00000135069	-0.0867641607315081
ENSG00000186940	0.192542920634138
ENSG00000135018	-0.0738650241088076
ENSG00000165113	-0.0428006623839509
ENSG00000178966	-0.0940261667141408
ENSG00000165121	0.000982742362432251
ENSG00000135040	-0.0531000667968286
ENSG00000135047	0.0204237067024916
ENSG00000106723	-0.0816950347555094
ENSG00000275017	-0.218382473599887
ENSG00000130045	-0.0748684898898205
ENSG00000224945	-0.0176623398084362
ENSG00000123975	-0.261216668101436
ENSG00000130222	0.194245378024589
ENSG00000165023	-0.0386356119076082
ENSG00000289123	-0.0497456365643141
ENSG00000165030	0.0161309192068352
ENSG00000196305	-0.0885902837243928
ENSG00000127080	-0.0596509485406188
ENSG00000185963	-0.0450758063602253
ENSG00000127084	0.0157476153853303
ENSG00000165233	-0.0491734852687341
ENSG00000204352	-0.0616003202343811
ENSG00000048828	0.00303642726565482
ENSG00000289031	-0.102656798539308
ENSG00000148120	0.00197302020884281
ENSG00000271384	0.313299780538695
ENSG00000185920	-0.0371811687094175
ENSG00000271659	0.202891968901946
ENSG00000268926	-0.01997104739533
ENSG00000225194	0.0311854310527208
ENSG00000165244	-0.00122768561409564
ENSG00000130956	-0.0206756713170195
ENSG00000158122	0.00236336041239061
ENSG00000196312	0.0198806749914933
ENSG00000269907	0.113834629115695
ENSG00000228376	0.00592714687758444
ENSG00000228038	-0.0144374232092512
ENSG00000136937	-0.0233051900005883
ENSG00000136936	0.0601278715954399
ENSG00000136932	-0.000813178186689255
ENSG00000165138	0.0418523189438235
ENSG00000106799	-0.135942611320781
ENSG00000119523	-0.0899036840735307
ENSG00000106803	-0.0584071974998466
ENSG00000119508	0.075379465235392
ENSG00000023318	-0.0671658457640913
ENSG00000136891	0.00980398434035487
ENSG00000066697	-0.0201199368540184
ENSG00000136897	-0.04565660593455
ENSG00000155827	0.0104121470851928
ENSG00000136783	-0.0785620265790495
ENSG00000106701	-0.109923344592324
ENSG00000095209	-0.0957728620334671
ENSG00000070061	-0.0271168954188089
ENSG00000119326	-0.0551857213828895
ENSG00000157654	-0.015228057634848
ENSG00000136813	-0.0172770079813513
ENSG00000119314	-0.0696318489665201
ENSG00000119471	-0.0366137060218217
ENSG00000148153	-0.0542430756751405
ENSG00000148158	-0.0738045311430327
ENSG00000136868	-0.0186529751056269
ENSG00000176386	0.0266602372489787
ENSG00000136875	-0.0652318312432578
ENSG00000148229	-0.069424444831333
ENSG00000157653	-0.0318511507386229
ENSG00000157657	-0.00937082146762895
ENSG00000157693	-0.0370576151722843
ENSG00000226604	0.0452525643631618
ENSG00000119401	-0.0790210805385849
ENSG00000136869	-0.0760141571972627
ENSG00000234782	-0.00475581397326999
ENSG00000106780	-0.0560779884718227
ENSG00000214654	-0.114738150509624
ENSG00000106804	-0.00741897565098941
ENSG00000119396	-0.101471679688245
ENSG00000239593	0.0236110375887892
ENSG00000148175	-0.0282557055305893
ENSG00000204136	0.103147992106321
ENSG00000148187	0.0474760026018512
ENSG00000171448	-0.0137329190955347
ENSG00000011454	-0.0153719367144587
ENSG00000148204	-0.0422309007350707
ENSG00000106689	-0.327788748657444
ENSG00000231227	-0.191484506456137
ENSG00000136918	-0.694675779711477
ENSG00000136950	-0.100521971737147
ENSG00000136933	0.0883669010601476
ENSG00000044574	-0.252858418563831
ENSG00000165219	-0.0919681529935506
ENSG00000279137	-0.0448827202371601
ENSG00000169155	-0.0380225827705016
ENSG00000177125	-0.0318414846973306
ENSG00000136828	0.00176762886631207
ENSG00000136859	0.0224195772997992
ENSG00000136895	0.0172683168955624
ENSG00000196152	-0.0249330041623715
ENSG00000136830	0.0507320708613118
ENSG00000136807	0.0555529980449185
ENSG00000136877	0.0458151460704174
ENSG00000106991	0.292786447945962
ENSG00000167103	-0.0619233423128129
ENSG00000227218	0.114442397362528
ENSG00000136908	0.0312811494951653
ENSG00000148339	-0.0807887334094113
ENSG00000148334	0.0109810838080023
ENSG00000148346	0.0164170493967256
ENSG00000167112	0.0441244546138733
ENSG00000272696	0.0716171736158664
ENSG00000167113	0.121173232042409
ENSG00000167114	-0.0277354835347443
ENSG00000167118	0.028299498522596
ENSG00000207955	0.612372851465161
ENSG00000197694	0.0420465740284493
ENSG00000280758	0.16556335813867
ENSG00000119333	-0.0513796803542723
ENSG00000160446	-0.0260238764455263
ENSG00000223478	-0.0770425901105198
ENSG00000167136	0.0229661509776072
ENSG00000171097	-0.00797864167325805
ENSG00000136802	0.0552103089315825
ENSG00000175287	0.121489872443576
ENSG00000095319	0.0366409702125963
ENSG00000148341	-0.0369208678138732
ENSG00000188483	-0.101029779340605
ENSG00000233901	-0.0319716782146153
ENSG00000236146	0.000149901652086126
ENSG00000204054	-0.0255891623021411
ENSG00000227619	0.206059442817264
ENSG00000179058	-0.019351038477898
ENSG00000288956	-0.0844958699735021
ENSG00000288924	0.109848941740939
ENSG00000107164	-0.0653667404204026
ENSG00000126883	0.0722209963258039
ENSG00000160539	-0.0622224740951788
ENSG00000130714	0.059603905759975
ENSG00000125482	0.0344293085107877
ENSG00000165698	-0.0788342370939914
ENSG00000165699	0.0442354581653174
ENSG00000196205	0.125226363016039
ENSG00000160271	0.0458672403318768
ENSG00000148288	0.151800981205188
ENSG00000148297	-0.0194206731586238
ENSG00000148303	-0.00152302544699187
ENSG00000148290	-0.0233833326001473
ENSG00000148291	-0.00146866713405274
ENSG00000148300	-0.0146471400465743
ENSG00000160323	0.0804613625687255
ENSG00000225756	0.269429331396225
ENSG00000273473	-0.0840067274208938
ENSG00000186350	0.0402588069804899
ENSG00000160345	-0.268667925541253
ENSG00000148386	0.0130974409485011
ENSG00000165643	0.048475218114469
ENSG00000107147	0.0069125461482762
ENSG00000130559	-0.0481754450559382
ENSG00000165661	-0.0249530416533382
ENSG00000187796	0.0726501314537707
ENSG00000148396	0.0302439015915282
ENSG00000237886	-0.0496651667447121
ENSG00000187922	0.184019957660313
ENSG00000267206	0.234476369910843
ENSG00000244187	0.025798866776838
ENSG00000228544	0.162682309801515
ENSG00000196642	0.0442557119922949
ENSG00000232434	0.0224508295764245
ENSG00000213590	0.0556885856020828
ENSG00000184925	-0.0504457637383036
ENSG00000198454	-0.242279491181383
ENSG00000214402	0.0272656140242219
ENSG00000180539	0.0554518378611025
ENSG00000054179	-0.0871976894642079
ENSG00000268996	-0.0492051965451335
ENSG00000177239	-0.0916421789943707
ENSG00000176978	0.0499039614641345
ENSG00000176248	0.057540701497901
ENSG00000187713	0.0114268966462935
ENSG00000212864	0.0342922754156392
ENSG00000197191	-0.267352052201877
ENSG00000188986	0.00371474743063758
ENSG00000198435	0.0219992074422086
ENSG00000188747	0.167222552038602
ENSG00000148399	0.0345247501457925
ENSG00000151240	-0.0477399319565896
ENSG00000107929	-0.0110339179446578
ENSG00000107937	-0.0433231555856589
ENSG00000047056	-0.0935784582430969
ENSG00000107959	-0.00249145980902557
ENSG00000237399	-0.00778682422106456
ENSG00000196139	-0.0437004040544783
ENSG00000205488	-0.05264562060201
ENSG00000287566	-0.0247160912355316
ENSG00000196372	-0.0583438897103388
ENSG00000108021	-0.0890060414549989
ENSG00000057608	-0.0281682712972924
ENSG00000134461	0.00393728703707401
ENSG00000134452	-0.0165323590720399
ENSG00000134470	-0.0285351281809303
ENSG00000170525	0.0927480887703842
ENSG00000212743	0.111325505806589
ENSG00000065675	-0.00460422781774425
ENSG00000288915	0.393765603322366
ENSG00000151657	-0.00305613793918316
ENSG00000271046	0.318023419449187
ENSG00000134463	-0.0197799670675956
ENSG00000181192	2.43555231182499e-05
ENSG00000165609	-0.0186403368747514
ENSG00000225251	0.00863913584079934
ENSG00000234175	0.0286337683070367
ENSG00000086475	-0.0456430195869749
ENSG00000165630	-0.0650771178220924
ENSG00000185267	-0.000517320853375049
ENSG00000187522	-0.00922821276187392
ENSG00000272853	0.0724482300543011
ENSG00000176236	-0.129738495578071
ENSG00000148468	0.00622874101400318
ENSG00000107614	-0.00771610391693503
ENSG00000026025	0.0440353290982358
ENSG00000260589	0.0263574311185151
ENSG00000136738	-0.0742318146316442
ENSG00000231920	-0.0894263163769451
ENSG00000204682	-0.127220891833449
ENSG00000180592	-0.0254266336153978
ENSG00000279623	-0.106634505723764
ENSG00000168283	-0.0811238457441022
ENSG00000165312	-0.0869818080483852
ENSG00000185875	0.0112781275768542
ENSG00000077420	0.0635323615193172
ENSG00000136758	-0.0887828381776142
ENSG00000107897	-0.0421329397528297
ENSG00000224597	-0.0383566824592232
ENSG00000107968	0.146147740143132
ENSG00000272914	0.1643805091805
ENSG00000223834	0.00722996216972141
ENSG00000289412	0.0500575972713778
ENSG00000108094	-0.0775584030276964
ENSG00000095794	-0.0051682076801097
ENSG00000269952	0.134537313129615
ENSG00000271335	0.0144031543814847
ENSG00000229644	0.0433400596222913
ENSG00000198105	0.0961246912304209
ENSG00000189180	0.00104636001292399
ENSG00000075407	-0.0361029834341078
ENSG00000196693	0.0283123170868089
ENSG00000165733	-0.00960326184058087
ENSG00000169826	0.0527937524216406
ENSG00000198915	0.00119760868980568
ENSG00000150201	0.0740433064241033
ENSG00000169813	-0.0700392337960752
ENSG00000236114	-0.13224256797207
ENSG00000196793	-0.0131446302745616
ENSG00000198298	-0.036944309216282
ENSG00000169740	0.0283645424634873
ENSG00000226245	-0.104200352593881
ENSG00000277288	0.180775352808967
ENSG00000107562	0.338254456807953
ENSG00000107551	0.15314419625563
ENSG00000165507	0.222776316383987
ENSG00000165511	0.063719748719471
ENSG00000165512	-0.0438867986236855
ENSG00000012779	-0.0101589718364597
ENSG00000165406	0.00530430333324389
ENSG00000172671	-0.0542454470664676
ENSG00000172661	0.0668906334446639
ENSG00000266412	-0.00346032013889548
ENSG00000289092	0.0648553844193229
ENSG00000213412	0.0940427543887071
ENSG00000266524	-0.118773905988023
ENSG00000215065	0.038981284558028
ENSG00000277758	0.0371844138235929
ENSG00000279822	0.00435626440870442
ENSG00000225830	-0.0421714897194215
ENSG00000197444	0.147555232825441
ENSG00000229870	-0.0809496442913967
ENSG00000227345	-0.0719073854761279
ENSG00000204152	0.00791475038481998
ENSG00000279863	0.224085786122882
ENSG00000226200	0.0698745076905198
ENSG00000151151	-0.0837925824777079
ENSG00000165443	0.0225109462906237
ENSG00000165449	-0.0365224983712091
ENSG00000288052	-0.00917673867440667
ENSG00000183346	-0.0975995883614185
ENSG00000150347	-0.07164068975237
ENSG00000138311	-0.103325230173068
ENSG00000171988	-0.0639265049500546
ENSG00000272767	0.176102615169081
ENSG00000198739	-0.0384203280164231
ENSG00000148634	-0.0717138392753772
ENSG00000108187	0.0292914618833387
ENSG00000138346	-0.0376217014112685
ENSG00000260400	0.0447942449010702
ENSG00000060339	-0.0201558034993481
ENSG00000165732	-0.035227221315371
ENSG00000122862	0.0829249685047045
ENSG00000122958	-0.0235101366945739
ENSG00000156502	0.00124987770570892
ENSG00000156521	-0.0069907827121859
ENSG00000172731	-0.00892094757117765
ENSG00000148730	0.0586479033699029
ENSG00000280401	-0.00833930310375606
ENSG00000138316	-0.048769741689473
ENSG00000166228	-0.00881750994939777
ENSG00000237512	-0.263360624051878
ENSG00000198246	0.00710520922804261
ENSG00000279406	0.134701914269219
ENSG00000107736	0.00809852519767851
ENSG00000107738	0.0389994727724944
ENSG00000197746	-0.0570182068483887
ENSG00000289592	-0.115864639475432
ENSG00000122863	-0.070704179486436
ENSG00000272988	0.0316241827346197
ENSG00000166295	-0.0090029198487812
ENSG00000200170	0.30591486839739
ENSG00000168209	0.0756944599014435
ENSG00000107745	-0.00375113680923649
ENSG00000213700	-0.0751975244370171
ENSG00000122884	-0.0826835614977207
ENSG00000138286	0.0155909553020207
ENSG00000288559	-0.0235478008881842
ENSG00000229659	-0.0475106140533813
ENSG00000107758	-0.138424825204709
ENSG00000268584	-0.0732603028194087
ENSG00000272140	0.0226872865733122
ENSG00000242338	-0.0419755706920496
ENSG00000279088	0.107452911838746
ENSG00000272589	0.00186624626460804
ENSG00000148660	0.111448815659918
ENSG00000156650	-0.0238712922901217
ENSG00000237149	0.032858050415815
ENSG00000233871	-0.127432331915025
ENSG00000148606	-0.0475731341005924
ENSG00000108175	0.0151113372173756
ENSG00000108179	0.102603854313065
ENSG00000185303	-0.175216374669014
ENSG00000122852	-0.168105441062542
ENSG00000188199	-0.0503774006772143
ENSG00000230091	0.0320265080373493
ENSG00000122378	-0.0834978664615232
ENSG00000287358	-0.0184171844645332
ENSG00000285972	0.108627927790942
ENSG00000178429	-0.0329778641618269
ENSG00000062650	-0.0667831566216684
ENSG00000272734	-0.1067978797348
ENSG00000286445	0.0302785462499135
ENSG00000107789	-0.143511082264886
ENSG00000198682	0.0732776468367873
ENSG00000026103	-0.0265890329495003
ENSG00000119917	0.184250827071847
ENSG00000185745	0.0451321177763968
ENSG00000152778	-0.00834642673953646
ENSG00000152782	-0.0595604807886862
ENSG00000232229	0.0745436576455922
ENSG00000148677	0.190165162692734
ENSG00000119938	0.0207260180871848
ENSG00000180581	0.149493321299953
ENSG00000095564	-0.0389324505537307
ENSG00000152804	-0.048061675156421
ENSG00000138119	0.0681398246146914
ENSG00000173145	0.035084725484533
ENSG00000107438	0.0164398317582847
ENSG00000095637	-0.186482932865598
ENSG00000138185	0.0224394806149041
ENSG00000107443	-0.017025304890441
ENSG00000095585	0.010329739021012
ENSG00000197430	0.59315455370844
ENSG00000235677	-0.180018371943663
ENSG00000155629	-0.0611557138873594
ENSG00000213390	-0.00844079955877169
ENSG00000165879	-0.0111253798499998
ENSG00000181274	-0.00962646553119453
ENSG00000052749	-0.0173220174090138
ENSG00000155229	0.023429963329151
ENSG00000241935	-0.0421008481747122
ENSG00000119986	0.0193406859918454
ENSG00000155254	0.231108071009335
ENSG00000095713	-0.000843215473905931
ENSG00000107521	0.0649922963572146
ENSG00000287261	0.0573235472952901
ENSG00000172987	0.0242096283785002
ENSG00000120053	-0.0745158887435115
ENSG00000155287	0.0764122859071337
ENSG00000198018	-0.0369308323279319
ENSG00000119929	-0.0379148558089961
ENSG00000014919	0.0580306093531794
ENSG00000107554	0.00677346822042241
ENSG00000107566	0.013805000846798
ENSG00000213341	-0.0391252776438228
ENSG00000196072	-0.116338235611446
ENSG00000099194	0.158719488422995
ENSG00000235823	0.0368192984313925
ENSG00000166136	0.00208693742269267
ENSG00000166135	0.0553452536989875
ENSG00000273476	-0.014309795114252
ENSG00000095539	0.154797911396796
ENSG00000107815	-0.0299914638140379
ENSG00000186862	0.0591792464718116
ENSG00000273162	-0.000204760625464441
ENSG00000107821	-0.0284032177888958
ENSG00000289441	0.0191011390384888
ENSG00000166169	0.090445451506811
ENSG00000198408	-0.0333159650946121
ENSG00000198728	0.0358902548110122
ENSG00000148840	0.073391916314292
ENSG00000166197	-0.0116843589382036
ENSG00000107862	-0.0141156009120458
ENSG00000077150	-0.0732126825291642
ENSG00000156398	0.131234981985461
ENSG00000272912	0.251269950602445
ENSG00000156374	-0.0352808923037126
ENSG00000148835	-0.034561086799937
ENSG00000148843	0.0099392880242587
ENSG00000107960	-0.00695153727542583
ENSG00000213260	-0.176884444073567
ENSG00000108039	0.00581450572445571
ENSG00000148700	-0.044683841129657
ENSG00000119953	-0.0509538000123575
ENSG00000138166	-0.112301347078286
ENSG00000270589	0.0345575549473292
ENSG00000234118	0.0908276977073039
ENSG00000119927	0.0394403653461499
ENSG00000197142	0.151517937902103
ENSG00000023041	0.0564517079634384
ENSG00000165806	-0.0101840063585241
ENSG00000275024	-0.111737340762862
ENSG00000151553	-0.0709066453709251
ENSG00000165868	-0.0185861623714198
ENSG00000277879	0.000898749152984034
ENSG00000177640	-0.0461075734660412
ENSG00000165669	-0.0192973779667921
ENSG00000119973	-0.0164944071621626
ENSG00000277687	-0.185753071176875
ENSG00000289126	-0.0594014268856123
ENSG00000119979	0.00330311161243347
ENSG00000165672	-0.0725492078383432
ENSG00000148908	0.106571032507718
ENSG00000151929	-0.23733027959987
ENSG00000197771	-0.0472533298401719
ENSG00000107651	-0.0494105449543087
ENSG00000203805	-0.0881577521001871
ENSG00000177234	-0.00322852907051952
ENSG00000287936	0.155289410630295
ENSG00000138162	-0.0256140119243053
ENSG00000166033	0.0765388058317561
ENSG00000138161	0.00474589195467416
ENSG00000119965	-0.136164160251724
ENSG00000095574	-0.117215176019123
ENSG00000196177	-0.0150842665759739
ENSG00000182022	-0.132278472925281
ENSG00000203791	-0.0583620905500422
ENSG00000249456	-0.0586409346626876
ENSG00000175029	-0.0481000853437414
ENSG00000273599	-0.0325611255320904
ENSG00000234134	-0.140857458920529
ENSG00000107949	-0.000472776267608576
ENSG00000089876	-0.00483034754434458
ENSG00000203780	-0.14861916898392
ENSG00000287609	0.0535609952436384
ENSG00000235180	-0.0712700834901909
ENSG00000132334	-0.0960127916243088
ENSG00000287427	-0.354424383268085
ENSG00000275005	0.361220208820106
ENSG00000277218	0.304531928720292
ENSG00000175470	-0.0372662187479366
ENSG00000176171	0.0441345433287938
ENSG00000151640	0.0421719087613802
ENSG00000232903	0.0376389108960649
ENSG00000256925	0.160131940429939
ENSG00000197177	-0.07406865631649
ENSG00000171798	0.0444729010704669
ENSG00000130640	0.00849076267093643
ENSG00000148803	0.0241591843165705
ENSG00000127884	0.010203242319981
ENSG00000148824	0.0183126619016269
ENSG00000177951	0.0462031024305388
ENSG00000142082	0.0525203004985718
ENSG00000174885	-0.0120288780568687
ENSG00000185201	0.107759474679606
ENSG00000185885	0.418794761506824
ENSG00000142089	0.134747425039788
ENSG00000174915	0.00902425335160309
ENSG00000177225	0.122688808705452
ENSG00000255284	0.169155834769458
ENSG00000184524	0.0514981712196835
ENSG00000177666	0.0609915713975264
ENSG00000183020	-0.0720967979113772
ENSG00000255153	0.0865577347978401
ENSG00000174672	-0.000804990385230403
ENSG00000244242	-0.0460994708953784
ENSG00000130592	-0.0208251946603971
ENSG00000130600	-0.139817453018245
ENSG00000110665	0.0530725098788579
ENSG00000110651	0.0175830213742493
ENSG00000184281	-0.0453134300999768
ENSG00000269821	0.0218752580010816
ENSG00000237941	0.174583605613049
ENSG00000205531	0.0267122364138289
ENSG00000110619	-0.0930055448338019
ENSG00000236710	-0.133173279793261
ENSG00000021762	0.0777220086126141
ENSG00000005801	0.071666297709231
ENSG00000129749	0.182698233094251
ENSG00000148985	0.149359589668814
ENSG00000228661	-0.0669391180945057
ENSG00000167323	-0.0817641606642286
ENSG00000230593	0.0270480893308629
ENSG00000132109	0.116818953380166
ENSG00000167333	-0.00531609224879902
ENSG00000244734	1.76104505517974
ENSG00000223609	0.254355341636738
ENSG00000213934	0.270829044624192
ENSG00000258659	0.0486499316744358
ENSG00000132274	0.161993149070375
ENSG00000181074	-0.00177606900493297
ENSG00000267940	0.120376987427185
ENSG00000051009	0.108999682863714
ENSG00000166313	-0.114276438302935
ENSG00000110169	0.104824014104445
ENSG00000110171	-0.0489555685990064
ENSG00000132254	-0.0762751451308669
ENSG00000166337	0.0479007728077253
ENSG00000166340	0.0546286473281588
ENSG00000166394	0.0923817214604587
ENSG00000176716	0.0925580405324747
ENSG00000212607	0.251487824692347
ENSG00000166471	-0.215261861726287
ENSG00000205339	-0.0819654732174521
ENSG00000166478	-0.0740388187757368
ENSG00000239470	0.00260768325803897
ENSG00000148926	0.234502674242334
ENSG00000072952	0.127540628291996
ENSG00000198730	-0.0954105775956268
ENSG00000246308	-0.0118758336008071
ENSG00000247271	0.0140648296984208
ENSG00000254598	-0.0948060675838198
ENSG00000189431	-0.0626691887773655
ENSG00000133818	-0.0514743930231365
ENSG00000129083	-0.125280172707948
ENSG00000011405	0.00549792326482734
ENSG00000188211	-0.00324749565128647
ENSG00000187486	-0.0208060533215957
ENSG00000260196	0.179780995894229
ENSG00000006071	0.122920680785536
ENSG00000129159	0.00104693974192898
ENSG00000173432	0.103255342563526
ENSG00000110756	0.0416613361039852
ENSG00000110768	-0.028564197007645
ENSG00000134333	0.00705043801842387
ENSG00000151116	-0.0367514792672145
ENSG00000257043	-0.0583765422196817
ENSG00000183161	-0.165178939162854
ENSG00000148943	-0.141430350758486
ENSG00000176697	-0.231865772649745
ENSG00000224411	-0.0191224608048378
ENSG00000170946	-0.048276137330469
ENSG00000007372	-0.0780772123722075
ENSG00000049449	-0.249622373068365
ENSG00000149100	-0.0834996146084895
ENSG00000135378	-0.059939550479392
ENSG00000060749	-0.0955834173171911
ENSG00000110422	-0.182955733416121
ENSG00000110427	-0.0684247589946138
ENSG00000205177	-0.0443393170054512
ENSG00000085063	-0.0173460745266113
ENSG00000135363	-0.102386082298096
ENSG00000286626	-0.00522327866578658
ENSG00000135387	-0.049252815928251
ENSG00000135372	0.00785833923625116
ENSG00000166016	-0.0184898523558094
ENSG00000121691	-0.0780657251540185
ENSG00000255521	-0.135668459535114
ENSG00000026508	-0.172352341481913
ENSG00000149090	-0.0219074197784804
ENSG00000166326	0.0366321123309532
ENSG00000179241	-0.0276384747534256
ENSG00000110442	-0.0035902190507036
ENSG00000175104	-0.0197048055615221
ENSG00000166181	-0.0354451778031855
ENSG00000283341	0.0167704254836066
ENSG00000166199	-0.0236094090228092
ENSG00000213693	-0.149094020789654
ENSG00000187479	-0.0477175079002856
ENSG00000244953	-0.0685121330271411
ENSG00000110455	0.146084799495158
ENSG00000019485	0.00996694835927176
ENSG00000121671	0.0682061528582906
ENSG00000121680	0.0152569305272443
ENSG00000110492	-0.000714494418071602
ENSG00000180720	0.0255447013702052
ENSG00000110497	-0.0340927523746971
ENSG00000244313	0.25713255073246
ENSG00000180423	-0.040233015280684
ENSG00000175213	-0.0132374248364434
ENSG00000175216	-0.0454940916253652
ENSG00000149182	0.0227091547441675
ENSG00000134574	0.013922752937767
ENSG00000025434	0.0704831324195929
ENSG00000110514	-0.0506271305752668
ENSG00000066336	0.0762753695073167
ENSG00000165915	0.0847520104424262
ENSG00000165916	0.00434682887825783
ENSG00000213619	0.0267953979670615
ENSG00000196666	0.131581525912388
ENSG00000200090	0.448559053812144
ENSG00000149115	0.0832386822292313
ENSG00000186652	0.0158381273250597
ENSG00000149150	0.0679592650817759
ENSG00000156587	0.0664070840289633
ENSG00000149131	-0.0321236043492105
ENSG00000172409	-0.0166940745107555
ENSG00000156599	0.0343840028378731
ENSG00000110031	0.0729792610049903
ENSG00000245571	-0.0109425677797146
ENSG00000197629	0.231982532494257
ENSG00000166889	0.0542009120721538
ENSG00000110077	-0.111006035824682
ENSG00000166927	0.173973879008807
ENSG00000166928	0.213252126433244
ENSG00000183134	0.355987561245071
ENSG00000167992	-0.0550523302817775
ENSG00000149476	-0.0178441847278413
ENSG00000187049	0.06318598466884
ENSG00000256591	-0.0339315754491586
ENSG00000162148	-0.381478249141749
ENSG00000255931	-0.0347119921214318
ENSG00000204950	-0.336367906627697
ENSG00000134780	-0.0439227522509782
ENSG00000168496	-0.0373808104446312
ENSG00000134824	0.0231140565952002
ENSG00000149485	-0.0712369117128586
ENSG00000221968	-0.0117438446375639
ENSG00000149503	-0.0581214906288042
ENSG00000149016	-0.0114487045284796
ENSG00000149480	-0.0461832891708797
ENSG00000149499	0.159843151478744
ENSG00000149489	0.0737869868731952
ENSG00000168002	-0.0134163739936168
ENSG00000162227	0.0269392727272104
ENSG00000162231	0.120702568456516
ENSG00000269463	0.0980909877636602
ENSG00000133316	-0.00721479619916584
ENSG00000255717	0.135062496087011
ENSG00000168003	0.0305300749355936
ENSG00000133321	0.115293813154627
ENSG00000184743	-0.0121924824913058
ENSG00000133318	-0.116002856586123
ENSG00000168005	-0.101213154914314
ENSG00000167770	-0.0372818433188059
ENSG00000126500	-0.0410038188453277
ENSG00000256481	0.0979384641654859
ENSG00000288852	-0.11189336117469
ENSG00000289486	-0.276021264303026
ENSG00000168439	-0.171671505186027
ENSG00000149781	0.0203360234963198
ENSG00000149743	0.122033851070472
ENSG00000149761	-0.0144491640374196
ENSG00000110011	0.118601187208704
ENSG00000173511	0.114590772757366
ENSG00000181908	0.020841816074649
ENSG00000068976	0.1722547235299
ENSG00000168067	0.130930627678543
ENSG00000133895	0.0226041077279122
ENSG00000110046	0.0309663616779105
ENSG00000168062	0.114786049528328
ENSG00000168061	-0.0633714417266082
ENSG00000149823	0.0268914392345181
ENSG00000174276	-0.0821999077540007
ENSG00000254455	-0.420249626562391
ENSG00000255200	0.218821511828069
ENSG00000173825	-0.0463956362721251
ENSG00000126391	-0.0480141083904141
ENSG00000251562	0.157094402250352
ENSG00000142186	-0.0591057198389183
ENSG00000168056	0.0432571586581372
ENSG00000260233	-0.0242389427432272
ENSG00000173465	0.0271006061017413
ENSG00000173039	0.00439355969781616
ENSG00000285533	0.0666485599802948
ENSG00000172977	-0.0564812891379954
ENSG00000172922	0.0572161469899139
ENSG00000254470	0.00604615277480445
ENSG00000172757	-0.0394851977561544
ENSG00000172638	0.0496974094023072
ENSG00000172500	-0.0182762960954986
ENSG00000175592	-0.0944436792015645
ENSG00000175550	-0.0433508757886174
ENSG00000175467	0.0713593336723153
ENSG00000175376	-0.132040237399525
ENSG00000175334	0.0416471048927822
ENSG00000286459	-0.112815563812915
ENSG00000087365	0.0131919207250568
ENSG00000255038	0.0804755402220311
ENSG00000174996	-0.00546664190794605
ENSG00000174669	0.120886433930998
ENSG00000254510	-0.123063546852137
ENSG00000174576	-0.24972830413552
ENSG00000174516	-0.0105861079628942
ENSG00000255517	0.0609986552514975
ENSG00000174483	0.0605238334925587
ENSG00000174080	0.0388281725405698
ENSG00000173992	0.142613545976711
ENSG00000239306	0.0342953140907117
ENSG00000173933	-0.0313407675603845
ENSG00000173914	0.0384709319152041
ENSG00000173898	-0.0128220110309587
ENSG00000173599	0.0168176069857408
ENSG00000173227	-0.0863718088723233
ENSG00000173120	-0.00146009924339811
ENSG00000172613	-0.0438518985985827
ENSG00000175482	0.0451235212699792
ENSG00000175505	-0.0269870097247322
ENSG00000275484	0.372242144805834
ENSG00000175634	0.0590452915730931
ENSG00000175544	0.14339683433877
ENSG00000172663	0.081413610351822
ENSG00000110697	-0.108559823230773
ENSG00000167797	0.00729167785154486
ENSG00000167792	0.0795501469955139
ENSG00000132744	0.451600787587566
ENSG00000160172	-0.0322630260726243
ENSG00000171067	-0.0111750521489067
ENSG00000110090	0.0953189696169459
ENSG00000162341	0.0546324885876028
ENSG00000255980	0.231347300784986
ENSG00000168040	-0.020488656826172
ENSG00000244411	0.184102144148594
ENSG00000241233	0.151236953800868
ENSG00000204572	0.0286806513109714
ENSG00000254978	0.0755779993748469
ENSG00000228915	-0.0201948495981576
ENSG00000137522	-0.0246961066020436
ENSG00000137496	0.0808176692540301
ENSG00000149357	0.0144818154178684
ENSG00000110200	0.0559648894469217
ENSG00000165457	0.0362424005552388
ENSG00000162129	-0.0446732239948656
ENSG00000214530	-0.128617542553881
ENSG00000168010	0.168576564377957
ENSG00000137478	-0.016896409062818
ENSG00000257038	0.124623865318707
ENSG00000110237	0.118519450086018
ENSG00000054967	-0.0736571392527388
ENSG00000021300	0.304600939107877
ENSG00000175538	0.0928509305270844
ENSG00000254837	-0.00156205384649169
ENSG00000255136	0.0830814998876065
ENSG00000149257	-0.34978872545016
ENSG00000085741	-0.0204711489425451
ENSG00000179240	-0.048421346534397
ENSG00000137507	0.175605620972313
ENSG00000182704	-0.0104698520151618
ENSG00000078124	-0.0295483083123321
ENSG00000149260	-0.0652482923293196
ENSG00000149269	-0.0585211765556058
ENSG00000241782	0.0248857217941782
ENSG00000159063	0.0189952854851119
ENSG00000137502	-0.0780110354508466
ENSG00000246067	0.0221750335855853
ENSG00000137494	-0.129931758781289
ENSG00000254551	-0.0932124704457508
ENSG00000074266	-0.0225635523603701
ENSG00000255222	0.043277995381464
ENSG00000151376	0.0291568260319422
ENSG00000150687	0.0468725499562589
ENSG00000280339	0.0560837133027136
ENSG00000109861	0.046806038116356
ENSG00000077616	0.0376811536109674
ENSG00000280385	-0.137351856528093
ENSG00000110172	-0.235106917278262
ENSG00000280367	-0.329274729741469
ENSG00000279696	0.0579822239251672
ENSG00000166012	-0.0533619351865501
ENSG00000207304	-0.102485637084365
ENSG00000020922	-0.0299153025306685
ENSG00000168876	-0.0222642931131205
ENSG00000196371	0.0143782194211374
ENSG00000260008	-0.143590018162542
ENSG00000277459	-0.183694600273644
ENSG00000137693	-0.0398211971788577
ENSG00000023445	-0.0366017580345808
ENSG00000288833	0.0894929464720667
ENSG00000110330	-0.0785629710761753
ENSG00000255337	0.0201019675227363
ENSG00000149968	0.135178126736063
ENSG00000196954	-0.0735178843688443
ENSG00000137752	-0.0866189563154885
ENSG00000204397	-0.0917220857000917
ENSG00000152578	-0.107013531991572
ENSG00000288012	-0.0927790699206941
ENSG00000149311	-0.0193345611268197
ENSG00000254890	0.338399915789262
ENSG00000137727	-0.0596694886617009
ENSG00000214290	-0.025477502715457
ENSG00000170145	-0.0280498251862399
ENSG00000137713	0.0334656306166289
ENSG00000086848	0.012454552341483
ENSG00000176343	0.159957019501336
ENSG00000149300	-0.0744431922334487
ENSG00000150776	-0.01371291145601
ENSG00000204370	0.0514446826926535
ENSG00000150782	0.0982338131561035
ENSG00000197580	0.00378581524606431
ENSG00000247416	-0.0532443173589824
ENSG00000149294	-0.00932370041628478
ENSG00000149292	0.0535574126026904
ENSG00000270179	0.0493942628380135
ENSG00000086827	-0.0470496101027444
ENSG00000109906	-0.0605901519893368
ENSG00000076053	-0.0451260969231012
ENSG00000246100	0.0170267839344337
ENSG00000137656	-0.0165939129756383
ENSG00000109917	-0.0218527253809706
ENSG00000160584	-0.000926248643194548
ENSG00000160613	-0.0371021064192868
ENSG00000278768	0.129040109702723
ENSG00000276505	0.150556808613786
ENSG00000110324	0.0590245505147791
ENSG00000149575	-0.026548788665485
ENSG00000149573	0.154929595358654
ENSG00000255435	0.036969598894795
ENSG00000149582	-0.00873039428940927
ENSG00000095139	-0.0853116697907507
ENSG00000278376	0.311630694762079
ENSG00000186166	0.157620300747079
ENSG00000149428	-0.218172374140091
ENSG00000160695	0.00594365851066286
ENSG00000172269	-0.0106268672835105
ENSG00000172273	0.0355218123387475
ENSG00000160703	0.0400616015272016
ENSG00000110395	-0.046071463328311
ENSG00000076706	0.10955235271522
ENSG00000173456	-0.144549524534171
ENSG00000036672	-0.0129801631583049
ENSG00000154096	-0.182647969871287
ENSG00000137642	0.0196375848841822
ENSG00000109971	-0.282234607278228
ENSG00000200879	0.071745436973869
ENSG00000023171	0.00039405190956336
ENSG00000166261	0.012201644486614
ENSG00000064199	-0.123817075327293
ENSG00000134955	0.0858590399369967
ENSG00000165526	0.0163813246356564
ENSG00000280832	-0.02657588708756
ENSG00000254612	0.0539586170783774
ENSG00000170325	-0.0576193749728861
ENSG00000255057	0.148508125148169
ENSG00000196323	-0.0833394986634202
ENSG00000279090	0.272703172083646
ENSG00000151503	-0.0340915128885315
ENSG00000226210	0.0610750682223307
ENSG00000120645	0.0806797886868095
ENSG00000249695	0.121598503063287
ENSG00000177406	0.0768006769330219
ENSG00000002016	-0.0262194442615737
ENSG00000250132	0.0458714011215596
ENSG00000082805	-0.020425626141524
ENSG00000166159	-0.00767452989425384
ENSG00000256271	0.102844647469046
ENSG00000274659	0.0624750683178545
ENSG00000004478	-0.191278637178497
ENSG00000111203	0.0455282527928176
ENSG00000053702	0.0558848464597067
ENSG00000250899	-0.0459221436227946
ENSG00000227081	0.161146033032681
ENSG00000047621	0.00207384262747892
ENSG00000110799	0.248771147846589
ENSG00000010278	0.0114746568310881
ENSG00000067182	-0.100316689915008
ENSG00000111321	0.0160273708773555
ENSG00000256433	0.0492896186177753
ENSG00000213942	0.155767576122266
ENSG00000139192	0.141053026564279
ENSG00000139190	0.111828093893363
ENSG00000111639	0.0536991466016251
ENSG00000010295	0.163442374118263
ENSG00000111641	0.0524330416733831
ENSG00000184574	0.163618646943288
ENSG00000111644	-0.0230052731809103
ENSG00000111653	-0.0236066787939944
ENSG00000111652	0.0166762115832986
ENSG00000010610	0.103598819658326
ENSG00000250510	-0.181736766315623
ENSG00000111664	0.280283740337559
ENSG00000111667	-0.0381429575243188
ENSG00000240370	-0.0468939250320541
ENSG00000111674	-0.0324102554508067
ENSG00000215021	0.019397621461126
ENSG00000126749	0.00407906767231242
ENSG00000182326	-0.0714710441431506
ENSG00000159403	-0.0930805304221252
ENSG00000139178	-0.0158601681817856
ENSG00000139194	-0.0229057904936681
ENSG00000256967	0.0419923405469142
ENSG00000177575	-0.282492250603062
ENSG00000059804	-0.10461206601358
ENSG00000171860	0.0836478240748311
ENSG00000275367	0.188011437201617
ENSG00000277952	0.314818389986393
ENSG00000166523	-0.162535182605817
ENSG00000166532	-0.023381590075163
ENSG00000245105	0.0963217340848089
ENSG00000256427	0.05964797141875
ENSG00000111788	-0.00670863633906391
ENSG00000256594	0.00841305653897305
ENSG00000069493	0.107120219253923
ENSG00000110848	0.0591335021892332
ENSG00000110852	0.00245437977990118
ENSG00000197992	0.114734351242811
ENSG00000173391	0.168383775013575
ENSG00000060138	0.0501130113229437
ENSG00000121318	-0.0385536366422149
ENSG00000212125	-0.00375901503049014
ENSG00000255837	-0.0179378885304618
ENSG00000205791	0.146727398241744
ENSG00000111266	-0.0667658823930133
ENSG00000111269	-0.0894921214661778
ENSG00000183150	-0.0259289314333407
ENSG00000178878	0.114138461807675
ENSG00000084444	0.00744604655155691
ENSG00000134531	-0.401258626445482
ENSG00000171681	-0.0354947893683669
ENSG00000246705	0.142877012217986
ENSG00000111348	0.22002509795699
ENSG00000008394	-0.13488654513629
ENSG00000256844	-0.119737877475195
ENSG00000287074	-0.086675711792995
ENSG00000004700	-0.0368216401870127
ENSG00000134548	0.211619771563194
ENSG00000111731	-0.035896268760553
ENSG00000278969	0.116298019640779
ENSG00000205707	0.0100974444549173
ENSG00000275197	-0.0772762848569173
ENSG00000123094	-0.0119682417791394
ENSG00000111790	-0.0981043329022018
ENSG00000064115	-0.0207477207821527
ENSG00000152944	-0.132364539519688
ENSG00000211455	-0.120616868954458
ENSG00000276261	-0.11675847035307
ENSG00000087448	-0.0324725287034534
ENSG00000247934	-0.0492737821680551
ENSG00000273989	-0.169261257307255
ENSG00000275278	0.259141434020887
ENSG00000275476	-0.0131854144739318
ENSG00000257176	-0.106119058461418
ENSG00000274315	0.237019457210021
ENSG00000087502	-0.0229728613471383
ENSG00000133704	0.00914499776850182
ENSG00000285517	-0.0137772685666564
ENSG00000139160	-0.0448829637275762
ENSG00000276058	0.0672931055150001
ENSG00000174718	-0.0927341988248002
ENSG00000277342	0.186915664422362
ENSG00000274964	-0.0685249964940356
ENSG00000139132	-0.015667844540112
ENSG00000276148	-0.0300082839915384
ENSG00000175548	-0.171312769616379
ENSG00000257718	-0.166656646315351
ENSG00000151233	-0.0521431008264732
ENSG00000129317	0.005482329746964
ENSG00000198001	0.0705331420084053
ENSG00000151239	-0.020078737952567
ENSG00000177119	0.0034366672259906
ENSG00000189079	-0.0360132087546334
ENSG00000134294	-0.163102409382539
ENSG00000111405	-0.0240434719437947
ENSG00000280054	0.059324492002532
ENSG00000274737	0.0676693221907594
ENSG00000079387	-0.0112667700969477
ENSG00000240399	-0.140893130749023
ENSG00000273765	0.178382818453642
ENSG00000139620	-0.0504598370025695
ENSG00000174243	0.036694116392189
ENSG00000139537	-0.106617659627844
ENSG00000139549	-0.0568827651352311
ENSG00000123416	-0.027319184615672
ENSG00000167552	0.0334189271762328
ENSG00000167553	0.0233735648823553
ENSG00000257464	0.59462963996507
ENSG00000187778	0.0176616362823585
ENSG00000110844	-0.0126350466421447
ENSG00000257243	-0.139578417167032
ENSG00000135472	-0.0818367230530401
ENSG00000086159	0.218520327465222
ENSG00000110881	0.177263553840097
ENSG00000167588	0.240161062454625
ENSG00000161813	-0.0383440054974681
ENSG00000123268	-0.095519185671157
ENSG00000185432	0.0839253095683714
ENSG00000274156	-0.277495162606832
ENSG00000110911	-0.0952132799448416
ENSG00000050426	0.0795689225822408
ENSG00000184271	0.00926942349006687
ENSG00000183283	0.0913762156627588
ENSG00000170545	-0.00494446290065571
ENSG00000110934	0.0684960833168113
ENSG00000050438	0.0208649486315276
ENSG00000196876	-0.0571687691918569
ENSG00000139567	0.322302343792674
ENSG00000161835	0.0858760913050377
ENSG00000123358	-0.131265784738805
ENSG00000259884	-0.561617060666602
ENSG00000123395	-0.103485229339288
ENSG00000257829	0.0318681798538538
ENSG00000257337	0.125406590693961
ENSG00000167778	-0.0551951466720169
ENSG00000205352	-0.00136724465396017
ENSG00000282977	-0.0791810029493853
ENSG00000139625	0.0651373666749744
ENSG00000250742	0.039842363224084
ENSG00000123405	0.0416876009856687
ENSG00000139572	-0.201337785525531
ENSG00000161642	0.193275750847973
ENSG00000161638	-0.0116785372145678
ENSG00000161634	-0.0750564597107647
ENSG00000135404	-0.0125151265520506
ENSG00000258056	0.0498012222289047
ENSG00000257384	-0.00661561581438671
ENSG00000135414	0.0205574730278149
ENSG00000065357	0.0790966172892491
ENSG00000123374	0.00536028970108574
ENSG00000170515	-0.00602820827743095
ENSG00000229117	-0.00549276486227791
ENSG00000062485	-0.00187892107417683
ENSG00000111602	0.0418210170675124
ENSG00000135423	0.00474405498211114
ENSG00000110955	-0.0171094988871538
ENSG00000110958	-0.105980484657783
ENSG00000166860	0.0485851788465848
ENSG00000166863	0.0995244005716064
ENSG00000166866	0.072135839336732
ENSG00000166881	0.0368180420031763
ENSG00000166886	-0.00372848967515717
ENSG00000182199	-0.0692771530686523
ENSG00000179912	0.0112344819883844
ENSG00000123329	0.0336356345217537
ENSG00000166986	-0.00504175182452732
ENSG00000175197	-0.11504908148872
ENSG00000166987	0.242236232485908
ENSG00000166908	0.000826724822073884
ENSG00000178498	0.0558031086201503
ENSG00000240771	0.00161506202240621
ENSG00000111012	0.0317470235867048
ENSG00000123427	0.0269764938540518
ENSG00000273805	0.0598765335209082
ENSG00000135655	-0.0618140078565493
ENSG00000221949	0.0992778566841143
ENSG00000257354	0.127838164236106
ENSG00000275180	0.146362542545309
ENSG00000139239	0.23290554783593
ENSG00000118600	-0.0465721353698773
ENSG00000255642	0.09945158676112
ENSG00000174206	-0.00655507433825186
ENSG00000184575	-0.0663892320287213
ENSG00000111490	-0.00735116143045844
ENSG00000276853	0.0282339117630727
ENSG00000174099	-0.017025257298386
ENSG00000139233	-0.02572549910337
ENSG00000111530	-0.114540977148199
ENSG00000240087	0.16502244629591
ENSG00000127314	-0.0283955094154794
ENSG00000111581	0.0329669266483052
ENSG00000175782	0.0756222409951776
ENSG00000166225	-0.071204686778381
ENSG00000135643	-0.0361487200351331
ENSG00000277223	-0.11866445123405
ENSG00000133858	-0.015853956884381
ENSG00000173451	-0.212614958007072
ENSG00000139291	-0.0782953742939676
ENSG00000080371	-0.071352192916657
ENSG00000121749	-0.105990840467431
ENSG00000273987	-0.108313806055526
ENSG00000257497	-0.0793821797610589
ENSG00000179941	-0.114165010736152
ENSG00000175183	-0.276748724963013
ENSG00000289218	-0.0524807531131064
ENSG00000231738	-0.0833047479676231
ENSG00000133641	-0.152129071821056
ENSG00000139318	0.204140345589006
ENSG00000274021	0.136726463112873
ENSG00000271259	0.271971857334454
ENSG00000139323	-0.00411515325779693
ENSG00000257594	-0.0541701348061322
ENSG00000133639	0.0446803220997139
ENSG00000246985	0.0107840334871049
ENSG00000120833	-0.00378653516950922
ENSG00000258365	-0.0128875584014877
ENSG00000120798	0.00296896964263185
ENSG00000111144	-0.0673008229046671
ENSG00000111145	-0.0167771624756595
ENSG00000287454	-0.107852211986052
ENSG00000059758	-0.147066601488824
ENSG00000139350	-0.0614244694333066
ENSG00000227825	-0.125047378090999
ENSG00000120802	-0.0398174149855683
ENSG00000166130	-0.0097375121160016
ENSG00000111647	-0.108268014984576
ENSG00000136021	-0.150450765493818
ENSG00000120800	0.0015336037344576
ENSG00000274560	0.0531414251955532
ENSG00000166598	-0.164320328534591
ENSG00000139372	-0.0077652624091406
ENSG00000151131	0.0285302560556235
ENSG00000136051	-0.0438132703150523
ENSG00000136044	-0.0282720456621552
ENSG00000277715	0.105363623068044
ENSG00000257711	0.044734810016264
ENSG00000260329	-0.108133513155358
ENSG00000008405	-0.111074059448766
ENSG00000151136	-0.0297074630750546
ENSG00000110851	-0.0643967001446558
ENSG00000187855	0.00299568237398066
ENSG00000183160	0.321414458227047
ENSG00000110876	0.242693175476082
ENSG00000084112	-0.0433125010080133
ENSG00000256262	0.009645830632554
ENSG00000189046	0.079031276084061
ENSG00000076248	0.0322104984541599
ENSG00000076555	-0.002347310286927
ENSG00000139428	0.012083011586596
ENSG00000139436	0.102071785302012
ENSG00000174437	-0.073858427400702
ENSG00000111229	-0.0619593612578785
ENSG00000111231	-0.0804896176285749
ENSG00000111237	-0.13148001534517
ENSG00000196850	-0.0324819116203172
ENSG00000122986	0.0116959551041552
ENSG00000111271	0.0347417113735784
ENSG00000089022	0.0264057695206139
ENSG00000111300	-0.016421541711961
ENSG00000135148	-0.0343783175072883
ENSG00000173064	-0.0251410313619314
ENSG00000089009	0.0538149524615467
ENSG00000089127	0.198746144556156
ENSG00000111331	0.253619354638127
ENSG00000111335	0.247235329099129
ENSG00000186710	-0.749023242653388
ENSG00000139405	-0.081509779436191
ENSG00000186815	0.118208644322918
ENSG00000277566	0.254159884426965
ENSG00000089060	0.0141065145927452
ENSG00000122965	0.0413391001732082
ENSG00000275898	-0.0469843593081331
ENSG00000176834	0.0429124772829331
ENSG00000089220	0.043795048552899
ENSG00000111725	0.0623444122305677
ENSG00000111737	-0.0966521182126485
ENSG00000277283	-0.0973552492749345
ENSG00000089154	0.025535353040074
ENSG00000089157	0.00845326124495572
ENSG00000255857	0.0247382916192062
ENSG00000089163	0.0147998481593941
ENSG00000135097	0.0125745622532053
ENSG00000111775	0.0677116410680528
ENSG00000170855	-0.0711417265216188
ENSG00000257218	-0.0686895545798132
ENSG00000219355	-0.143905903905327
ENSG00000088986	-0.050754420187999
ENSG00000248008	-0.117339384289363
ENSG00000278344	-0.0304768113052695
ENSG00000022840	0.0460184930423164
ENSG00000167272	0.0313437806088479
ENSG00000110917	-0.0327367777494059
ENSG00000122971	0.110984069040435
ENSG00000135114	0.0381397462078917
ENSG00000089094	-0.0192737371351595
ENSG00000276045	0.0231133336325287
ENSG00000139714	-0.234437946526565
ENSG00000139725	-0.0395550092962558
ENSG00000212694	0.157318224734602
ENSG00000255856	0.282642390466354
ENSG00000130779	-0.0615399799701279
ENSG00000274191	0.147901586723575
ENSG00000196917	-0.0735175756959238
ENSG00000139722	0.00298112988845405
ENSG00000150967	0.0116906377036687
ENSG00000182196	0.0459307726716916
ENSG00000111328	0.125444540552175
ENSG00000139697	-0.0242751469295356
ENSG00000150977	-0.0322193995920375
ENSG00000086598	-0.0618480214913219
ENSG00000111364	-0.0112296544925108
ENSG00000185344	0.0024598050277398
ENSG00000250091	-0.0562007601184564
ENSG00000275389	0.0311971604052518
ENSG00000196498	0.0402281827674252
ENSG00000150991	-0.140613323386314
ENSG00000150990	-0.0331506292326039
ENSG00000184992	0.00688029583447729
ENSG00000278266	0.00269974658212559
ENSG00000249926	0.0339994518904527
ENSG00000185163	0.102061368071736
ENSG00000184967	0.0361546902483492
ENSG00000255916	0.0409372246049608
ENSG00000279113	0.121063273099963
ENSG00000280287	0.00738215555946334
ENSG00000176915	-0.0312835424223643
ENSG00000072609	0.0651257460838772
ENSG00000250790	-0.147155987763589
ENSG00000196458	0.0504198049918603
ENSG00000198393	-0.0539644497510762
ENSG00000256223	-0.00557507217663623
ENSG00000090612	-0.0719938326610646
ENSG00000275964	-0.146024679126112
ENSG00000289235	-0.0187076553219004
ENSG00000237672	-0.045720434056849
ENSG00000165474	-0.196622619445491
ENSG00000238286	-0.0777950171260686
ENSG00000172458	0.0149691727974925
ENSG00000279135	0.253197147386838
ENSG00000275485	-0.0760104468490051
ENSG00000233325	-0.161768395849595
ENSG00000232977	-0.026134864316093
ENSG00000182957	0.000314771204848708
ENSG00000228741	-0.01022206763557
ENSG00000151849	0.0744102412710124
ENSG00000139496	-0.0882203645858726
ENSG00000180803	-0.0627892741165497
ENSG00000127870	-0.165172725152787
ENSG00000132964	-0.0419713561852226
ENSG00000132970	-0.069351027003884
ENSG00000132975	0.0452574519064556
ENSG00000122033	-0.00621093772404104
ENSG00000261485	0.0535204493970083
ENSG00000152520	-0.000928696143089472
ENSG00000233588	-0.152425688445194
ENSG00000279499	-0.213545238501762
ENSG00000189403	-0.053002135080151
ENSG00000213411	0.471295549122459
ENSG00000132952	-0.079658388376299
ENSG00000132965	-0.0360617603325942
ENSG00000102802	-0.0959289391322625
ENSG00000120694	-0.422621372090906
ENSG00000083642	-0.0948908336829914
ENSG00000277151	-0.00936557560862752
ENSG00000133121	0.00378050362109327
ENSG00000276672	-0.0132491831630401
ENSG00000261728	0.0194584716841388
ENSG00000133104	-0.0786190625969972
ENSG00000133101	-0.133112323387951
ENSG00000133111	-0.0110321496303361
ENSG00000120697	-0.0195544197484804
ENSG00000120686	-0.0660884518086698
ENSG00000183722	0.00497997127359281
ENSG00000150907	-0.0362978673688923
ENSG00000120696	-0.0967706546739265
ENSG00000120662	0.012382814363206
ENSG00000277662	0.200245272071793
ENSG00000238189	-0.280467110815439
ENSG00000102804	-0.145142587226831
ENSG00000180332	-0.0792996864016387
ENSG00000133112	0.0655213390235241
ENSG00000273149	0.231176928736038
ENSG00000170919	0.159758833525153
ENSG00000214455	0.2524412412921
ENSG00000174032	0.00878137113456509
ENSG00000136152	-0.0466813608591833
ENSG00000136167	-0.0420115649160833
ENSG00000102445	0.0266795008314124
ENSG00000278462	0.18738787420574
ENSG00000139684	-0.0740356856339184
ENSG00000260388	0.0237103333051676
ENSG00000139687	-0.0401518714546801
ENSG00000139679	0.0620229335812746
ENSG00000136161	0.0602937004907496
ENSG00000274929	-0.0913858795357442
ENSG00000102531	-0.169329103844862
ENSG00000136169	0.0117239805269466
ENSG00000136147	0.0482014815563226
ENSG00000102753	-0.0990174850244663
ENSG00000204977	-0.0505617608940197
ENSG00000198553	-0.119868647891297
ENSG00000232150	-0.00220039914118676
ENSG00000102786	-0.060955614968303
ENSG00000102796	0.0763712429184578
ENSG00000231856	0.00431277902777394
ENSG00000232872	0.0808688067387384
ENSG00000243406	0.10782365923456
ENSG00000250299	-0.00743755550120073
ENSG00000165416	-0.0422133728858122
ENSG00000083520	-0.098944460506263
ENSG00000286330	-0.018195275035702
ENSG00000289644	0.0333889249811706
ENSG00000228444	0.138532138513885
ENSG00000178695	0.0299509527973119
ENSG00000102805	-0.0450427538474233
ENSG00000005810	-0.0976810261313679
ENSG00000271776	-0.0133745214515742
ENSG00000152192	0.0372063758294888
ENSG00000178235	-0.211928032750745
ENSG00000272515	0.145684791022106
ENSG00000088451	-0.026738347783403
ENSG00000247400	-0.069385313280636
ENSG00000102580	-0.0578904749618796
ENSG00000276704	-0.510719034480733
ENSG00000102572	-0.0255276843739967
ENSG00000224418	-0.100773181333927
ENSG00000169508	-0.11430731396989
ENSG00000237082	0.109202885549729
ENSG00000102452	-0.0559443673702309
ENSG00000134901	-0.0532843071260567
ENSG00000134899	-0.0320268533438189
ENSG00000139826	-0.20061747498714
ENSG00000274331	-0.199676320030854
ENSG00000276269	-0.277329090316903
ENSG00000187498	0.0561142341695343
ENSG00000134871	0.0540598259494587
ENSG00000139832	0.0433733830952407
ENSG00000213995	0.0275128046427418
ENSG00000134905	0.00706224519681871
ENSG00000153487	-0.0571388924256295
ENSG00000277767	0.101874066939522
ENSG00000102606	-0.092351104251503
ENSG00000126216	-0.0500147323279691
ENSG00000277159	-0.00580810347801711
ENSG00000274922	0.0976127816938334
ENSG00000126217	0.0236111117250608
ENSG00000269376	0.138041083109843
ENSG00000126226	-0.0246243043755769
ENSG00000139842	-0.00543662218051104
ENSG00000150401	-0.0120694892935045
ENSG00000198176	-0.0149766672450827
ENSG00000279770	0.0448345491224831
ENSG00000185989	-0.0169618623821223
ENSG00000226158	-0.127023202197365
ENSG00000198824	-0.0472354606484982
ENSG00000260615	0.0940744916001256
ENSG00000258806	0.234477837420253
ENSG00000129484	-0.0398849985416962
ENSG00000129566	0.0600112526345174
ENSG00000092094	0.175137617880962
ENSG00000100823	0.0128236250718967
ENSG00000198805	-0.0970387697082928
ENSG00000258908	0.190890121024228
ENSG00000169397	0.0188819979276774
ENSG00000136315	-0.166406919463956
ENSG00000169385	0.0716971136807832
ENSG00000165795	0.160771675824092
ENSG00000092199	-0.0107689763100491
ENSG00000100888	-0.00540979421014675
ENSG00000129472	-0.00501712846134616
ENSG00000092203	-0.0200261308441186
ENSG00000165821	-0.0258064619718151
ENSG00000100439	-0.0460863306193873
ENSG00000155463	0.069976518701673
ENSG00000155465	0.00305096187283816
ENSG00000157227	-0.0961835214887662
ENSG00000197324	-0.0229587066067095
ENSG00000100462	-0.0989133516704396
ENSG00000092036	0.0958237349936909
ENSG00000100802	-0.0344921151446572
ENSG00000280129	-0.0315454924411695
ENSG00000288795	0.135029653675594
ENSG00000235194	0.248707952021176
ENSG00000129460	-0.0499382786444419
ENSG00000136367	-0.0100236767796137
ENSG00000259431	-0.104826177352204
ENSG00000215256	-0.00777133358604467
ENSG00000186648	0.174039088339438
ENSG00000100889	0.00936536369053258
ENSG00000092010	0.0395871669469932
ENSG00000100911	0.104226309222358
ENSG00000092098	0.110028453579696
ENSG00000213928	0.130957032848119
ENSG00000196497	0.0737668803239077
ENSG00000278784	0.239179666026952
ENSG00000254505	0.100212372623917
ENSG00000092330	0.00173086077594126
ENSG00000100949	0.0288651050716899
ENSG00000288044	0.0721563432573739
ENSG00000213903	0.00940805917042774
ENSG00000100968	0.099499300337844
ENSG00000092140	-0.141918326112229
ENSG00000129493	-0.0899199873773223
ENSG00000258655	0.0742401195339675
ENSG00000100852	-0.177385547174071
ENSG00000165389	-0.230049751938504
ENSG00000198604	0.0259662031993792
ENSG00000100906	0.0648187255241693
ENSG00000151332	-0.118535485661831
ENSG00000253563	-0.0623886321938499
ENSG00000259137	-0.0550747623590216
ENSG00000179476	-0.039562321576046
ENSG00000179454	-0.119410639854715
ENSG00000198718	-0.123580462782017
ENSG00000129534	-0.0809912182340768
ENSG00000165501	-0.0154999642591201
ENSG00000168282	-0.0913979504493596
ENSG00000259155	-0.086233640989739
ENSG00000125375	0.0487144414042427
ENSG00000198513	-0.132506047736373
ENSG00000151748	-0.0029493996269835
ENSG00000100504	-0.0474217112830176
ENSG00000131969	-0.101671067725492
ENSG00000168229	-0.0277557360066417
ENSG00000100522	0.0156118216264121
ENSG00000073712	-0.0741539369912968
ENSG00000288045	-0.0623735716342856
ENSG00000100528	-0.100020477247048
ENSG00000020577	-0.0437725923300824
ENSG00000180008	-0.123834530004153
ENSG00000168175	-0.0948706403129926
ENSG00000289523	0.0336853706293181
ENSG00000131981	0.142245835478305
ENSG00000259318	-0.0448879244002017
ENSG00000277763	-0.243084423362753
ENSG00000070367	-0.121291572742907
ENSG00000100567	-0.0814030210391292
ENSG00000032219	-0.104920594214673
ENSG00000213598	0.139969693860957
ENSG00000126790	-0.0256337923513118
ENSG00000126773	-0.0580312013805499
ENSG00000139974	0.0252248364950429
ENSG00000100644	-0.0963277875085801
ENSG00000186369	-0.0468544523709811
ENSG00000288802	-0.049726068986158
ENSG00000089775	-0.00651732138454463
ENSG00000070182	-0.0383234259812522
ENSG00000272158	0.0890220939036655
ENSG00000125952	0.0348697543868036
ENSG00000259078	-0.00789419691293764
ENSG00000072415	-0.085556353108497
ENSG00000134001	-0.0638266413731693
ENSG00000198133	-0.0257338523287634
ENSG00000259502	0.00743134352737954
ENSG00000100568	0.0878722106261024
ENSG00000185650	-0.103440312422833
ENSG00000072110	0.0033736677823821
ENSG00000258967	0.0669316487443669
ENSG00000081177	0.00265796050740878
ENSG00000267909	-0.199458294215338
ENSG00000100647	0.00721187983161447
ENSG00000273797	-0.191167534265813
ENSG00000100678	-0.0222426623754384
ENSG00000274330	-0.207196637505783
ENSG00000259158	0.0377697709218484
ENSG00000275630	0.0178702428825472
ENSG00000100731	-0.0908035979128782
ENSG00000285936	-0.199720150973646
ENSG00000100767	-0.0445798681109047
ENSG00000133961	-0.0136063229816508
ENSG00000258524	0.317867460900509
ENSG00000119661	-0.184288052173572
ENSG00000119725	-0.0285501123632295
ENSG00000156050	-0.0231158293175566
ENSG00000119711	-0.0585478642614388
ENSG00000183379	0.229769075628816
ENSG00000165898	-0.0488800602951001
ENSG00000119682	-0.0793841774030454
ENSG00000198208	0.0761184483284978
ENSG00000170345	-0.456723199243877
ENSG00000259687	-0.0637295162262934
ENSG00000258301	0.741270859112184
ENSG00000013523	0.0603501344647692
ENSG00000119669	-0.144924920559133
ENSG00000258819	0.0620725276797908
ENSG00000177108	0.0456738374295565
ENSG00000100577	0.0490472841498547
ENSG00000151445	0.00393991597821519
ENSG00000100591	-0.0942776319289925
ENSG00000063761	-0.00989160310695236
ENSG00000273783	0.0133632529460474
ENSG00000140022	-0.146406881864863
ENSG00000259032	0.0704030160108008
ENSG00000185070	-0.0824071647488026
ENSG00000140030	-0.0609795253164581
ENSG00000100433	0.0261815541498447
ENSG00000042317	-0.0135457837732116
ENSG00000070778	-0.0514196029885625
ENSG00000222990	-0.0555399885314242
ENSG00000278576	-0.00698087531440398
ENSG00000100764	-0.072973521166512
ENSG00000119720	-0.00474357778874132
ENSG00000260810	0.109495772440422
ENSG00000100815	-0.0525393118507628
ENSG00000100599	0.0676068415974761
ENSG00000066455	-0.0648491175492822
ENSG00000100604	-0.101185534085299
ENSG00000011114	-0.00778586969191581
ENSG00000133958	-0.00918980361095455
ENSG00000119632	0.0818057854516295
ENSG00000197249	-0.0106729592992558
ENSG00000188488	-0.161333981843121
ENSG00000196136	-0.354520812920705
ENSG00000100697	-0.0238107587356996
ENSG00000258572	0.16202479392111
ENSG00000168398	-0.0940752385845446
ENSG00000258788	-0.126692560516783
ENSG00000090060	-0.0677002256382386
ENSG00000100811	-0.102612515555494
ENSG00000258666	0.0405971677237042
ENSG00000140105	-0.029349568101291
ENSG00000258498	0.403574545974166
ENSG00000271780	-0.0103584299360512
ENSG00000272444	0.190517570918883
ENSG00000197102	0.0319166606837552
ENSG00000240457	-0.101909616610859
ENSG00000080824	-0.198066659999923
ENSG00000080823	-0.0724766899790104
ENSG00000022976	-0.00609307841412509
ENSG00000100865	-0.0326123373752127
ENSG00000156381	-0.107633706117836
ENSG00000100664	0.00996213810005897
ENSG00000260285	0.00571028044918823
ENSG00000166166	0.0166023752383743
ENSG00000100711	0.124499085222362
ENSG00000088808	-0.0139046158940229
ENSG00000179627	-0.00279291046055027
ENSG00000258811	-0.114264757260702
ENSG00000099814	-0.0213576319264129
ENSG00000166428	0.320333989410403
ENSG00000185024	-0.0522552422546124
ENSG00000182809	0.0255534069496422
ENSG00000185347	0.0745109264168788
ENSG00000184986	-0.107340936399052
ENSG00000211893	0.212702231186976
ENSG00000211895	0.629477039044775
ENSG00000211896	-0.125965540412459
ENSG00000211899	0.468318195729406
ENSG00000225200	0.163723897140336
ENSG00000211943	-0.0174058895178452
ENSG00000211949	0.201441899546207
ENSG00000211966	0.19480051774095
ENSG00000277435	0.113436255571028
ENSG00000140157	-0.061746146485719
ENSG00000275835	0.000115347180214434
ENSG00000280234	-0.296911785933576
ENSG00000114062	-0.0333914289122803
ENSG00000128731	-0.00876813122444873
ENSG00000260844	0.333246356297073
ENSG00000289209	-0.357379787300011
ENSG00000034053	-0.0192684240366504
ENSG00000234664	0.0675393275905716
ENSG00000276724	0.19574728893151
ENSG00000276702	0.214938693557485
ENSG00000182405	-0.0343995857420189
ENSG00000134152	-0.0406631314462913
ENSG00000128463	-0.0407368326095398
ENSG00000182117	-0.129316041559409
ENSG00000175265	0.201671806856243
ENSG00000215252	0.394446310096061
ENSG00000021776	-0.0505456946517347
ENSG00000259592	0.0683050241817211
ENSG00000259710	0.499205623578933
ENSG00000137801	-0.0433504246636959
ENSG00000128829	-0.00082904562964731
ENSG00000104081	-0.00325945717200291
ENSG00000273855	-0.00621954043201609
ENSG00000259330	-0.0235405193964851
ENSG00000188549	0.163782548214719
ENSG00000128944	-0.118304368673006
ENSG00000140320	-0.0943864945360037
ENSG00000104129	0.0770095704288861
ENSG00000166140	0.162752478130008
ENSG00000128908	0.0223905218925014
ENSG00000157021	-0.218731184634715
ENSG00000103932	0.0274910125186815
ENSG00000243789	-0.00947596577834569
ENSG00000103966	-0.0484387620064468
ENSG00000103994	-0.0325328158383689
ENSG00000092531	-0.0306752229275181
ENSG00000180979	-0.0799986172386499
ENSG00000137814	-0.0184900483207849
ENSG00000260490	-0.0898981786137685
ENSG00000137842	-0.0250270105391274
ENSG00000166946	-0.0602763879204345
ENSG00000137822	-0.0251074146931725
ENSG00000166963	0.0511524780863135
ENSG00000168781	0.0295486791847066
ENSG00000237289	0.128831540004714
ENSG00000242866	0.0255256533478117
ENSG00000167004	-0.0816132333606444
ENSG00000140259	-0.0452707046384671
ENSG00000137770	-0.0692374951358106
ENSG00000104131	0.00375298649550385
ENSG00000166710	0.0595726980944051
ENSG00000185880	0.0695953868812497
ENSG00000276121	-0.105177455494185
ENSG00000140263	-0.0128781177618955
ENSG00000279014	-0.0654177134637206
ENSG00000171766	-0.0325374345968923
ENSG00000171763	-0.12197722359151
ENSG00000137767	0.0136407982806704
ENSG00000213862	0.069528537400728
ENSG00000128951	-0.0426418821544994
ENSG00000275580	0.00293979785217596
ENSG00000104047	-0.049568134174174
ENSG00000104064	-0.0722093712218794
ENSG00000138592	-0.0286390926944308
ENSG00000138600	-0.0697617818442678
ENSG00000138594	-0.0204353856944386
ENSG00000166477	-0.040780678931227
ENSG00000069956	-0.129163901119408
ENSG00000259203	0.0213994843448616
ENSG00000069974	-0.0140888702394618
ENSG00000276533	0.20732230435415
ENSG00000225973	0.0125302409534097
ENSG00000277548	-0.129656297383458
ENSG00000256061	-0.0499196841728182
ENSG00000277245	-0.244571428208932
ENSG00000274667	-0.148336238103659
ENSG00000128849	0.0258302077012094
ENSG00000276772	0.0663496360617622
ENSG00000259250	0.0659107663092568
ENSG00000128923	-0.10239612567965
ENSG00000157450	-0.0659350271983252
ENSG00000157470	-0.140922395287274
ENSG00000140299	-0.0613832806513378
ENSG00000234797	0.229333301634839
ENSG00000198535	-0.117431900652728
ENSG00000205502	-0.398835887043823
ENSG00000274340	-0.108628085485144
ENSG00000103642	-0.0241378382544382
ENSG00000166128	-0.106951230592682
ENSG00000140455	-0.0252511610906995
ENSG00000197361	0.0244045422888858
ENSG00000166797	-0.0723757739997914
ENSG00000157734	0.235756845789088
ENSG00000169118	-0.0562522283964868
ENSG00000265967	0.328889261750204
ENSG00000140451	0.113249450462607
ENSG00000186198	0.026470797329486
ENSG00000277351	0.320199862675044
ENSG00000103710	0.115338547191199
ENSG00000090470	0.0637840603779997
ENSG00000138617	-0.0325038344320486
ENSG00000174498	0.072920122202765
ENSG00000074603	-0.030231453559585
ENSG00000138614	-0.00929731490199768
ENSG00000174485	-0.0846342950682359
ENSG00000166938	0.0579713246998031
ENSG00000174446	-0.0439663981470565
ENSG00000174442	-0.0470757991820855
ENSG00000137834	0.170037832732802
ENSG00000270964	-0.0206819326209223
ENSG00000206625	-0.360002566936023
ENSG00000140332	-0.083674050935342
ENSG00000166173	-0.0280778020024045
ENSG00000259744	0.136411264100206
ENSG00000259781	-0.0570452605152124
ENSG00000166192	0.0127369689691571
ENSG00000137817	0.0254785968527006
ENSG00000166233	-0.0326009600957482
ENSG00000205363	0.271550756886536
ENSG00000138629	0.0102158957301325
ENSG00000103653	0.0513048565635043
ENSG00000140474	0.213249560498167
ENSG00000178718	0.16372896263233
ENSG00000167173	0.0547708925514716
ENSG00000140365	0.0607902839633959
ENSG00000260274	0.0476138852542613
ENSG00000169371	-0.0019507550947198
ENSG00000173546	0.103624934534132
ENSG00000203392	0.0754461209336553
ENSG00000182950	-0.00665647480895395
ENSG00000140386	-0.0252597182540291
ENSG00000269951	-0.254037080431546
ENSG00000169783	-0.0271036318911571
ENSG00000167202	0.0439275712220416
ENSG00000166411	-0.0228988190946508
ENSG00000103740	0.06647775066143
ENSG00000140403	-0.260054506533053
ENSG00000140395	-0.0545500111655099
ENSG00000279235	0.158221912580762
ENSG00000180953	-0.101271076379159
ENSG00000140379	-0.0635747494154497
ENSG00000103876	0.0926158835151558
ENSG00000172379	-0.049786326530865
ENSG00000140406	-0.141817278415349
ENSG00000275995	-0.0640481448589613
ENSG00000259315	0.0270895788928896
ENSG00000288850	0.194998741160644
ENSG00000259494	-0.0617920632884267
ENSG00000140543	-0.029601001061246
ENSG00000172183	0.0189718797372189
ENSG00000140511	0.00222202466751716
ENSG00000140521	0.00920868600528927
ENSG00000255571	0.0812257299423715
ENSG00000261478	0.16862159222496
ENSG00000166821	-0.0541544047452638
ENSG00000242498	0.0691301389399233
ENSG00000182054	-0.0550224587427898
ENSG00000185033	0.0892572482333446
ENSG00000185043	-0.0338318768690942
ENSG00000183208	-0.0484008542292891
ENSG00000213471	-0.000425624069887822
ENSG00000182768	-0.0413007897670457
ENSG00000196391	0.0867972586249271
ENSG00000140564	-0.112589313482325
ENSG00000182511	-0.056904511723398
ENSG00000184508	0.0679167493288133
ENSG00000140553	-0.0556128300123264
ENSG00000258384	-0.0552953630391134
ENSG00000198901	-0.0631972654729386
ENSG00000184056	0.0156469739330566
ENSG00000258647	-0.0619547627739141
ENSG00000260337	-0.182918269231576
ENSG00000272888	0.00524678080646132
ENSG00000173575	-0.0145913282465582
ENSG00000289017	-0.0184058152483494
ENSG00000285700	-0.077578595263402
ENSG00000273771	0.241177701366579
ENSG00000259424	-0.118057031354266
ENSG00000140443	-0.0496544549309821
ENSG00000278022	-0.211762755829407
ENSG00000259706	0.0204042221393173
ENSG00000068305	0.0214259701722293
ENSG00000259356	0.0846008365933946
ENSG00000189419	0.0620483228622099
ENSG00000183475	-0.0739219742402158
ENSG00000131873	0.00476759088371043
ENSG00000131871	0.000408700276487267
ENSG00000131876	-0.0701256811848932
ENSG00000259658	0.0692144086647919
ENSG00000007384	0.110048525725777
ENSG00000103148	0.0156019756082094
ENSG00000206177	0.760984842799547
ENSG00000188536	1.73260781957674
ENSG00000206172	1.60916356610998
ENSG00000090565	-0.00396250760938628
ENSG00000140983	0.098996965657415
ENSG00000103266	0.0464409601425324
ENSG00000161999	-0.0455320758351003
ENSG00000127580	-0.00552077125091699
ENSG00000103260	0.0410265752292864
ENSG00000103253	-0.0188702480405358
ENSG00000127588	0.0212880033632873
ENSG00000103227	0.0298274917919926
ENSG00000260316	0.0419032312077668
ENSG00000276931	0.0875276665742002
ENSG00000277010	0.389123875674874
ENSG00000090581	0.0371411912170797
ENSG00000174109	-0.034395049756018
ENSG00000197599	0.146049448450869
ENSG00000279930	0.423851359570888
ENSG00000103249	-0.0487114266017472
ENSG00000219027	0.0565887218090542
ENSG00000187535	-0.0614075417885791
ENSG00000280327	0.0579837648447128
ENSG00000138834	-0.0214042622290536
ENSG00000063854	0.00891308483161927
ENSG00000140988	0.040809224703184
ENSG00000183751	-0.0133169593993248
ENSG00000261790	0.0449999161549609
ENSG00000167962	0.0357804896651509
ENSG00000065057	-0.0472942217731711
ENSG00000103197	0.111853782477669
ENSG00000167971	0.122379170777219
ENSG00000167965	0.0610583239600903
ENSG00000184207	0.0467313741205598
ENSG00000167967	-0.014772992896455
ENSG00000167968	0.234355498048508
ENSG00000260293	0.264328319971517
ENSG00000162066	0.0941992220704328
ENSG00000167977	-0.0085809067603287
ENSG00000172382	0.0776541334678074
ENSG00000276791	-0.0943284320197433
ENSG00000059122	-0.0346241879280988
ENSG00000262362	-0.127619147864921
ENSG00000006327	-0.0591196654067835
ENSG00000131652	0.029033260172918
ENSG00000008516	0.077412960076616
ENSG00000008517	0.107166080480721
ENSG00000122386	0.00820436933941071
ENSG00000010539	-0.0424054573191816
ENSG00000006194	-0.0425388167112468
ENSG00000279031	0.111318613448309
ENSG00000140993	-0.099330782986271
ENSG00000162086	0.0437444359165906
ENSG00000140987	0.0311933750806218
ENSG00000103343	0.00971377831296032
ENSG00000188827	0.0522239974691824
ENSG00000213918	0.016894811959972
ENSG00000126602	-0.00702778783676699
ENSG00000276754	-0.205737829620653
ENSG00000090447	0.0746424043479571
ENSG00000288935	0.00892154881459933
ENSG00000103423	-0.042365646287873
ENSG00000277170	-0.0338509318131935
ENSG00000277440	0.00500704816202574
ENSG00000153406	0.0403718097003805
ENSG00000278434	-0.0178492555473857
ENSG00000168101	-0.0638144166860013
ENSG00000168096	0.0515370271100117
ENSG00000103199	0.016974926784075
ENSG00000067836	0.071661305413896
ENSG00000275056	-0.0244286639662329
ENSG00000103174	0.0830139824005942
ENSG00000033011	-0.039625022277865
ENSG00000153446	0.121152671545548
ENSG00000067365	-0.005270055139212
ENSG00000279357	0.125596306713484
ENSG00000183044	-0.00426587327527895
ENSG00000140650	-0.000959576358503955
ENSG00000261481	0.0680939461979252
ENSG00000187555	-0.0347367799040237
ENSG00000182831	-0.0961628667710207
ENSG00000182108	0.162309853443571
ENSG00000038532	-0.0158503459480677
ENSG00000274038	-0.15692934788533
ENSG00000189067	0.0241313176551654
ENSG00000153066	-0.0116144593735523
ENSG00000122299	-0.0183275582012601
ENSG00000277369	0.329489847180266
ENSG00000171490	-0.0479749723342423
ENSG00000262097	0.0370981650144708
ENSG00000186260	-0.0847293581059375
ENSG00000276564	0.0878511187503521
ENSG00000103429	-0.0435688735467037
ENSG00000255277	-0.0366322694792886
ENSG00000179889	-0.0369243733039959
ENSG00000275910	0.0808627149177255
ENSG00000085721	-0.135343056588095
ENSG00000188599	0.152233457308364
ENSG00000250251	0.0130916514876911
ENSG00000166783	0.0107727939420263
ENSG00000275927	0.00468127267312003
ENSG00000185164	-0.0516423303296593
ENSG00000157106	-0.0531371446841594
ENSG00000278389	-0.266270424289466
ENSG00000103544	0.0107783252818781
ENSG00000276571	-0.100465893378049
ENSG00000261195	0.0218759486178743
ENSG00000180269	0.078970873191111
ENSG00000183549	0.0675274385563319
ENSG00000188215	-0.0257362850580139
ENSG00000261596	-0.141308219418838
ENSG00000140749	0.0976704435871419
ENSG00000260306	0.258034122438885
ENSG00000185716	-0.0771170045947582
ENSG00000103319	-0.0166237406261744
ENSG00000286808	0.0716833830173152
ENSG00000103404	-0.055211594067684
ENSG00000168434	0.0445258501772321
ENSG00000280039	0.107670950978508
ENSG00000083093	-0.0321532660511618
ENSG00000006116	-0.0989217597485128
ENSG00000289171	-0.447016598108258
ENSG00000262155	-0.0568783463576646
ENSG00000262700	0.274612665833461
ENSG00000275494	-0.00324225456224384
ENSG00000155666	-0.0160776804652073
ENSG00000259940	0.0719884733998175
ENSG00000077238	0.0273588059972609
ENSG00000169181	-0.0267154010661823
ENSG00000188322	0.102117468760037
ENSG00000246465	-0.0316525118668063
ENSG00000188603	0.0274877037974182
ENSG00000176046	0.107939115922502
ENSG00000176476	0.0670947790233977
ENSG00000196502	0.0320552255664004
ENSG00000178952	0.0447544299967507
ENSG00000260442	0.179545528929288
ENSG00000169682	0.119588805334248
ENSG00000213658	0.443638747277917
ENSG00000185905	-0.123825931380595
ENSG00000079616	0.0389798350367921
ENSG00000013364	0.088328628266937
ENSG00000149932	0.0359865793837226
ENSG00000169592	0.0479073868413355
ENSG00000149926	0.146391082713862
ENSG00000149925	0.00530120069300431
ENSG00000149923	-0.0204116381984939
ENSG00000149922	0.00527431748075162
ENSG00000090238	0.00931513832629631
ENSG00000102886	0.123718293591718
ENSG00000275371	0.476592072023002
ENSG00000261052	0.058577999018879
ENSG00000169221	-0.00679598828230329
ENSG00000180209	-0.0343086089628496
ENSG00000180035	-0.0848884806842777
ENSG00000179958	0.00598295212019172
ENSG00000179918	-0.0648847754338078
ENSG00000005844	0.0579219605883931
ENSG00000235560	0.0680866322721671
ENSG00000197162	0.0455231789786147
ENSG00000281991	0.172530457571667
ENSG00000156873	-0.0370737203874273
ENSG00000103549	-0.0750392526606007
ENSG00000102870	0.000313924656138277
ENSG00000099364	-0.0191903872160357
ENSG00000175938	0.0232600535198824
ENSG00000099381	0.0204987093679037
ENSG00000099377	-0.0615978953830953
ENSG00000099365	0.0722164809924871
ENSG00000167394	-0.122349396898736
ENSG00000278133	0.0552708681067196
ENSG00000089280	0.057328882599244
ENSG00000260060	0.30842729370419
ENSG00000103490	0.0737505275611758
ENSG00000140678	0.384170362168019
ENSG00000260267	0.0183247297698813
ENSG00000140691	0.0192691509519842
ENSG00000169877	0.552482991211187
ENSG00000185947	-0.0839841195507827
ENSG00000069329	-0.105165365293133
ENSG00000102893	-0.0190610948947233
ENSG00000196470	-0.0700338015194157
ENSG00000275155	0.152821095781251
ENSG00000205423	-0.029425923219603
ENSG00000121274	-0.135157643665657
ENSG00000140807	0.0377780712396482
ENSG00000260249	0.1165123001554
ENSG00000167208	-0.140739098316594
ENSG00000083799	-0.0935257089104812
ENSG00000103449	-0.0103910390014036
ENSG00000280344	0.0450076201721673
ENSG00000177200	-0.0574069817599333
ENSG00000279722	0.0676850734535874
ENSG00000166971	-0.0172841760954098
ENSG00000275191	-0.0167116085032882
ENSG00000277559	-0.0911118014447808
ENSG00000256812	-0.0448031185032707
ENSG00000125148	0.133503859944394
ENSG00000260549	-0.0186314722517825
ENSG00000205364	0.0936815086124851
ENSG00000255986	-0.0323742903399164
ENSG00000205362	-0.251163262084782
ENSG00000187193	0.185424807459349
ENSG00000261270	0.193283283742792
ENSG00000140853	0.0709929387820007
ENSG00000172775	0.0532180761845736
ENSG00000102931	0.0548490961686909
ENSG00000135736	0.00117200641700476
ENSG00000140854	-0.0852594743386492
ENSG00000140859	0.0015760641586467
ENSG00000276166	0.070844665609448
ENSG00000166188	-0.046501672446693
ENSG00000260927	-0.0747987081886777
ENSG00000070770	-0.0596275722921293
ENSG00000125166	-0.0692231887093101
ENSG00000224631	0.185503748616679
ENSG00000260187	0.0627563780506733
ENSG00000140937	-0.014429175383518
ENSG00000260695	0.0506160060202247
ENSG00000140931	0.0915010362488118
ENSG00000172831	0.137734354336391
ENSG00000289415	0.017842396024847
ENSG00000067955	-0.0653093191729151
ENSG00000237172	-0.119126672755012
ENSG00000179044	0.246642383809031
ENSG00000125122	0.075187896132299
ENSG00000159713	-0.26015973149652
ENSG00000159714	-0.00735971331141284
ENSG00000270049	0.102205944686695
ENSG00000159723	0.248862876825214
ENSG00000280214	0.131919820393873
ENSG00000102974	-0.0192694432087558
ENSG00000102981	-0.047822310379947
ENSG00000124074	0.035936044727806
ENSG00000159761	0.0846664327889952
ENSG00000167261	0.0911494633516355
ENSG00000167264	0.00523216536712798
ENSG00000103061	0.0389602341780104
ENSG00000132600	0.141872089422859
ENSG00000141076	0.0146800306760885
ENSG00000168807	-0.0103120989919438
ENSG00000132612	-0.00637971418917688
ENSG00000258429	0.10981815684922
ENSG00000132603	-0.0858787194552874
ENSG00000141101	-0.0259049245964068
ENSG00000198373	0.0155212995333197
ENSG00000090861	-0.0415033815355136
ENSG00000157349	0.00782844389001424
ENSG00000168872	-0.0135404771630355
ENSG00000157353	0.0237319218346694
ENSG00000103051	0.0971392822256331
ENSG00000132613	-0.0423134295207007
ENSG00000102984	-0.0372706170480872
ENSG00000257017	0.346912522456841
ENSG00000260664	0.0500364038805097
ENSG00000272330	0.214987446504844
ENSG00000271009	0.311060238333308
ENSG00000275236	-0.139847839866256
ENSG00000103035	-0.0876023525711863
ENSG00000168404	0.0354693947545459
ENSG00000166816	0.0624922533701386
ENSG00000184517	-0.086127629459233
ENSG00000261783	-0.0322466279000953
ENSG00000274220	0.0840613025761592
ENSG00000166822	-0.0309191144161808
ENSG00000183196	-0.0799764876918895
ENSG00000065427	0.0174325884825494
ENSG00000152910	0.0718818788590675
ENSG00000261330	0.0154564699129684
ENSG00000276007	-0.123681490802058
ENSG00000260816	0.381019190431208
ENSG00000178573	0.0334344836994532
ENSG00000278058	-0.0436284636000117
ENSG00000168589	-0.331455492610888
ENSG00000166446	-0.0475086366361137
ENSG00000140905	0.0260586598439345
ENSG00000286759	0.0777774148152035
ENSG00000230989	-0.0849563551750244
ENSG00000103150	-0.0156925827653137
ENSG00000140961	-0.0397971752985403
ENSG00000274677	0.152116652786917
ENSG00000260018	-0.0852179418016816
ENSG00000140955	0.132945102898872
ENSG00000168418	-0.0299785332884336
ENSG00000064270	-0.0196835531565955
ENSG00000261286	0.048007726987406
ENSG00000103187	-0.00555305919566202
ENSG00000135686	-0.0275911076791384
ENSG00000103196	0.0593874202689985
ENSG00000278214	0.0754596361993088
ENSG00000275088	0.17891723217578
ENSG00000278716	0.0411498468269762
ENSG00000131143	0.052316009386779
ENSG00000140968	-0.096672086215813
ENSG00000103248	0.0331867547514983
ENSG00000103264	-0.0665796078907247
ENSG00000276337	0.0838852552501291
ENSG00000172530	-0.05688203822334
ENSG00000261327	-0.0112373032865844
ENSG00000225614	0.00308825349874492
ENSG00000051523	0.234399036662861
ENSG00000185669	0.0764135395682828
ENSG00000278341	0.144882844892254
ENSG00000103335	0.0746551389902979
ENSG00000260121	0.288155723589069
ENSG00000141012	-0.137191090264034
ENSG00000167515	0.0451471224918362
ENSG00000256982	-0.115437269913239
ENSG00000259877	0.0673586917182417
ENSG00000167522	-0.0584567407171373
ENSG00000261253	0.00789338442793671
ENSG00000197912	0.0461811434832481
ENSG00000167526	0.11272421853453
ENSG00000200084	-0.374825297118682
ENSG00000185324	0.0900951846032472
ENSG00000260259	-0.252692107608512
ENSG00000158792	-0.115608721690919
ENSG00000204991	0.00522878493619812
ENSG00000141002	0.0120115253001731
ENSG00000140995	0.0282500494985188
ENSG00000141013	-0.0436555278827047
ENSG00000221819	0.0690897509820165
ENSG00000222019	-0.05251664444022
ENSG00000183688	0.192502558080651
ENSG00000167193	-0.0701442271545952
ENSG00000132376	0.00481822071751186
ENSG00000236618	-0.0445527080721769
ENSG00000167703	-0.0310230972558022
ENSG00000167705	0.0438892182650012
ENSG00000174231	-0.0146312650155051
ENSG00000185561	0.00780711363304914
ENSG00000186594	0.0635405491395854
ENSG00000167711	0.08303429250223
ENSG00000108963	0.140869303462899
ENSG00000287553	0.0269962145415489
ENSG00000263050	0.014544872075929
ENSG00000167721	0.0883772430891301
ENSG00000007168	-0.0693689075652242
ENSG00000132361	0.0405980643621162
ENSG00000083454	-0.0915953295697211
ENSG00000004660	-0.167245686768066
ENSG00000108405	0.0273988002655026
ENSG00000074755	0.00934013786618215
ENSG00000274363	0.184208346070635
ENSG00000261868	0.140787864006039
ENSG00000132382	0.00824040899662501
ENSG00000161905	-0.0584491904552034
ENSG00000141456	0.0830251291633734
ENSG00000161921	0.00970261195366771
ENSG00000141497	0.219935371133136
ENSG00000182853	0.0568996004142009
ENSG00000280254	0.0723960100177848
ENSG00000129219	0.173867793547043
ENSG00000141503	0.0638745628738114
ENSG00000108528	-0.0020804775387524
ENSG00000108518	0.0772989893878338
ENSG00000091640	-0.0251160588650653
ENSG00000108509	-0.0196873435038226
ENSG00000196388	0.0358964012125116
ENSG00000161929	0.0574978224036182
ENSG00000263164	-0.017562566911937
ENSG00000108559	-0.0432040623929461
ENSG00000129197	-0.0419351712055674
ENSG00000005100	0.0281947696186471
ENSG00000072849	-0.0200478506163213
ENSG00000091622	-0.0661625900838752
ENSG00000256806	0.0130582778070085
ENSG00000262503	0.109199624261697
ENSG00000258315	0.048125387870074
ENSG00000174327	0.0749606605516545
ENSG00000174326	-0.0708573955624838
ENSG00000141505	0.036526307632949
ENSG00000040633	-0.0192719512656294
ENSG00000132522	0.0524388711356669
ENSG00000215041	0.00812562911030973
ENSG00000213859	0.0356906358390918
ENSG00000161958	0.16499747343961
ENSG00000263301	0.00796618911836514
ENSG00000239697	0.0876407974396634
ENSG00000161955	0.089794851859846
ENSG00000161956	0.0407453345230747
ENSG00000161960	-0.0743658021467567
ENSG00000129226	0.0600495081063898
ENSG00000233223	-0.0547852546332883
ENSG00000141504	-0.0100437266149691
ENSG00000141510	0.0152578538772781
ENSG00000132510	0.111922186543433
ENSG00000179859	-0.0584628054737832
ENSG00000170049	0.284447715581167
ENSG00000170037	0.0593097260987696
ENSG00000179593	-0.0962155167290083
ENSG00000179148	-0.0468055570454577
ENSG00000179111	-0.0305574586402265
ENSG00000288993	-0.00819762001100533
ENSG00000179094	0.173438015054699
ENSG00000220205	-0.0337803326633077
ENSG00000179029	-0.0657468003787837
ENSG00000178921	0.0924955493966872
ENSG00000108961	-0.0505400333575394
ENSG00000266279	0.152824845177209
ENSG00000184619	0.0684609007904352
ENSG00000133026	-0.120890896403151
ENSG00000109063	0.082114764743332
ENSG00000133028	-0.00269167482239663
ENSG00000170222	-0.0432829794366435
ENSG00000264727	0.0978093603657627
ENSG00000154957	0.109520732969241
ENSG00000065559	-0.153032555595937
ENSG00000263648	-0.214991378245558
ENSG00000230897	0.173063119772967
ENSG00000279660	-0.114894468578008
ENSG00000125409	-0.074606736971457
ENSG00000175106	-0.0182647309334487
ENSG00000187607	-0.0146454712008618
ENSG00000276855	-0.081191422732733
ENSG00000233090	-0.449281823580204
ENSG00000011295	-0.0122669551703709
ENSG00000275413	0.0383027825560256
ENSG00000108474	0.006887569295253
ENSG00000170315	-0.0725150193711044
ENSG00000141040	-0.0754064461101985
ENSG00000197566	-0.0670422025077544
ENSG00000215030	0.858416849094284
ENSG00000108551	-0.116481573653653
ENSG00000108557	-0.0345678250981372
ENSG00000072310	0.158894429118338
ENSG00000175662	0.0418526190205301
ENSG00000141034	-0.019005987163826
ENSG00000091536	0.0235268608359882
ENSG00000266677	0.0184420799376517
ENSG00000131899	0.0726146775474492
ENSG00000177427	-0.114339826219016
ENSG00000177302	0.0441001909095597
ENSG00000176994	-0.117191389964707
ENSG00000176974	-0.051440055535623
ENSG00000240445	-0.0490554961673056
ENSG00000108448	-0.0954374571887874
ENSG00000188522	-0.0428173624582872
ENSG00000263934	0.183374398743166
ENSG00000270091	0.157058598571285
ENSG00000108599	-0.0263477862778649
ENSG00000266369	0.350431586387687
ENSG00000178307	-0.0454951387682009
ENSG00000274180	0.0391441119273433
ENSG00000034152	0.0653747785764045
ENSG00000168961	0.215209140780262
ENSG00000260777	-0.0449964537880107
ENSG00000004142	0.0470451394649283
ENSG00000279532	0.282682114634233
ENSG00000087111	-0.0872155886699415
ENSG00000167524	0.212632653761374
ENSG00000007202	-0.0023369958359539
ENSG00000109111	0.0493968273635395
ENSG00000109113	0.0907256041319955
ENSG00000264577	0.00497925573548547
ENSG00000160606	0.0892890035291773
ENSG00000160602	0.0569512943135225
ENSG00000173065	-0.0339366791512653
ENSG00000132591	0.0556246347171738
ENSG00000167536	0.010654967023426
ENSG00000179761	0.0594371105631014
ENSG00000196535	0.0567660658557319
ENSG00000108256	-0.113704052515125
ENSG00000167543	0.0496915496236822
ENSG00000265625	0.251830962366515
ENSG00000259928	0.0282561938811104
ENSG00000176390	-0.027736504517306
ENSG00000276250	0.303842781672649
ENSG00000184060	0.0371285116834071
ENSG00000266274	0.594134955196583
ENSG00000265743	0.359632910663888
ENSG00000181481	0.0524836808461394
ENSG00000126861	-0.0885620007300312
ENSG00000185862	0.109883617278875
ENSG00000108651	0.0524532750181927
ENSG00000263990	0.0355512084032411
ENSG00000178691	-0.0953173423947436
ENSG00000277511	0.0107158764389054
ENSG00000126858	-0.0622443240714475
ENSG00000141314	-0.0636265807674399
ENSG00000274341	0.0530392985004794
ENSG00000278668	0.325267323546578
ENSG00000108671	-0.0490019597501693
ENSG00000108691	-0.31337294237418
ENSG00000108700	-0.413005955584149
ENSG00000132141	-0.0185238079048605
ENSG00000073536	-0.00843800852545212
ENSG00000267547	0.125279887514112
ENSG00000271447	0.0473755302091709
ENSG00000276409	-0.0865220777837538
ENSG00000276085	-0.0136051763713398
ENSG00000276070	0.171689452574916
ENSG00000273611	-0.0075271208164245
ENSG00000277161	-0.00585066205635781
ENSG00000278311	-0.0495131807129153
ENSG00000278535	0.174301274281529
ENSG00000278619	0.0999563372739442
ENSG00000275720	0.412413743933615
ENSG00000277268	0.0742870047781555
ENSG00000278540	-0.01189979328487
ENSG00000276023	-0.223897089442276
ENSG00000274512	0.105425132356538
ENSG00000273559	-0.0225392619728864
ENSG00000199293	0.368915807238994
ENSG00000108306	-0.0656095311587912
ENSG00000273576	0.194669492355395
ENSG00000141744	0.179835459343536
ENSG00000161395	0.0262172957449533
ENSG00000141736	0.0195144221956747
ENSG00000073605	0.143082882710251
ENSG00000172057	0.0300847034100125
ENSG00000108344	-0.0325264721728258
ENSG00000108342	-0.610708846073067
ENSG00000238793	-0.155381916724182
ENSG00000131759	-0.0542263116893442
ENSG00000278918	-0.0293145739117875
ENSG00000141753	0.0884348682202305
ENSG00000213424	-0.134595412401578
ENSG00000213417	-0.0581308760994908
ENSG00000171346	0.0612695845227692
ENSG00000173812	-0.0206694548341547
ENSG00000204815	-0.178461641612952
ENSG00000168259	0.00339641372997918
ENSG00000168256	-0.039213422789864
ENSG00000267221	-0.0123522484056604
ENSG00000108771	0.144873407326386
ENSG00000168610	-0.0773791439007361
ENSG00000267222	0.197692779319851
ENSG00000108784	-0.0744992192040966
ENSG00000068120	-0.0188732012568214
ENSG00000141699	-0.0147451881296435
ENSG00000037042	0.0434724559484432
ENSG00000108797	0.00396051210583075
ENSG00000273650	0.355309646435228
ENSG00000183978	0.00832069649933579
ENSG00000126581	0.0250572313075472
ENSG00000266967	0.019690290490518
ENSG00000068079	0.150443213021486
ENSG00000067596	-0.0307654981689083
ENSG00000108861	-0.089062496178099
ENSG00000091947	0.0137453555381995
ENSG00000108840	0.0312729588993284
ENSG00000267080	0.0149401494143781
ENSG00000168591	-0.00323651154340932
ENSG00000087152	-0.0679381957628358
ENSG00000260793	0.155454925456891
ENSG00000004939	0.164226651917026
ENSG00000180340	0.209991501759647
ENSG00000180329	-0.0211090498991295
ENSG00000073670	0.0749907907695775
ENSG00000108883	-0.0408679490506283
ENSG00000131095	0.132075224608845
ENSG00000136448	-0.0300919573484463
ENSG00000172992	-0.00902569827334358
ENSG00000161714	0.0703259604287924
ENSG00000181513	0.108970030033794
ENSG00000186834	0.0287137994248043
ENSG00000224505	0.225052602975902
ENSG00000168517	-0.100543899459331
ENSG00000267121	0.164767786579244
ENSG00000225190	-0.0444813847484001
ENSG00000280022	0.0800912972667679
ENSG00000204650	0.0308040439253757
ENSG00000186868	-0.0256957296631084
ENSG00000120071	-0.0304204297405841
ENSG00000259207	0.0143024440396153
ENSG00000141279	-0.0538585434811519
ENSG00000141295	0.133891586978468
ENSG00000108468	-0.0623195322125504
ENSG00000136436	0.000539778202551144
ENSG00000108798	0.105235656145683
ENSG00000248714	-0.119928220148266
ENSG00000167085	-0.0357231167539039
ENSG00000121067	-0.0596101575689166
ENSG00000121073	-0.0800878111295329
ENSG00000108813	-0.0830538933360565
ENSG00000246640	0.129114352246462
ENSG00000005882	-0.00575248098491223
ENSG00000167100	0.0107416066042071
ENSG00000015532	0.0110582401079088
ENSG00000279792	0.0262767611912845
ENSG00000108826	0.0705020136035022
ENSG00000108829	-0.0664394128309749
ENSG00000167107	0.00942654633957028
ENSG00000136444	0.0824798206566772
ENSG00000250107	-0.0251182150812636
ENSG00000006283	0.135091375260966
ENSG00000108846	-0.190191274589328
ENSG00000141232	-0.166162340717506
ENSG00000008294	-0.0277554660476029
ENSG00000243678	0.0523838069296818
ENSG00000011258	0.000290408314265371
ENSG00000011260	-0.0044563355284547
ENSG00000154975	-0.106820782850987
ENSG00000262902	0.19258206405168
ENSG00000279059	0.205675845234694
ENSG00000108960	-0.0550020909730763
ENSG00000183691	-0.103771351228416
ENSG00000274213	-0.274611924017669
ENSG00000121058	-0.07885471136216
ENSG00000263004	0.0355477707831499
ENSG00000153944	-0.0300086413996943
ENSG00000181610	-0.0901088966421835
ENSG00000180891	-0.0246914728531072
ENSG00000264112	0.278805370740802
ENSG00000279207	-0.013342145015357
ENSG00000005381	0.0895883760541568
ENSG00000005379	0.101105879801165
ENSG00000108389	-0.028326501084116
ENSG00000182628	0.0282899187806307
ENSG00000108406	-0.0574161441833675
ENSG00000273702	-0.0403823779014029
ENSG00000141367	-0.0793901065363371
ENSG00000062716	0.000974965613111072
ENSG00000108423	-0.00716147655121055
ENSG00000108443	-0.00575515682220043
ENSG00000189050	-0.0869386587761262
ENSG00000267248	-0.0216466609775295
ENSG00000170832	-0.0513069716376561
ENSG00000062725	-0.114366415691734
ENSG00000170836	-0.0542424350078677
ENSG00000108506	-0.0765760430615239
ENSG00000108510	-0.099402273916629
ENSG00000279133	0.117031836736887
ENSG00000146872	-0.0116729247609176
ENSG00000265971	0.130027400576357
ENSG00000266173	-0.0229865022811101
ENSG00000108588	-0.139416960587027
ENSG00000198231	-0.0166890672628008
ENSG00000087191	0.0373281931533299
ENSG00000108604	0.103326050532297
ENSG00000178607	-0.0596344095591517
ENSG00000261371	0.113128157678449
ENSG00000271605	0.0146000017731723
ENSG00000258890	-0.0102885228699258
ENSG00000108854	0.0213690021314391
ENSG00000176809	0.0869157777965237
ENSG00000120063	-0.0223838962553461
ENSG00000198265	-0.0426081125018531
ENSG00000130935	-0.0849768428636083
ENSG00000186665	-0.0116540474695406
ENSG00000274561	-0.000354555392315524
ENSG00000267472	-0.0246040315103403
ENSG00000274712	-0.062364128956748
ENSG00000108932	0.0128649446653766
ENSG00000108984	-0.0594964357386316
ENSG00000271239	0.218983783330417
ENSG00000256124	-0.0487365179243456
ENSG00000179604	0.0451744936863811
ENSG00000246731	0.277304926690484
ENSG00000196169	-0.0302359411958738
ENSG00000204347	0.0658837427850018
ENSG00000170412	0.0113856091283587
ENSG00000167851	-0.0693682029652535
ENSG00000186407	-0.0379519255819109
ENSG00000172794	0.0454227303633205
ENSG00000172782	-0.0395722057819004
ENSG00000180901	-0.00276555011748009
ENSG00000125458	0.0893087497984701
ENSG00000125450	0.0960307685492863
ENSG00000125447	0.0101785852400431
ENSG00000263843	-0.0947192705878172
ENSG00000125454	-0.0260494096842554
ENSG00000177728	0.130028502006663
ENSG00000108469	0.0608994277998838
ENSG00000161526	-0.0417621312789027
ENSG00000132470	0.0207481095821538
ENSG00000108479	-0.0123430484665938
ENSG00000132475	0.0291431538193726
ENSG00000132481	0.178360093391146
ENSG00000267801	0.0654406220193571
ENSG00000257949	0.102326730231378
ENSG00000167881	-0.0485965518470228
ENSG00000182473	-0.00397659272285776
ENSG00000141576	0.0278018162502644
ENSG00000185262	-0.0962769526131457
ENSG00000129646	0.061236810514042
ENSG00000161542	-0.00064847706765506
ENSG00000176170	-0.00735679766040991
ENSG00000175931	-0.0342875277990064
ENSG00000129667	0.145745383724026
ENSG00000070495	-0.113773051539548
ENSG00000161547	0.0685907310505201
ENSG00000267065	-0.0352535985483236
ENSG00000234912	0.00487632496722977
ENSG00000129657	0.0106114243662037
ENSG00000267506	-0.0128533049263256
ENSG00000167900	-0.0385786312955525
ENSG00000184557	-0.659589389435104
ENSG00000087157	-0.0629428200360779
ENSG00000055483	0.0415782241502953
ENSG00000173894	-0.00151696250284367
ENSG00000141570	-0.101436007349069
ENSG00000167291	0.00269313212846376
ENSG00000141543	-0.152341587949639
ENSG00000279259	-0.0426248620053465
ENSG00000262580	0.194092879048944
ENSG00000276863	0.309143790352696
ENSG00000171246	-0.513390658567313
ENSG00000287403	-0.251158553568485
ENSG00000261924	-0.0466260024767231
ENSG00000176108	0.0237072197474124
ENSG00000280351	-0.123698714232019
ENSG00000141577	0.0154069478934654
ENSG00000287431	0.062544988808261
ENSG00000279692	0.121737679561528
ENSG00000289140	0.140270581127062
ENSG00000185504	0.165835156043255
ENSG00000185359	-0.011861422827964
ENSG00000262049	0.1371865224404
ENSG00000183048	0.104411345091951
ENSG00000278876	-0.0556351438289693
ENSG00000263731	0.0537886628190403
ENSG00000183684	0.0137197816609861
ENSG00000185813	-0.037024346150772
ENSG00000265688	-0.125335334323215
ENSG00000169696	0.0436695507911543
ENSG00000169683	-0.0286166333261736
ENSG00000169738	-0.022942204823649
ENSG00000169733	0.0388271285516307
ENSG00000169727	0.0311500849734687
ENSG00000169718	0.086130468855326
ENSG00000169710	-0.0554862279439605
ENSG00000264548	0.050588419467208
ENSG00000141526	0.02459534341491
ENSG00000141551	-0.0525491916162292
ENSG00000173762	0.111834512859622
ENSG00000141574	-0.200632126527442
ENSG00000260011	0.0903373254009599
ENSG00000181396	-0.0251578450281766
ENSG00000169660	0.105906375891306
ENSG00000141568	-0.0687733583515112
ENSG00000262147	-0.125047355036627
ENSG00000167363	0.143908717448182
ENSG00000262410	0.178171829771608
ENSG00000141556	0.0599523975072437
ENSG00000176845	-0.0228633905493225
ENSG00000274370	-0.039923218781126
ENSG00000261888	-0.06936567363866
ENSG00000263006	0.0913638446972971
ENSG00000101557	-0.0633533146958383
ENSG00000176912	0.025075048739645
ENSG00000266456	-0.0398399208640015
ENSG00000176890	-0.0356454913504166
ENSG00000101574	-0.0102859306198938
ENSG00000132205	-0.028557395213847
ENSG00000101605	0.0298297277796481
ENSG00000101608	0.127309697148205
ENSG00000177337	0.0260758813662747
ENSG00000264575	-0.0868366742358843
ENSG00000263753	0.0329865453774312
ENSG00000198081	0.00287996355406792
ENSG00000288939	0.0891821812815157
ENSG00000101745	-0.0556624853767553
ENSG00000273284	-0.207217629304717
ENSG00000017797	0.0213011042556481
ENSG00000154889	-0.0213775108634925
ENSG00000273141	0.0147822355582529
ENSG00000176014	0.214295383754595
ENSG00000141385	-0.0576765570040917
ENSG00000267249	0.221636068598624
ENSG00000175354	-0.0349013934814491
ENSG00000085415	-0.123077181527459
ENSG00000168675	-0.0297497802182698
ENSG00000267690	0.0468905121510376
ENSG00000265015	-0.0581699310763428
ENSG00000141446	-0.0718398749564961
ENSG00000101752	-0.164010709089539
ENSG00000134508	0.0313807362685854
ENSG00000101782	-0.0896782133792208
ENSG00000141458	0.0167328071342395
ENSG00000154040	-0.131648693458627
ENSG00000273524	-0.194425097755306
ENSG00000134755	-0.0366729622792408
ENSG00000118271	-0.620229456934965
ENSG00000259985	0.00113778688645334
ENSG00000141437	-0.0514777776499116
ENSG00000153339	-0.045163595429711
ENSG00000134758	-0.0761508201119531
ENSG00000263393	0.0746289665729506
ENSG00000215492	0.224206782246414
ENSG00000278052	-0.203422837571902
ENSG00000134769	-0.108649042638379
ENSG00000166974	-0.0537793264559748
ENSG00000268573	-0.0642202809961525
ENSG00000257267	-0.00120664179646571
ENSG00000267397	-0.0934473587660354
ENSG00000141425	-0.065666816076806
ENSG00000175886	0.194088316495761
ENSG00000078142	-0.0413085129493084
ENSG00000141469	0.281274409585401
ENSG00000152240	-0.0494680468169407
ENSG00000152242	-0.1475076644161
ENSG00000280212	0.0377108320356406
ENSG00000167220	-0.00675519164707577
ENSG00000175387	-0.0144679909599725
ENSG00000177576	-0.00176679533909375
ENSG00000265681	0.0428490220149872
ENSG00000101670	-0.0558297090051982
ENSG00000167315	0.00324495069714382
ENSG00000141639	-0.125647341607391
ENSG00000134042	-0.0326339090565263
ENSG00000141642	-0.023029953546655
ENSG00000141646	-0.0825074190687149
ENSG00000176624	-0.104398963767983
ENSG00000134046	0.0514892201375119
ENSG00000277324	0.169153949473021
ENSG00000267325	0.00559560138463943
ENSG00000091164	-0.0302381875651583
ENSG00000066926	-0.00797669867327856
ENSG00000074695	-0.149943743324371
ENSG00000134444	-0.0577884585330943
ENSG00000141664	-0.0628968558182789
ENSG00000267390	0.0783164577262879
ENSG00000166401	-0.00902234037962852
ENSG00000081138	-0.0389799695429307
ENSG00000071991	-0.027822252451706
ENSG00000166479	-0.124079585903292
ENSG00000287646	0.0408601328960449
ENSG00000170677	-0.0954763325264218
ENSG00000075336	-0.0384234740693797
ENSG00000187773	0.124066396854516
ENSG00000264247	-0.0411821846240624
ENSG00000278607	-0.124582944932555
ENSG00000180011	0.0137585074325235
ENSG00000287281	-0.0332353386021109
ENSG00000263146	0.0747221400655913
ENSG00000060069	-0.0963253115024802
ENSG00000122490	-0.144675984374476
ENSG00000101546	0.00439578702872456
ENSG00000261126	0.117888279718332
ENSG00000101544	-0.083304853786597
ENSG00000267270	-0.270295990216539
ENSG00000105556	0.0421371524965908
ENSG00000172270	0.182268742490178
ENSG00000099822	0.197326148727082
ENSG00000099821	0.0637048880845977
ENSG00000070404	0.141355283399884
ENSG00000099812	-0.0796997758626828
ENSG00000272473	0.0512452737493075
ENSG00000197561	0.0529031267512185
ENSG00000116017	-0.0113604538154767
ENSG00000065268	0.0126878113303081
ENSG00000207357	0.253508712766202
ENSG00000099817	-0.0169772989500419
ENSG00000064932	-0.073968449684053
ENSG00000099625	-0.0428691618718112
ENSG00000288704	-0.0048135888866359
ENSG00000167470	-0.0986414510789193
ENSG00000099622	0.180489008851298
ENSG00000160953	0.0381441085121261
ENSG00000115286	0.0063447150805329
ENSG00000130005	0.00123129233355948
ENSG00000071626	0.0640420227973441
ENSG00000079313	0.0030893599957435
ENSG00000099875	-0.0736111657726819
ENSG00000172081	-0.0399555852794487
ENSG00000099840	-0.076826896970432
ENSG00000104885	-0.0364601836012951
ENSG00000104897	0.111180642955729
ENSG00000104899	0.372912213084683
ENSG00000188305	0.0816048785597026
ENSG00000005206	0.130354349124607
ENSG00000099860	-0.139919814189159
ENSG00000261342	-0.0918728592592803
ENSG00000065717	0.0636074551834914
ENSG00000104964	0.0404525737300584
ENSG00000060558	-0.028323959199626
ENSG00000125912	0.0669642901019809
ENSG00000095932	-0.167325144999684
ENSG00000064961	0.026076069395659
ENSG00000006638	0.0525353508979511
ENSG00000186111	0.0369735715994316
ENSG00000105246	0.0821995587038287
ENSG00000008382	-0.0186401621484497
ENSG00000167671	-0.0271134219573014
ENSG00000167674	-0.018420998659832
ENSG00000171236	-0.327196655700262
ENSG00000287884	-0.0281155599934014
ENSG00000141965	-0.0786561916558524
ENSG00000105355	-0.0299692876479772
ENSG00000127663	-0.0351141255030242
ENSG00000105426	-0.0576553628742255
ENSG00000174917	0.0507707964132043
ENSG00000212123	0.279367186217111
ENSG00000141994	0.149042301470885
ENSG00000031823	-0.0154624817309092
ENSG00000125650	-0.146069203995157
ENSG00000104833	0.151089918563829
ENSG00000125735	-0.0351512348521289
ENSG00000125730	0.138805518805231
ENSG00000276980	-0.276168996777572
ENSG00000125733	0.144023806303795
ENSG00000269680	0.326968119874282
ENSG00000141968	-0.0538229396364095
ENSG00000130544	0.0258515421365254
ENSG00000171105	-0.0012582190087194
ENSG00000104883	0.0122131821435259
ENSG00000198816	0.0717179217240651
ENSG00000090674	-0.00337026763164757
ENSG00000032444	0.00969916125288956
ENSG00000076944	0.0588977438933966
ENSG00000104918	-0.0294382631095088
ENSG00000183019	0.0268711975619395
ENSG00000182566	-0.035652831545948
ENSG00000090659	0.0424020320650809
ENSG00000268297	0.387514072523957
ENSG00000142459	-0.0260617768100545
ENSG00000183248	0.0769175374012572
ENSG00000066044	-0.0704793536679686
ENSG00000167772	0.0670000525503935
ENSG00000267986	-5.92751112954786e-05
ENSG00000167785	-0.00680717153110975
ENSG00000278611	0.135811979632947
ENSG00000197961	-0.0394761515763098
ENSG00000171469	0.0263626670740759
ENSG00000224689	0.0281862612838502
ENSG00000267612	0.0191531446390294
ENSG00000127452	0.0378370161581089
ENSG00000127445	-0.061002964319482
ENSG00000130810	0.0321481112223014
ENSG00000130816	0.0303747370527168
ENSG00000267534	-0.0137080063903793
ENSG00000105364	-0.031474877342424
ENSG00000090339	-0.242706251408021
ENSG00000220201	0.183499669692925
ENSG00000065989	0.083649463964648
ENSG00000267197	0.056455924529928
ENSG00000130734	-0.00109547907117426
ENSG00000129353	0.0842106853397841
ENSG00000213339	0.232766289712896
ENSG00000142453	-0.00659007111130643
ENSG00000127616	0.0305937068170269
ENSG00000173928	0.0611988030999558
ENSG00000187266	0.122616782139812
ENSG00000205517	0.0825166441766536
ENSG00000198003	-0.244307357866353
ENSG00000161914	-0.025137800519799
ENSG00000130159	0.00683559975360426
ENSG00000198551	-0.0374502465346846
ENSG00000197044	-0.0320400059637218
ENSG00000198429	0.0301935392088279
ENSG00000196757	0.0423336342285391
ENSG00000197054	0.0563810473739613
ENSG00000197647	-0.0455805528973945
ENSG00000223547	-0.0528945454083972
ENSG00000257591	-0.0744682315386965
ENSG00000196646	-0.0351748122786499
ENSG00000197857	0.0307430987415783
ENSG00000188868	-0.0341084158330057
ENSG00000198342	-0.00742660073128425
ENSG00000248406	-0.0490742260195779
ENSG00000180855	0.0330719464532486
ENSG00000188033	0.0153681165050613
ENSG00000173875	0.00648352434450084
ENSG00000178464	0.295277638787184
ENSG00000105583	-0.018159722981232
ENSG00000095059	-0.0702685468157084
ENSG00000268945	-0.00126100192150808
ENSG00000123144	0.0974403645866562
ENSG00000095066	0.0771486339026653
ENSG00000171223	-0.168158136383492
ENSG00000105613	0.110301425798071
ENSG00000105612	-0.0287222221045328
ENSG00000179115	-0.0241333835751604
ENSG00000179218	-0.137505530860817
ENSG00000179262	0.014773037511347
ENSG00000008441	0.0195445759787814
ENSG00000104903	0.19423573675236
ENSG00000104915	0.0261636809289509
ENSG00000160888	-0.234118305292902
ENSG00000104957	0.0344235165653482
ENSG00000132003	-0.0568680559607034
ENSG00000132005	0.0282583624526503
ENSG00000141858	0.0973961369760118
ENSG00000123136	0.0294037337543823
ENSG00000123143	0.0718099687501881
ENSG00000123159	0.0819133437006047
ENSG00000132002	-0.444370844278466
ENSG00000099795	0.0961241189954215
ENSG00000127507	-0.049349174458532
ENSG00000188269	0.449178742242551
ENSG00000105135	0.0331273961178717
ENSG00000141867	0.0411882219666448
ENSG00000273218	0.243420072944478
ENSG00000105127	-0.0302452445900575
ENSG00000011243	0.0332850711833664
ENSG00000186204	-0.090829209358417
ENSG00000279198	-0.0427485258772094
ENSG00000105072	-0.0402422686315096
ENSG00000085872	-0.0603412498587041
ENSG00000269399	0.0692162638823531
ENSG00000269044	0.104369882948662
ENSG00000267904	0.228077193701647
ENSG00000072954	-0.045021621996467
ENSG00000127533	-0.155571013104141
ENSG00000160111	-0.00246326327693934
ENSG00000053501	0.0738158380512171
ENSG00000099330	-0.0326284640698021
ENSG00000105393	0.00540069472589267
ENSG00000130303	0.152884870624293
ENSG00000282851	0.0485778996803032
ENSG00000188051	-0.0686078588081668
ENSG00000269736	0.0421019405713706
ENSG00000269439	0.0292183726775203
ENSG00000130313	0.0185393454510698
ENSG00000130309	0.037637820634208
ENSG00000130479	-0.0833498365662398
ENSG00000105639	-0.0776918687440432
ENSG00000099308	-0.0818524667405993
ENSG00000216490	-0.0317224295726411
ENSG00000254858	-0.00785253699784035
ENSG00000105649	-0.0422607242171161
ENSG00000130518	0.0720835451017177
ENSG00000130522	-0.0212863662735361
ENSG00000130517	0.074529246139406
ENSG00000130513	0.00892580641948606
ENSG00000175489	0.0110834453909151
ENSG00000105701	0.0195875995368277
ENSG00000105700	0.0395644626060184
ENSG00000006015	0.0646380487846759
ENSG00000167487	-0.0548015551213591
ENSG00000223802	0.0326793022518434
ENSG00000105669	0.048632441351903
ENSG00000181035	-0.0338617712259217
ENSG00000064545	0.0088785972703723
ENSG00000184162	0.075574676760304
ENSG00000187664	0.110290818664823
ENSG00000105705	0.0549467206317901
ENSG00000167491	0.0207730214564273
ENSG00000105726	0.0478781572580102
ENSG00000105708	-0.0750303223818452
ENSG00000266904	0.0346919684282356
ENSG00000256771	-0.0321421133825658
ENSG00000267565	0.055264193650543
ENSG00000197124	-0.058666842304784
ENSG00000280079	0.156746119602638
ENSG00000288815	0.00663961183751888
ENSG00000105750	-0.0692686781763579
ENSG00000268747	-0.0291583258413464
ENSG00000268322	-0.322600395859964
ENSG00000196268	0.00373196920626321
ENSG00000268794	0.0547190122700627
ENSG00000267934	0.36039825456819
ENSG00000196172	-0.0799125411520711
ENSG00000268362	0.0610560529164612
ENSG00000276030	-0.165577881606102
ENSG00000267014	0.385978631142783
ENSG00000187135	0.0276280627354075
ENSG00000266910	0.195655996513104
ENSG00000131944	-0.0156700997618905
ENSG00000131941	-0.0768590105560267
ENSG00000076650	0.00832524264223405
ENSG00000153879	-0.131697878431324
ENSG00000124299	-0.0472380189832938
ENSG00000289539	0.0299549521572951
ENSG00000277013	0.198009605955836
ENSG00000126261	-0.0922591904910104
ENSG00000197841	-0.0142571743428449
ENSG00000089351	-0.0355192536864742
ENSG00000279619	-0.0959047716465303
ENSG00000089327	0.100521863664958
ENSG00000288942	0.0203518794899234
ENSG00000105697	-0.752945956352503
ENSG00000126262	-0.0820544507128439
ENSG00000236144	0.0645896941067725
ENSG00000126246	-0.0924800434029843
ENSG00000161265	0.0884793989421254
ENSG00000205155	-0.056562431242816
ENSG00000267049	-0.287845328833102
ENSG00000225872	0.0452223864200903
ENSG00000167604	0.0823166212793561
ENSG00000126264	0.192480433384674
ENSG00000126243	-0.0559288902141051
ENSG00000267388	-0.000246271401969761
ENSG00000181392	0.18538302244293
ENSG00000105270	-0.0222831662999374
ENSG00000161277	0.00636398391188961
ENSG00000266973	-0.205915673570149
ENSG00000267309	-0.125333905804913
ENSG00000189042	-0.0937843510746436
ENSG00000185869	-0.0755424400385349
ENSG00000267672	-0.121768575398927
ENSG00000245680	0.0586309785337179
ENSG00000196381	-0.00614624164402718
ENSG00000099337	0.0690553750320071
ENSG00000130244	0.0257464120279846
ENSG00000171777	0.0867198075308666
ENSG00000187994	0.0155277053118773
ENSG00000104835	0.0655953715511581
ENSG00000161243	-0.0761801374551576
ENSG00000183760	0.00419510105510858
ENSG00000179134	-0.00466707750638803
ENSG00000063322	0.0395383366878992
ENSG00000288919	0.0583942675079502
ENSG00000128016	-0.205518587023787
ENSG00000196235	0.0789763624151071
ENSG00000288770	-0.190424233021057
ENSG00000276445	0.0751145522058483
ENSG00000105204	-0.0234985052164474
ENSG00000275395	-0.103538756335602
ENSG00000013275	-0.00864768439576266
ENSG00000128000	-0.0237626970509026
ENSG00000197782	-0.0397759791467662
ENSG00000130758	-0.0454668555085751
ENSG00000197019	-0.0187791728479444
ENSG00000167565	-0.0872946083339104
ENSG00000268366	0.00916985174767375
ENSG00000160460	0.0392196978754583
ENSG00000123815	-0.0794805933866565
ENSG00000086544	-0.0807541128842872
ENSG00000077312	0.0711974750703262
ENSG00000261857	0.014175928884315
ENSG00000269858	-0.00710790185486049
ENSG00000233622	-0.0114980252475955
ENSG00000279108	0.084003792914263
ENSG00000105323	0.0294896851425542
ENSG00000277744	0.247059558326537
ENSG00000248098	-0.0185015195870135
ENSG00000267107	-0.00292347749574454
ENSG00000269800	0.152786307765181
ENSG00000270164	0.0344855097890756
ENSG00000105409	0.0459767578612269
ENSG00000105732	-0.0368963532888712
ENSG00000028277	0.153603342684204
ENSG00000160570	-0.132224734070969
ENSG00000105723	-0.00370887348992903
ENSG00000105722	0.0162529662308146
ENSG00000167619	0.233136854929069
ENSG00000105429	-0.0418376850676153
ENSG00000269374	0.086618485155102
ENSG00000204936	-0.0123939070046867
ENSG00000073050	-0.0696645314934372
ENSG00000234465	0.0799805969730961
ENSG00000124444	-0.0519273630956405
ENSG00000131116	-0.0080101395816421
ENSG00000105767	0.0259836475543754
ENSG00000011422	0.062341972834306
ENSG00000105771	0.0382540960711778
ENSG00000104783	0.0635467118360187
ENSG00000159871	0.0354070084619435
ENSG00000277806	0.0288377877556435
ENSG00000186026	-0.044252193939041
ENSG00000186019	-0.110288629531366
ENSG00000289428	-0.163399143417232
ENSG00000263002	0.0513352569429774
ENSG00000167380	-0.0301528265308519
ENSG00000131115	-0.0158965547903324
ENSG00000279103	-0.0431052522555341
ENSG00000062370	-0.0120331364852716
ENSG00000267508	0.129719513346387
ENSG00000069399	-0.163898793025945
ENSG00000130202	-0.0477323352192502
ENSG00000130204	-0.00490486403010792
ENSG00000104856	-0.0919139217753801
ENSG00000170684	0.110282120978815
ENSG00000104866	0.0366362093926903
ENSG00000007255	-0.00866212400384745
ENSG00000104879	0.0722918894578456
ENSG00000104884	0.0346082949679441
ENSG00000125740	-0.429872815208578
ENSG00000125753	-0.029479161296696
ENSG00000177464	0.0769621559738869
ENSG00000177051	-0.00636587922117844
ENSG00000177045	-0.0305345570233675
ENSG00000125755	0.076985694101243
ENSG00000170604	-0.0231969860064837
ENSG00000176182	-0.0479911386683856
ENSG00000204869	-0.0487525560090439
ENSG00000124440	0.165232865143119
ENSG00000269124	0.289366264653431
ENSG00000011485	-0.0836872254735652
ENSG00000169515	0.00370434852861451
ENSG00000204851	-0.109858461650343
ENSG00000160014	-0.081420402434752
ENSG00000160013	0.118270779703117
ENSG00000197380	0.0755284231029371
ENSG00000105287	-0.00423664823760982
ENSG00000181027	-0.0178600732777109
ENSG00000105281	-0.0783538572196234
ENSG00000160007	-0.089237368770735
ENSG00000130749	0.0543674211516942
ENSG00000142230	-0.0931820824483843
ENSG00000105321	0.0116974079005863
ENSG00000197405	-0.0845403974175808
ENSG00000134830	0.0665887671123529
ENSG00000118162	0.0343691376632529
ENSG00000105402	0.0176632219646802
ENSG00000277383	0.0746463125323481
ENSG00000185453	0.00845564397098606
ENSG00000105483	0.0279091768085018
ENSG00000268583	0.0318917886206624
ENSG00000268001	0.069086650307521
ENSG00000178150	-0.00664347016119588
ENSG00000105479	-0.551445061315736
ENSG00000142227	-0.0433637730791397
ENSG00000063176	-0.0591149656004624
ENSG00000105516	0.0757731570989129
ENSG00000176909	-0.00406092772088642
ENSG00000105559	0.0684550887338292
ENSG00000087074	-0.313964653462625
ENSG00000087088	0.0498858200427043
ENSG00000104812	0.113659575211627
ENSG00000183207	-0.0933082214541327
ENSG00000196337	-0.124568463140687
ENSG00000130529	0.18979490708096
ENSG00000104872	-0.0197601247483077
ENSG00000090554	0.0316545399385018
ENSG00000104870	0.118848352013024
ENSG00000126464	0.0568648516454754
ENSG00000126461	0.0465155110883028
ENSG00000126453	0.102398070517693
ENSG00000224420	0.083817458273939
ENSG00000169169	0.0127084602676612
ENSG00000196961	-0.0772990588887408
ENSG00000104973	-0.0114646170531477
ENSG00000104960	-0.0734236922152557
ENSG00000039650	0.0401094976888441
ENSG00000104946	0.0707648868793259
ENSG00000104951	0.00961733570092785
ENSG00000213024	-0.052172158022163
ENSG00000161643	0.108445188684507
ENSG00000131398	0.0215199528425506
ENSG00000131401	0.364284128536776
ENSG00000062822	0.0134266894480721
ENSG00000086967	-0.0360350741176942
ENSG00000204653	-0.0132992743404303
ENSG00000131409	-0.00962538690979996
ENSG00000213023	-0.0373365757066489
ENSG00000161681	0.0685142966584522
ENSG00000105472	0.0822178576726815
ENSG00000167747	0.0593992195049553
ENSG00000169035	-0.503586088226159
ENSG00000129437	0.014691930236681
ENSG00000142544	-0.00349287911489309
ENSG00000129450	-0.115211046683289
ENSG00000168995	-0.0950995614530033
ENSG00000142549	0.073531806868277
ENSG00000105379	0.0671027111771669
ENSG00000142512	0.0612277290676578
ENSG00000105366	0.340014586932283
ENSG00000289037	0.104951258117146
ENSG00000267808	-0.120120573970981
ENSG00000254415	0.13675420876938
ENSG00000269959	-0.0271974120268397
ENSG00000182310	0.0827004762888544
ENSG00000171051	-0.181852093292624
ENSG00000198093	-0.0180669765598587
ENSG00000256683	0.0389081793300333
ENSG00000197619	-0.0771695213161528
ENSG00000142556	-0.145485944979389
ENSG00000256087	-0.0176972020985866
ENSG00000260160	-0.0150877145053203
ENSG00000204611	-0.030606696035017
ENSG00000198464	0.0251994906672331
ENSG00000167555	0.0794941745871234
ENSG00000278543	0.00290622178582694
ENSG00000288953	0.0662754719101506
ENSG00000198538	0.0170356490737681
ENSG00000204604	-0.109298809508293
ENSG00000180257	-0.0505280795016358
ENSG00000170954	-0.039598411543583
ENSG00000269001	-0.0372942970293673
ENSG00000213799	-0.0282335293043637
ENSG00000160336	-0.0273678057251801
ENSG00000198346	-0.059714360300569
ENSG00000274892	0.0279249620775135
ENSG00000179820	-0.116146832507305
ENSG00000105605	0.0498181043420622
ENSG00000170892	-0.119345738252882
ENSG00000204577	-0.00831904193183757
ENSG00000244482	0.116138405614506
ENSG00000131042	0.158492946019203
ENSG00000187116	0.000354791676891646
ENSG00000167613	-0.102990526158995
ENSG00000167614	-0.00642626047445884
ENSG00000275183	0.00588322550616047
ENSG00000167617	0.158073218639645
ENSG00000104974	0.120040172917186
ENSG00000104972	-0.00314575473456098
ENSG00000125503	0.096388451709833
ENSG00000287170	0.0157829372124336
ENSG00000180089	0.186648293210708
ENSG00000133265	-0.0626316186891176
ENSG00000160469	0.0575523438825981
ENSG00000197483	-0.0669634068546264
ENSG00000179943	0.0597641338350754
ENSG00000171443	0.0791336199834057
ENSG00000261221	-0.0245890969009709
ENSG00000179922	0.111556217597666
ENSG00000213015	0.124634762774175
ENSG00000171425	0.0883913601147261
ENSG00000063245	0.0194255502545188
ENSG00000142409	-0.0571916907925054
ENSG00000167685	-0.000863509187127199
ENSG00000018869	-0.0630674881951668
ENSG00000269696	0.00690564320864697
ENSG00000197016	0.0569573540143303
ENSG00000127903	-0.0885332017727159
ENSG00000268654	0.0288597908770186
ENSG00000197714	-0.0404421110202851
ENSG00000152433	0.080263361489184
ENSG00000188785	-0.00708830764978157
ENSG00000276449	0.050423717913443
ENSG00000152439	-0.0322802275854627
ENSG00000251369	-0.0213065651099065
ENSG00000183647	-0.0606200749018165
ENSG00000083828	0.00830936825771976
ENSG00000269343	0.0144729964218667
ENSG00000204514	0.110299458289958
ENSG00000270804	-0.0441326389766954
ENSG00000152454	-0.00510591118722866
ENSG00000177025	-0.144247040157485
ENSG00000152467	-0.104866246523496
ENSG00000181894	-0.0747821714005829
ENSG00000171606	0.00971571272424924
ENSG00000213013	0.0823933447015381
ENSG00000268516	-0.0621430473604442
ENSG00000283103	0.0408894890748005
ENSG00000171574	-0.0463574630402559
ENSG00000249471	0.0247062942352947
ENSG00000083838	-0.0435887865160175
ENSG00000130724	0.00781276918648319
ENSG00000099326	0.0781587405420656
ENSG00000101255	-0.0321078978890599
ENSG00000101276	0.276519113931255
ENSG00000215595	0.117460255720255
ENSG00000280162	-0.00331329148587255
ENSG00000234684	-0.00850425663201589
ENSG00000088832	-0.0452061045029926
ENSG00000088833	0.0705347738789684
ENSG00000276649	0.170790112191552
ENSG00000125835	-0.0418952828825315
ENSG00000088876	-0.00636082511528792
ENSG00000101365	-0.000215685859817192
ENSG00000228293	-0.0326559667349337
ENSG00000088881	0.15318499722547
ENSG00000132635	0.0955780460281991
ENSG00000215305	0.0578320880117418
ENSG00000132670	-0.065341393342841
ENSG00000215251	-0.0788938188567175
ENSG00000088899	0.0031095741112827
ENSG00000198171	-0.00549910336729983
ENSG00000289494	-0.030104722148625
ENSG00000088854	-0.00321517719455636
ENSG00000101222	-0.616517093329654
ENSG00000125843	-0.0108596497185845
ENSG00000125779	-0.083831738979081
ENSG00000226608	0.388981257224969
ENSG00000171867	-0.202407255438501
ENSG00000278595	-0.14232970394297
ENSG00000132646	-0.0803987684373565
ENSG00000125772	0.249836160490143
ENSG00000125845	-0.0563341090040581
ENSG00000289505	0.0956656045747936
ENSG00000125863	-0.0210404960130808
ENSG00000101247	-0.0126919971322345
ENSG00000125844	0.0303130515400395
ENSG00000089006	0.0598157262765042
ENSG00000125871	0.0242054978172506
ENSG00000149474	-0.0247099908972349
ENSG00000125846	0.0684523059070176
ENSG00000132664	-0.0478547081623811
ENSG00000179935	-0.00678326333585254
ENSG00000185052	-0.0181091945586148
ENSG00000268628	0.0530115989835761
ENSG00000101343	-0.0749600397493531
ENSG00000214535	0.31599722266991
ENSG00000275457	0.192062120341716
ENSG00000088930	-0.0694100085701614
ENSG00000289590	0.151138354114582
ENSG00000178726	-0.462227903748804
ENSG00000279447	0.104295499159542
ENSG00000125810	-0.269663862531691
ENSG00000132661	-0.0840530303143129
ENSG00000232645	0.1681837205696
ENSG00000225056	0.200579589098802
ENSG00000077984	0.0290856598030923
ENSG00000154930	0.093534937945451
ENSG00000275358	0.33853119514865
ENSG00000277938	-0.0304315177287781
ENSG00000100994	0.0569409084314328
ENSG00000278383	0.326012497787657
ENSG00000274973	-0.0495098400201839
ENSG00000171552	-0.0188994804582887
ENSG00000278012	-0.335411867750071
ENSG00000101336	-0.0223133074051202
ENSG00000101337	-0.0330202653813979
ENSG00000126003	-0.0406192813908877
ENSG00000233293	-0.0339335497464484
ENSG00000149600	-0.0371620283748494
ENSG00000101367	0.0183432684219072
ENSG00000260257	-0.0139787942155976
ENSG00000125997	0.0621039510081641
ENSG00000101391	-0.0124095730638563
ENSG00000101400	0.186719242765916
ENSG00000078699	-0.0355624112276088
ENSG00000125967	0.0388800579112989
ENSG00000288649	-0.00547519111408308
ENSG00000101417	0.0166295173150711
ENSG00000125977	-0.0503414950058204
ENSG00000287853	0.0135765030278431
ENSG00000131067	0.032399865064235
ENSG00000078814	0.0612269211485311
ENSG00000100991	-0.046028541586155
ENSG00000126001	0.00666367764378287
ENSG00000088340	0.0899418030998485
ENSG00000222460	-0.0486809225089496
ENSG00000244462	-0.0415305666485529
ENSG00000125995	-0.0288583689714646
ENSG00000025293	-0.046586689262956
ENSG00000131043	-0.0304750085304727
ENSG00000118707	0.0966278140382125
ENSG00000101084	-0.0679949984466658
ENSG00000101079	-0.0667757823386854
ENSG00000101347	-0.0179135389073102
ENSG00000101353	-0.0175086657148497
ENSG00000118705	-0.0416529497666505
ENSG00000101407	-0.0406636435773761
ENSG00000101413	-0.0793598978007709
ENSG00000198959	0.245633718149229
ENSG00000224635	-0.0217390235578485
ENSG00000196756	0.106396375810474
ENSG00000174365	0.0494813970754817
ENSG00000101442	0.0216414897955813
ENSG00000199691	-0.121341388976855
ENSG00000204103	-0.247101718322972
ENSG00000198900	-0.0678221738962511
ENSG00000226648	0.0247061374834534
ENSG00000273951	-0.0725488294283339
ENSG00000124193	0.165155734617563
ENSG00000223891	-0.0232110360348855
ENSG00000197296	-0.0779044510340818
ENSG00000124249	0.120248482378628
ENSG00000276223	-0.126832381668311
ENSG00000166913	-0.101869345955841
ENSG00000101109	-0.0490451963277227
ENSG00000124107	-0.193740882791484
ENSG00000124145	0.141056354186044
ENSG00000275894	-0.0950876809978571
ENSG00000175063	-0.0565428119404881
ENSG00000124104	-0.026052455451213
ENSG00000101473	-0.110312953022056
ENSG00000168612	0.0311884935378324
ENSG00000124257	0.084257613588495
ENSG00000064601	0.039266549526995
ENSG00000100979	-0.194189418767207
ENSG00000285796	0.0705231034371557
ENSG00000198026	0.052698688835232
ENSG00000100985	-0.113766215574173
ENSG00000124140	0.0874211093598742
ENSG00000124160	0.0264538103012165
ENSG00000101017	0.0249665922594502
ENSG00000149654	-0.120102885984759
ENSG00000080189	0.0154375353565832
ENSG00000215452	-0.0207318670711406
ENSG00000197496	-0.0100687748438824
ENSG00000101040	-0.00456563646453107
ENSG00000267882	-0.067935956825018
ENSG00000237423	-0.0989718094317577
ENSG00000124207	-0.0808480216032291
ENSG00000124214	0.0062112077309748
ENSG00000124201	0.0553777284675875
ENSG00000197818	-0.0030256271632399
ENSG00000124216	-0.104252261441493
ENSG00000277449	0.177036112277519
ENSG00000172216	-0.109010306247745
ENSG00000196396	0.018446571801976
ENSG00000124171	-0.156870732262379
ENSG00000228663	0.038450879480987
ENSG00000000419	-0.0783269217315536
ENSG00000026559	-0.101907120203634
ENSG00000171940	-0.0130203941271915
ENSG00000019186	-0.19187445158798
ENSG00000185834	0.216432421367471
ENSG00000213714	-0.0544162837310831
ENSG00000226308	-0.0872868246511461
ENSG00000101146	-0.0918433513023797
ENSG00000124253	0.166998036964646
ENSG00000215440	0.162041441189173
ENSG00000101166	-0.0960248642601076
ENSG00000196227	-0.043117184813512
ENSG00000132825	0.00253090083990059
ENSG00000277270	-0.0990290189753761
ENSG00000149657	-0.0766120986073459
ENSG00000101182	-0.0314982904734665
ENSG00000130703	0.0114742170667102
ENSG00000130706	-0.0150863698877982
ENSG00000149679	0.0235800022977503
ENSG00000275437	0.0391615616971505
ENSG00000101187	0.171548310693795
ENSG00000277496	-0.0159969352129781
ENSG00000232803	0.207048595927335
ENSG00000101194	0.0662624118117268
ENSG00000225978	0.109904117072802
ENSG00000101197	-0.0643849326079085
ENSG00000101199	0.0120251942012602
ENSG00000203900	0.160970023713765
ENSG00000075043	-0.0309760987241608
ENSG00000101210	-0.0853613328803836
ENSG00000125534	0.220298877536924
ENSG00000125531	-0.14726341575867
ENSG00000130589	0.197625734853141
ENSG00000101216	-0.0456231050534028
ENSG00000232442	0.216584637773672
ENSG00000243509	0.272303141964745
ENSG00000101246	0.0246576348629407
ENSG00000197114	0.0390226913804692
ENSG00000125520	0.147046827347985
ENSG00000280213	-0.0513030138998547
ENSG00000101161	0.0318439401495064
ENSG00000171700	-0.0636105659787875
ENSG00000286999	-0.0604834987967276
ENSG00000203880	-0.0547807124375584
ENSG00000275993	0.20173107494481
ENSG00000180530	-0.0641721109555325
ENSG00000155313	-0.0603154565347502
ENSG00000280432	0.127861411962398
ENSG00000226580	0.0904855871723192
ENSG00000154640	-0.19935942010556
ENSG00000234883	0.043144162070806
ENSG00000287109	7.04355475266193e-05
ENSG00000154727	-0.139504349702657
ENSG00000154734	-0.309931858881763
ENSG00000217026	-0.0217229369435543
ENSG00000156239	0.0436085054117404
ENSG00000198862	-0.10568846715391
ENSG00000273017	-0.228954744166865
ENSG00000171189	0.0179026265927781
ENSG00000174680	0.0277291301605243
ENSG00000273271	-0.0866035640645729
ENSG00000273091	0.293681428237973
ENSG00000159055	-0.0318210854710178
ENSG00000227256	-0.0447460635887411
ENSG00000166979	0.0169890122339281
ENSG00000159082	-0.108725228222831
ENSG00000184221	0.173121565830044
ENSG00000142166	-0.0257420634768328
ENSG00000159128	-0.0689936676842437
ENSG00000142188	0.0170707470713872
ENSG00000231355	0.0449156998789547
ENSG00000177692	-0.0691608408036792
ENSG00000159131	-0.0318822500490786
ENSG00000159147	-0.0739441913086186
ENSG00000205726	-0.0450848084674999
ENSG00000198743	-0.219370536059606
ENSG00000159200	0.0412793832414135
ENSG00000185917	0.00579865795495813
ENSG00000159228	0.0551288469241303
ENSG00000142197	-0.0405134981160503
ENSG00000159256	-0.0884265083497358
ENSG00000159259	-0.0114321595722646
ENSG00000231324	-0.00591784117151038
ENSG00000157538	-0.022214420546392
ENSG00000272948	0.0340867402718902
ENSG00000289404	0.115740573801484
ENSG00000157557	0.0199765720169421
ENSG00000232837	0.0808011402199754
ENSG00000185437	-0.135124054852405
ENSG00000182240	0.0272668761746805
ENSG00000183486	0.126874036064834
ENSG00000157601	0.191843066819398
ENSG00000141956	-0.0591729141654287
ENSG00000173276	-0.0641778489551306
ENSG00000235772	0.170641524190516
ENSG00000160193	0.0159324921152362
ENSG00000160199	0.000575047748794365
ENSG00000237989	0.269863751052971
ENSG00000160208	-0.00481529964301021
ENSG00000287507	0.0455096046982526
ENSG00000160213	0.0919475141249485
ENSG00000160214	0.0382980141726119
ENSG00000141959	0.0131396223593511
ENSG00000160226	-0.0216805394144693
ENSG00000183255	0.0762905006996286
ENSG00000289009	-0.0760751808955616
ENSG00000160255	0.0346870605138249
ENSG00000273027	0.225301939044995
ENSG00000272825	0.0775196226421729
ENSG00000197381	0.0161602947005193
ENSG00000286262	0.154041743665969
ENSG00000239415	-0.0582616978122863
ENSG00000160307	0.246147213820397
ENSG00000160310	-0.0213782215239068
ENSG00000273203	0.0619038187902423
ENSG00000273442	0.434889231401449
ENSG00000177663	-0.0100134180186832
ENSG00000183307	-0.153615420554701
ENSG00000236325	-0.143868354387847
ENSG00000236754	0.05414937046025
ENSG00000099968	-0.00655092357915395
ENSG00000243156	0.000746721676907401
ENSG00000184979	0.0371158359891713
ENSG00000273311	-0.282054948163201
ENSG00000100056	-0.0442817994571341
ENSG00000242259	0.0485921504882932
ENSG00000287652	0.118111954518394
ENSG00000184113	0.174018157360456
ENSG00000184702	-0.0892581300205857
ENSG00000184470	0.0172484202737104
ENSG00000128191	0.0236561671616628
ENSG00000099899	0.0524965288384408
ENSG00000273343	-0.1242166653142
ENSG00000099910	-0.00948801458698939
ENSG00000215493	0.0359754916421219
ENSG00000099917	0.0271649634536657
ENSG00000241973	-0.0597279127319086
ENSG00000183773	0.152336207084746
ENSG00000184436	-0.0229105088527883
ENSG00000169635	0.0555028502674983
ENSG00000183506	0.047026151253128
ENSG00000185651	0.0154349360565514
ENSG00000128228	-0.123098736217147
ENSG00000100023	0.0289228824658066
ENSG00000274422	-0.0158700978024926
ENSG00000272779	-0.0171287545736649
ENSG00000211653	0.199241564332514
ENSG00000211659	0.103407512101877
ENSG00000211675	0.391657937649602
ENSG00000211677	0.749199928059813
ENSG00000211679	0.510068568267341
ENSG00000128266	-0.0487951782778301
ENSG00000283438	-0.0790364798167042
ENSG00000100228	-0.115518134803557
ENSG00000186716	-0.00703804950822696
ENSG00000230701	-0.0333557140491355
ENSG00000234928	0.0638330394365001
ENSG00000244723	0.0634672224555477
ENSG00000099974	0.0449918825810806
ENSG00000099998	0.148781674511207
ENSG00000128262	0.0037630410778135
ENSG00000138867	0.00608595219364972
ENSG00000178026	0.085241901236065
ENSG00000272942	0.213056461558285
ENSG00000272798	0.119010932372043
ENSG00000224003	0.326545506624464
ENSG00000229770	0.12886387813569
ENSG00000100095	-0.0967167126819082
ENSG00000180957	-0.0615317205264069
ENSG00000235954	0.0242014556817788
ENSG00000159873	-0.17858569862534
ENSG00000100219	-0.155692809198556
ENSG00000100249	-0.052305352607056
ENSG00000183762	-0.0133485445979229
ENSG00000182944	0.0510353124578424
ENSG00000100276	0.226535286460907
ENSG00000273216	0.125275465388258
ENSG00000100296	0.0312488848938177
ENSG00000184117	-0.0574125989216927
ENSG00000100330	0.000718056155017299
ENSG00000227201	-0.0399619731470231
ENSG00000268812	0.161703529156016
ENSG00000099985	-0.119643246276438
ENSG00000279699	-0.0493799886971674
ENSG00000239282	0.10566600377662
ENSG00000099992	0.070263218133641
ENSG00000100003	-0.0223047137875804
ENSG00000273350	0.222633809422841
ENSG00000242114	-0.0435405367234011
ENSG00000214491	-0.0105123644825528
ENSG00000100029	-0.0304358535592629
ENSG00000184792	-0.0295758408549831
ENSG00000133422	-0.000636385519653307
ENSG00000273387	0.174409259942513
ENSG00000185133	0.0805480873327701
ENSG00000100078	-0.167884353593525
ENSG00000138942	-0.0344148441469675
ENSG00000182541	0.0165254191198163
ENSG00000100100	-0.010142788209979
ENSG00000184708	0.00438808411248754
ENSG00000198089	0.0357914177884183
ENSG00000183530	-0.0179654465703102
ENSG00000100150	-0.0168061895233529
ENSG00000128253	-0.00991198504187343
ENSG00000100292	-0.0937912912078455
ENSG00000221963	-0.0600895956792186
ENSG00000100336	-0.282656100381214
ENSG00000100342	0.0854084028733747
ENSG00000100353	0.0026876688569044
ENSG00000100365	0.0254119512546882
ENSG00000100368	-0.103859861818647
ENSG00000287236	-0.260347513343908
ENSG00000278195	-0.145625536541377
ENSG00000128340	-0.0246396195190586
ENSG00000100055	-0.0380240939768157
ENSG00000166897	-0.0117456075239002
ENSG00000100060	0.11508583232475
ENSG00000273214	0.396469036344109
ENSG00000185022	-0.0430296518816298
ENSG00000100211	0.0263691812547682
ENSG00000100216	-0.00929329394091424
ENSG00000100221	-0.0206435573539269
ENSG00000100226	-0.0535422251144842
ENSG00000128394	-0.0954879850722522
ENSG00000100307	0.0669936229407768
ENSG00000100324	0.0378882453392378
ENSG00000128268	-0.0903841586672195
ENSG00000128272	-0.0540638075171992
ENSG00000100354	-0.0242548147443393
ENSG00000100359	-0.0286912375942038
ENSG00000230071	-0.0259203995958182
ENSG00000100395	0.0317216036704954
ENSG00000100401	-0.103215113934267
ENSG00000100403	0.0355970260810223
ENSG00000273424	0.398936197916948
ENSG00000100412	0.0094951254415387
ENSG00000100413	-0.0703034875040643
ENSG00000196419	-0.0553571857588636
ENSG00000159958	0.239674995467252
ENSG00000100167	-0.143123190779998
ENSG00000177096	-0.0336878221477095
ENSG00000235568	-0.0160822994687224
ENSG00000183569	-0.00767207393486768
ENSG00000242247	-0.0821673615373986
ENSG00000230319	-0.0138753707429099
ENSG00000100300	-0.00486636209992649
ENSG00000100304	0.171865151663283
ENSG00000138964	0.0639892592665271
ENSG00000279933	0.116604659488991
ENSG00000056487	-0.0454595592730361
ENSG00000226328	-0.0703094061511569
ENSG00000093000	-0.119139574922913
ENSG00000238120	-0.0342796111304741
ENSG00000186951	-0.0241362724396791
ENSG00000205643	0.0386244315640658
ENSG00000130943	0.0448975295623976
ENSG00000277232	0.0172365885096159
ENSG00000075240	-0.005786182696838
ENSG00000205632	0.0170045209420878
ENSG00000235111	0.0742719627998801
ENSG00000100426	-0.0581922865823131
ENSG00000198355	-0.118967312074458
ENSG00000100427	0.0573810494448032
ENSG00000073150	0.194413967025994
ENSG00000073169	0.0276621335255751
ENSG00000100239	-0.0673357703902188
ENSG00000100241	-0.0250320671549469
ENSG00000025770	0.0548695410651116
ENSG00000177989	-0.504694843470762
ENSG00000100288	0.147348365388815
ENSG00000100312	-0.0264919633120544
ENSG00000213683	0.00918162401036102
ENSG00000167393	0.056935662007954
ENSG00000185291	0.014754492417076
ENSG00000169093	-0.0289805730656334
ENSG00000197976	0.020120094394867
ENSG00000289007	-0.0181071386745869
ENSG00000002586	-0.0807759162178301
ENSG00000006756	0.00897534640848544
ENSG00000157399	0.0168503152277425
ENSG00000228459	-0.0521630071049799
ENSG00000183943	0.00774902796526833
ENSG00000073464	-0.0490581767691093
ENSG00000004961	-0.0826633776493501
ENSG00000005302	-0.0927157850494907
ENSG00000101911	-0.0994647012082347
ENSG00000196664	-0.0822642617235116
ENSG00000197582	0.975654124812648
ENSG00000176896	-0.0212804481989412
ENSG00000165195	-0.0379491433984288
ENSG00000186312	0.060659349597685
ENSG00000169239	-0.00403096453246402
ENSG00000169249	0.0449314104211529
ENSG00000047634	-0.0204592994713625
ENSG00000147010	-0.0174011560418232
ENSG00000173681	0.00574980763601647
ENSG00000177189	-0.0750719870866333
ENSG00000174028	-0.201818281917002
ENSG00000130066	-0.0852025579866451
ENSG00000174010	-0.0833134398930834
ENSG00000130741	0.0420379785813725
ENSG00000005889	-0.0784644326683722
ENSG00000232368	0.35039704861237
ENSG00000198814	-0.0680871321581156
ENSG00000147027	-0.0625537490572739
ENSG00000198173	0.0330456114601778
ENSG00000219186	0.00337350515952697
ENSG00000165168	0.157320388743579
ENSG00000156313	-0.0502936135054559
ENSG00000185753	-0.00276863891615711
ENSG00000216866	0.338578988512106
ENSG00000171659	0.190291731978627
ENSG00000189221	0.0210826497465061
ENSG00000230844	-0.0473796078387616
ENSG00000102218	-0.116889097073976
ENSG00000224975	0.109323459300705
ENSG00000147124	0.0227679339263157
ENSG00000102265	-0.0803408810273844
ENSG00000126759	0.132974423619027
ENSG00000221994	-0.00388658409700945
ENSG00000102312	-0.0756839430779237
ENSG00000102317	0.192744182779531
ENSG00000101940	-0.0140191849388274
ENSG00000231725	-0.0716642396949114
ENSG00000015285	0.0904418773334873
ENSG00000101945	-0.0725322131540094
ENSG00000102103	0.00886477964077944
ENSG00000288908	-0.149264409803228
ENSG00000102057	0.0536546709524252
ENSG00000068400	0.012333405767624
ENSG00000068323	-0.0431699612557519
ENSG00000068394	0.0384554328683568
ENSG00000269313	-0.110429197639692
ENSG00000102007	-0.137789953604619
ENSG00000012211	0.123216799080437
ENSG00000049769	-0.0299175456705674
ENSG00000187690	-0.0407085467640097
ENSG00000072506	0.016123614147029
ENSG00000086758	0.0552147798276971
ENSG00000169188	-0.0259942697319495
ENSG00000158578	0.344226795590837
ENSG00000182518	0.0642489199113818
ENSG00000247746	0.028033937200484
ENSG00000147059	-0.121798710923953
ENSG00000286977	0.304383000142522
ENSG00000198205	-0.066945789526677
ENSG00000235437	0.0116038092309698
ENSG00000147065	0.0544183525453041
ENSG00000274536	0.267638625735366
ENSG00000155659	0.0613551570360882
ENSG00000089472	0.0251732294715651
ENSG00000079482	-0.0429484992239645
ENSG00000236735	-0.142782538514068
ENSG00000090776	0.0676349662226851
ENSG00000284391	-0.0671955712386755
ENSG00000082458	-0.0115247004842879
ENSG00000230629	0.197571102250989
ENSG00000147130	-0.0135893449680049
ENSG00000147174	-0.0712594743685641
ENSG00000242732	-0.00327090220382201
ENSG00000147099	-0.0108362005241096
ENSG00000204118	-0.237606923752025
ENSG00000230311	0.104942897902057
ENSG00000204116	-0.0857299363643246
ENSG00000230590	0.0423784650741913
ENSG00000228906	0.0526294518256938
ENSG00000271533	0.159189349142624
ENSG00000131269	-0.0433204997176488
ENSG00000186675	-0.153640816339484
ENSG00000232332	0.204742846466751
ENSG00000165240	-0.0323257232800156
ENSG00000102144	-0.029495648663495
ENSG00000198157	-0.0287502957729717
ENSG00000237506	0.154731162269778
ENSG00000165194	-0.0334147049335388
ENSG00000102385	0.0303019852812126
ENSG00000286000	0.0339462257757687
ENSG00000184867	0.0380336361120767
ENSG00000204071	-0.114447325642173
ENSG00000125962	-0.128656308682137
ENSG00000271147	-0.0235589108071636
ENSG00000198932	0.0266621038437427
ENSG00000180964	-0.0655545798888686
ENSG00000185222	-0.197778096719654
ENSG00000172476	-0.0250314529029046
ENSG00000231154	0.00948559132999976
ENSG00000179363	0.0208178467864735
ENSG00000269743	-0.0177523064466316
ENSG00000157514	0.0888410827985355
ENSG00000101844	0.00571016092891598
ENSG00000225031	0.0179902138820387
ENSG00000126016	-0.044025132063553
ENSG00000131725	-0.0773810976045208
ENSG00000147251	-0.0249624193965221
ENSG00000131724	0.119513227596057
ENSG00000077713	-0.00165885805816288
ENSG00000224281	-0.0779733827975981
ENSG00000187808	-0.11239629976125
ENSG00000177485	-0.132337930790683
ENSG00000232119	0.0342225383032159
ENSG00000232599	-0.0309221815547761
ENSG00000183631	0.0462344011578111
ENSG00000156697	0.0017972539779523
ENSG00000085185	-0.00429375850209609
ENSG00000102034	-0.0106587016170113
ENSG00000134594	-0.134286903613919
ENSG00000123728	-0.105060251273613
ENSG00000076770	-0.00507861827203739
ENSG00000171004	-0.102430354485697
ENSG00000223749	0.112287378938414
ENSG00000156500	-0.0702845709088635
ENSG00000286964	0.0023304417814688
ENSG00000173275	0.0226042678184359
ENSG00000225235	-0.171195615794924
ENSG00000102241	-0.0764123091828902
ENSG00000129675	0.0487232170924997
ENSG00000225400	0.11336281930141
ENSG00000101977	-0.0230433842443235
ENSG00000230707	-0.125231441237354
ENSG00000185985	0.00703173499873841
ENSG00000231686	0.109201758391643
ENSG00000269556	-0.00888017515901012
ENSG00000197021	-0.0652488551144444
ENSG00000102181	-0.0465631358693432
ENSG00000029993	-0.0948691613726332
ENSG00000147400	-0.191089230432149
ENSG00000286939	0.250978934244649
ENSG00000183837	0.0902489410563022
ENSG00000067842	-0.0609560472413685
ENSG00000262919	-0.0508287180500475
ENSG00000067829	0.023633238978018
ENSG00000067840	-0.0526748676627797
ENSG00000102032	0.175100094053546
ENSG00000177854	-0.00676387943169901
ENSG00000184216	0.00251293192236871
ENSG00000102119	0.0262530228793667
ENSG00000203879	-0.0396069992780681
ENSG00000261773	-0.138862763565498
ENSG00000269335	-0.0237203037887003
ENSG00000160219	0.0471966798762833
ENSG00000130826	-0.026847281501204
ENSG00000185515	-0.0636919526306149
ENSG00000155962	-0.0458717000299708
ENSG00000278847	-0.0143479959208868
ENSG00000067048	-0.229289681185069
ENSG00000211459	-0.000412639297848343
ENSG00000198888	0.0630858102045465
ENSG00000210100	0.149165858177068
ENSG00000210127	0.171272108522297
ENSG00000198712	-0.0027316952050408
ENSG00000210164	0.300260195138639
ENSG00000210194	-0.108178843994022
