Gene	Value
ENSG00000284733	-0.213794826927908
ENSG00000198744	-0.273384756247521
ENSG00000284662	-0.0802137448706987
ENSG00000288531	0.0255089935851579
ENSG00000188976	-0.0406866951840481
ENSG00000187608	0.445351847662984
ENSG00000078808	-0.109894997768141
ENSG00000176022	0.0631003292079761
ENSG00000184163	0.00525908155980949
ENSG00000224870	0.180852627000671
ENSG00000225285	0.0905943693487224
ENSG00000272106	-0.0176158526450949
ENSG00000248333	-0.135398778884027
ENSG00000067606	-0.0458737385495645
ENSG00000271806	-0.196623940548129
ENSG00000157911	-0.00387972609024425
ENSG00000149527	0.116818153837348
ENSG00000197921	0.349648081760498
ENSG00000177133	0.0283549037402096
ENSG00000272235	-0.0641801400775467
ENSG00000238260	0.244056275187719
ENSG00000235169	0.0873555889109671
ENSG00000130764	-0.0517163647634595
ENSG00000116198	-6.44274815181143e-05
ENSG00000116254	0.0302633513350933
ENSG00000116251	0.0438128300500162
ENSG00000158292	0.135646347104574
ENSG00000097021	-0.0169387570389275
ENSG00000162408	-0.0375662333096803
ENSG00000162413	-0.00743613069277127
ENSG00000116273	0.0524687702058606
ENSG00000007923	-0.13389620871843
ENSG00000049246	-0.0227273163714182
ENSG00000116285	-0.173635962629948
ENSG00000162426	0.0326302898722734
ENSG00000221083	0.572522631242405
ENSG00000074800	-0.124808534714824
ENSG00000230679	0.00405880095856053
ENSG00000049239	0.0393363291042236
ENSG00000171621	-0.0467494962024864
ENSG00000284652	-0.00409250396881447
ENSG00000171612	0.0452671489748313
ENSG00000188807	-0.0473892912318484
ENSG00000171608	0.0624639330467979
ENSG00000171603	-0.00116514244131123
ENSG00000178585	0.0409637274663851
ENSG00000173614	-0.00285976939971459
ENSG00000284735	0.0558422885813562
ENSG00000284642	0.319259046019628
ENSG00000142657	-0.0538589258127888
ENSG00000160049	0.0192727971876341
ENSG00000120942	-0.00700602179761112
ENSG00000116661	0.16548521112638
ENSG00000116663	-0.0967982801318611
ENSG00000083444	0.0326946608067373
ENSG00000120949	-0.0767450406094039
ENSG00000028137	-0.23331226694171
ENSG00000048707	0.0685384448069843
ENSG00000162496	-0.161068915012007
ENSG00000162493	0.0662116848002047
ENSG00000116731	0.0295101501025784
ENSG00000171729	-0.020472522543916
ENSG00000142634	0.0748870274814968
ENSG00000162458	-0.200633017931417
ENSG00000179743	0.246622910136537
ENSG00000116809	0.129679664609682
ENSG00000232456	0.120176866399318
ENSG00000185519	0.180604424544
ENSG00000142627	-0.225416520503735
ENSG00000237276	0.163107619903413
ENSG00000132881	-0.0559358148139818
ENSG00000055070	-0.0224645418401499
ENSG00000157191	-0.0673388458771796
ENSG00000261135	0.22889488300073
ENSG00000215908	0.18161558347038
ENSG00000117115	0.2647667610836
ENSG00000179051	0.0438371128003925
ENSG00000074964	0.0493704866045177
ENSG00000159423	-0.136783309912443
ENSG00000169991	-0.186080656730011
ENSG00000127463	-0.0255891284608477
ENSG00000053372	-0.02640411815434
ENSG00000162482	0.15810170535413
ENSG00000270728	0.186767015239118
ENSG00000053371	0.150179279080092
ENSG00000173436	0.0557324509055146
ENSG00000158747	0.0317194860732972
ENSG00000169914	-0.0963066771532839
ENSG00000127472	-0.0740423562087701
ENSG00000162545	0.133878536488432
ENSG00000289402	0.401348556238221
ENSG00000158825	-0.138510276615799
ENSG00000158828	-0.029164180422794
ENSG00000117242	0.00678344075357316
ENSG00000244038	-0.202818511645112
ENSG00000127483	0.0695702337137913
ENSG00000075151	-0.011596945740931
ENSG00000184677	0.0738114518593082
ENSG00000173372	0.575948928504055
ENSG00000159189	0.4485349915471
ENSG00000173369	0.449611399002869
ENSG00000004487	-0.0385339571196928
ENSG00000249087	0.206568718208718
ENSG00000088280	-0.08298801874865
ENSG00000142676	0.085732790125423
ENSG00000057757	0.0434963190495426
ENSG00000117308	-0.179232591061852
ENSG00000117305	-0.0201440277490351
ENSG00000189266	0.089056839317674
ENSG00000185436	-0.056984919299722
ENSG00000001460	0.0623321335947822
ENSG00000284657	0.311359539236943
ENSG00000117616	0.111386554662552
ENSG00000204178	0.022533262374631
ENSG00000157978	0.355778596348194
ENSG00000162430	-0.0332738822164934
ENSG00000228172	-0.00452274224128335
ENSG00000158006	0.044139091365614
ENSG00000197245	-0.174174697654708
ENSG00000236782	-0.0417153597059068
ENSG00000236155	0.0114803865150646
ENSG00000130695	0.0420663546217639
ENSG00000142669	0.0886788457304704
ENSG00000117682	-0.225873543165226
ENSG00000198830	-0.0498266240733196
ENSG00000260063	-0.00183390994993295
ENSG00000060642	0.0158625389399117
ENSG00000175793	-0.0443033100739626
ENSG00000142751	0.0390465366141857
ENSG00000198746	0.034168060196445
ENSG00000090273	-0.0634883196360075
ENSG00000253368	-0.00175708525804927
ENSG00000186501	0.00660847950192043
ENSG00000142765	-0.127144943379844
ENSG00000142733	-0.213615481461187
ENSG00000142748	-0.111401301436986
ENSG00000181773	-0.815369334899965
ENSG00000158195	-0.0745366758362728
ENSG00000000938	-0.247716290552999
ENSG00000126709	0.257616722498769
ENSG00000009780	0.035932296183526
ENSG00000270031	-0.0438441342811907
ENSG00000130775	0.0408546364656632
ENSG00000158156	0.142195591621994
ENSG00000158161	0.0284532029870286
ENSG00000169403	0.137078957082974
ENSG00000130770	0.118978332793681
ENSG00000130772	0.267782892398574
ENSG00000204138	0.100572081023762
ENSG00000180198	0.0395610675305826
ENSG00000242125	0.105444536757566
ENSG00000274266	-0.165146183179261
ENSG00000116350	-0.090470195849237
ENSG00000116353	0.0123811639547852
ENSG00000060656	0.00346323629393686
ENSG00000186056	0.0708818785591427
ENSG00000121766	0.0349409593687479
ENSG00000121769	-0.0562108848792033
ENSG00000168528	-0.123141088422736
ENSG00000142910	-0.188255471293879
ENSG00000162517	0.000944385873545861
ENSG00000121774	-0.133056796820793
ENSG00000025800	-0.0433773536227854
ENSG00000160050	-0.091402509004311
ENSG00000183615	0.0524054729374904
ENSG00000116478	0.0202845128438092
ENSG00000225828	0.1338191348172
ENSG00000176261	0.0674245630214138
ENSG00000134684	-0.232025163377608
ENSG00000160097	-0.242470537826188
ENSG00000121900	0.0590993530830509
ENSG00000116514	-0.115982117390004
ENSG00000278966	0.0121808653460366
ENSG00000160094	-0.0468478852580537
ENSG00000134686	-0.0112491260428878
ENSG00000121903	0.0395640893637893
ENSG00000163866	-0.0446915539509337
ENSG00000189280	-0.133413046025124
ENSG00000241014	0.0881097037499562
ENSG00000243749	-0.0343058324257701
ENSG00000163867	-0.0291348458759612
ENSG00000116560	-0.0138282345141705
ENSG00000142687	-0.0808666020255439
ENSG00000116819	0.217594439491386
ENSG00000126067	-0.00592868927294097
ENSG00000142686	0.072477694746978
ENSG00000092847	0.0633856048308418
ENSG00000116871	0.0922398231651717
ENSG00000196182	-0.0718360332200236
ENSG00000119535	-0.227729970435615
ENSG00000163873	-0.0523269292940752
ENSG00000163874	-0.336429537347263
ENSG00000163879	0.0735097905224161
ENSG00000185090	-0.123838322913925
ENSG00000196449	-0.195327279865997
ENSG00000204084	0.0141004329642123
ENSG00000183431	-0.0638021666943065
ENSG00000185668	-0.212040766983647
ENSG00000214114	-0.062229388335579
ENSG00000127603	0.0285742022719459
ENSG00000090621	-0.0114961292574806
ENSG00000116981	0.193553730482236
ENSG00000198754	-0.191633433225992
ENSG00000043514	0.0951269405431091
ENSG00000116990	-0.2229299679601
ENSG00000168389	-0.211843521141814
ENSG00000117000	-0.0719594513217062
ENSG00000259943	0.0623659136355029
ENSG00000084070	-0.0590762678074861
ENSG00000187815	0.114153522183526
ENSG00000164002	0.147592319679643
ENSG00000066136	-0.0489301787794608
ENSG00000179862	-0.0842121075829825
ENSG00000171793	-0.15188889132966
ENSG00000066185	-0.0367023974546695
ENSG00000236876	-0.416272373828527
ENSG00000164010	0.13588659106621
ENSG00000164011	0.201871405535913
ENSG00000117394	-0.221905886972916
ENSG00000117395	0.0121870877589699
ENSG00000066135	0.0343131105953482
ENSG00000117408	0.234530432109036
ENSG00000132768	-0.0273640231491237
ENSG00000196517	0.248780168689219
ENSG00000178028	0.150095469197694
ENSG00000187147	0.212699806077618
ENSG00000126106	-0.0566945075101682
ENSG00000142937	0.146931202354784
ENSG00000142959	0.116389205137704
ENSG00000173846	-0.32975354097772
ENSG00000188396	-0.188565373698703
ENSG00000126107	0.140049895752027
ENSG00000126088	-0.0278195764982905
ENSG00000186603	0.343116111587885
ENSG00000132773	0.0874097333577385
ENSG00000280670	0.1592469023136
ENSG00000132763	0.0695062572795163
ENSG00000159588	0.127935042504682
ENSG00000159592	-0.00983714483692756
ENSG00000086015	0.0029335473170847
ENSG00000117461	-0.327826210585227
ENSG00000132128	-0.141379700253161
ENSG00000173660	0.048237116955914
ENSG00000117480	0.144571545810447
ENSG00000142961	0.0553677093657022
ENSG00000123472	-0.013032076204661
ENSG00000159658	0.0682809821320601
ENSG00000186377	-0.0157551372274782
ENSG00000162366	-0.0584652038644728
ENSG00000162367	-0.00503729873127435
ENSG00000226252	0.113418590702105
ENSG00000162368	-0.0558593836845834
ENSG00000186564	-0.061627476229535
ENSG00000123080	0.0676522464769279
ENSG00000198841	-0.151976972536396
ENSG00000134748	-0.00634258516081459
ENSG00000121310	-0.0504717818405128
ENSG00000116171	-0.0647230690155819
ENSG00000174348	-0.241391847480664
ENSG00000162383	-0.193470025772309
ENSG00000157184	-0.133812217501939
ENSG00000162385	-0.139029972522668
ENSG00000157193	-0.0752067939404961
ENSG00000058799	0.0759060757573592
ENSG00000116212	-0.0553931899403821
ENSG00000116205	0.0148935594258958
ENSG00000215883	0.0775718126446982
ENSG00000162390	-0.0284253077690869
ENSG00000116133	0.291052371262897
ENSG00000162407	-0.0785613856410056
ENSG00000185839	0.243918959339222
ENSG00000162601	-0.140306997941037
ENSG00000177606	-0.449211155034667
ENSG00000270457	0.394774600721274
ENSG00000134716	0.321007862601683
ENSG00000162599	0.00228734185462823
ENSG00000271200	0.0161044353687997
ENSG00000116641	-0.00540107607464988
ENSG00000079739	0.0370989664679936
ENSG00000158966	-0.143234070964195
ENSG00000162437	0.00800880853446745
ENSG00000288804	0.169625812924516
ENSG00000162433	0.0858417584855813
ENSG00000213625	0.0255666951533583
ENSG00000116678	-0.124944511626974
ENSG00000118473	-0.0560941486106235
ENSG00000116704	0.00960251689400894
ENSG00000275678	0.0174156334843578
ENSG00000142864	-0.0984987394049987
ENSG00000116717	-0.680961199606676
ENSG00000172380	-0.0311805880419429
ENSG00000116729	-0.0953883492748474
ENSG00000287283	0.271955055498378
ENSG00000132485	-0.125251015212177
ENSG00000261213	-0.025076331249975
ENSG00000117054	-0.186825070530346
ENSG00000219201	0.149622799204298
ENSG00000162613	-0.178662445278378
ENSG00000162616	-0.297820208161698
ENSG00000137959	0.215025363893044
ENSG00000137965	0.0545701400091683
ENSG00000137941	0.263881376790471
ENSG00000271576	0.253695829381857
ENSG00000174021	-0.116273848845892
ENSG00000280099	0.216167717155677
ENSG00000162642	-0.0874482514425026
ENSG00000153904	-0.0187345161997558
ENSG00000273264	-0.639921185930948
ENSG00000142871	-0.273676427897993
ENSG00000122417	-0.0785893573881525
ENSG00000016602	0.120110674228958
ENSG00000261737	-0.0943646393129555
ENSG00000065243	-0.0683138483258835
ENSG00000117226	-0.0795481852012372
ENSG00000117228	-0.0500187480283456
ENSG00000162645	-0.226321044053748
ENSG00000162654	0.198537476536408
ENSG00000154451	-0.197343975269566
ENSG00000225492	-0.105393866861619
ENSG00000197147	0.00204583788621058
ENSG00000231613	0.102324201500975
ENSG00000272931	-0.0767183802173058
ENSG00000232882	-0.0700422717960276
ENSG00000097046	-0.158550345778567
ENSG00000069702	-0.0378461736111926
ENSG00000189195	-0.0166587191507799
ENSG00000273487	0.246066405930249
ENSG00000122406	0.0808490487757893
ENSG00000229052	-0.133893315223531
ENSG00000287797	-0.064258700384383
ENSG00000143033	-0.126896042834468
ENSG00000229635	-0.134863426397395
ENSG00000137936	-0.0819350505011686
ENSG00000137962	-0.166790154936713
ENSG00000117528	-0.153222914632884
ENSG00000117525	-0.42591173993802
ENSG00000288736	-0.00611603473959379
ENSG00000223675	-0.0109486761232816
ENSG00000143036	-0.0342697494032027
ENSG00000117519	-0.227361505329276
ENSG00000122481	0.101224265511037
ENSG00000117598	-0.0163650436077996
ENSG00000223656	-0.0164703199981251
ENSG00000162688	-0.18039368411078
ENSG00000224616	0.103086116712989
ENSG00000181656	0.197395114286049
ENSG00000162692	-0.341412392286047
ENSG00000233184	-0.0530275140281033
ENSG00000225938	-0.294438485710075
ENSG00000170989	-0.329891551047865
ENSG00000289192	0.120662252271014
ENSG00000162639	-0.0405959433309179
ENSG00000121957	0.106288299312218
ENSG00000121940	0.0379873237559281
ENSG00000197780	-0.0879583924827923
ENSG00000273382	-0.360445381098204
ENSG00000031698	-0.230325586218747
ENSG00000134222	0.218215478783016
ENSG00000143028	0.0293452497006448
ENSG00000174151	0.215690196210288
ENSG00000156097	0.0360597968792956
ENSG00000184371	-0.0526340237101941
ENSG00000168710	0.00413843381823216
ENSG00000258634	0.115896690634971
ENSG00000197106	-0.146632531037267
ENSG00000168679	-0.180225356770209
ENSG00000273373	0.127162480594369
ENSG00000273010	-0.196884865259209
ENSG00000156171	0.0859985627257669
ENSG00000162777	0.0487130675045488
ENSG00000064886	0.516916309181787
ENSG00000085465	-0.0199428151362694
ENSG00000233337	0.348430647361235
ENSG00000116455	-0.0748052579961059
ENSG00000143110	0.158787469541548
ENSG00000197852	0.0122724609803657
ENSG00000064703	-0.0723748474640432
ENSG00000273483	0.163643164946749
ENSG00000155363	-0.0416690729713612
ENSG00000155367	0.138084337917728
ENSG00000155380	-0.0681648421003703
ENSG00000198799	0.058140441703722
ENSG00000188761	0.0160003664072284
ENSG00000134262	0.0477209138429007
ENSG00000118655	0.0979597422856106
ENSG00000134207	-0.0386559391177407
ENSG00000116752	-0.215372576112089
ENSG00000163399	-0.385920161744733
ENSG00000203865	-0.0497472420431483
ENSG00000143061	0.00606057089602591
ENSG00000134247	-0.0712382039541456
ENSG00000134253	0.124265157178832
ENSG00000183508	-0.177161219417499
ENSG00000196505	-0.0301014678645257
ENSG00000226443	0.0261015763037524
ENSG00000143067	-0.012799581398495
ENSG00000092621	0.121809306237256
ENSG00000134250	-0.0682890144180341
ENSG00000270231	-0.0267163858117021
ENSG00000273136	-0.0519202172470192
ENSG00000272583	0.206217979051422
ENSG00000273213	0.0472345282364749
ENSG00000223612	0.17082190660688
ENSG00000186141	0.0365421762121915
ENSG00000131788	0.0167718540694084
ENSG00000198483	0.209978758379462
ENSG00000265241	-0.0233194712737835
ENSG00000271601	0.00589594344132573
ENSG00000121851	0.154473227160371
ENSG00000265972	0.0281098686020904
ENSG00000287978	-0.142300226920807
ENSG00000116128	0.0414421073979841
ENSG00000162836	0.238805966234868
ENSG00000231551	-0.0116755097113519
ENSG00000225871	-0.144070924611662
ENSG00000280649	-0.262842850360976
ENSG00000178104	-0.0139261613215345
ENSG00000271383	-0.0639921010757899
ENSG00000150337	0.489050479238389
ENSG00000220323	-0.153734484196315
ENSG00000261716	-0.138702096812035
ENSG00000159164	0.181606358225336
ENSG00000143368	-0.0159939764183806
ENSG00000014914	0.0806713671741572
ENSG00000285184	-0.02591897863574
ENSG00000136631	-0.00429085234224083
ENSG00000143401	-0.361601442541829
ENSG00000117362	-0.0869379914500701
ENSG00000118292	-0.143667414576625
ENSG00000289041	-0.274304963383527
ENSG00000159208	-0.115279538734877
ENSG00000163125	-0.0282095545289459
ENSG00000143382	-0.381128436955189
ENSG00000143384	-0.309874091276095
ENSG00000143420	-0.042816131642248
ENSG00000163131	0.116912019176169
ENSG00000143437	0.0372199468777972
ENSG00000143379	0.0369702719053017
ENSG00000143443	0.121671207104319
ENSG00000213190	-0.0216042199409902
ENSG00000143458	0.02355133381489
ENSG00000163154	0.223125723109042
ENSG00000163156	0.17979944472595
ENSG00000143398	-0.0721169170017982
ENSG00000143373	-0.121103160705577
ENSG00000143393	-0.00575974762325905
ENSG00000273481	0.172500703637335
ENSG00000143390	0.151418444677208
ENSG00000143416	0.200089044326564
ENSG00000159377	0.0334964580435303
ENSG00000143367	-0.0978825621290808
ENSG00000143450	-0.0320060492029574
ENSG00000182134	-0.0416647866537406
ENSG00000203288	-0.0133459735938158
ENSG00000159445	0.133110588883748
ENSG00000163191	-0.0396424787404311
ENSG00000159450	-0.0360119342869065
ENSG00000143536	-0.0374122122780069
ENSG00000169509	-0.015870097870726
ENSG00000198854	0.000330261833698404
ENSG00000186844	-0.0633503440138901
ENSG00000163220	-0.658622185817612
ENSG00000163221	-0.333268094919022
ENSG00000143546	-0.683439649936986
ENSG00000238279	0.0440206803847207
ENSG00000197956	0.37829577024686
ENSG00000196154	-0.1153082093068
ENSG00000188015	0.19014167584646
ENSG00000285867	-0.122062274587532
ENSG00000189334	0.186371960730628
ENSG00000189171	0.278332650711813
ENSG00000160678	0.212478913580545
ENSG00000160679	0.0723897686951473
ENSG00000169418	-0.06984223116539
ENSG00000143554	-0.280161026906343
ENSG00000143614	-0.0941816739774162
ENSG00000160741	0.0329410977969812
ENSG00000143570	-0.00939972981428182
ENSG00000143578	-0.0432290110172586
ENSG00000143543	0.0685233032616639
ENSG00000143545	0.0397328382691296
ENSG00000177954	0.266646897695678
ENSG00000231416	0.12067460667268
ENSG00000143549	-0.130991222249732
ENSG00000143569	-0.0697642505575384
ENSG00000226855	-0.0535802575031214
ENSG00000160712	-0.138738843621773
ENSG00000160714	0.00315856978845676
ENSG00000160710	-0.0694678906048683
ENSG00000143603	-0.0996871905747046
ENSG00000163344	-0.192092290772896
ENSG00000163346	-0.107839369654588
ENSG00000163348	0.0659880167180856
ENSG00000271380	0.234863685312439
ENSG00000160691	-0.340047527408116
ENSG00000160688	-0.0153718863350379
ENSG00000163352	-0.0672180074332789
ENSG00000160685	0.0799983854874767
ENSG00000243364	0.167222757537346
ENSG00000169242	0.0366968571061928
ENSG00000169241	0.011053191737401
ENSG00000179085	0.177120156382998
ENSG00000185499	0.117547358811058
ENSG00000231064	-0.0291716821865772
ENSG00000236675	0.115701271061235
ENSG00000177628	-0.0301164787013669
ENSG00000160767	0.078077022873289
ENSG00000160752	0.0144724658991152
ENSG00000235919	-0.0496676486957562
ENSG00000125459	-0.0131541262820578
ENSG00000163374	-0.0451734240019135
ENSG00000203761	-0.136179713418451
ENSG00000116580	-0.062832963039476
ENSG00000143622	-0.118403274188095
ENSG00000132680	-0.101372196449463
ENSG00000116584	0.068935651135298
ENSG00000254726	-0.312913590922305
ENSG00000160789	-0.118830619232496
ENSG00000160785	0.0236936530948693
ENSG00000160783	0.0962997823452088
ENSG00000242252	0.0565858204619278
ENSG00000198952	0.0531519321148484
ENSG00000163472	0.0666739685462491
ENSG00000125462	0.0510274796338376
ENSG00000163382	-0.110648629728526
ENSG00000132702	0.0207370342610638
ENSG00000272068	-0.140003106206909
ENSG00000132692	-0.0419517395049347
ENSG00000143319	-0.131752501781596
ENSG00000143303	0.099978135109302
ENSG00000143321	-0.0480213359876009
ENSG00000143294	0.00383643901683375
ENSG00000027869	-0.204052848670017
ENSG00000163563	-0.0991064973932347
ENSG00000163565	-0.0806510463996799
ENSG00000213088	-0.831374923472937
ENSG00000288775	-0.160092954587159
ENSG00000158714	0.140443306775583
ENSG00000188004	0.0262545006648136
ENSG00000158710	-0.150366989824903
ENSG00000177807	0.379719151863159
ENSG00000162729	0.160890513672918
ENSG00000018625	0.0664036206162078
ENSG00000162734	0.248882235691536
ENSG00000132716	0.108638054200301
ENSG00000224261	0.431808318073333
ENSG00000162735	-0.0443831072055068
ENSG00000162736	0.095633265815431
ENSG00000162738	-0.0417835948605306
ENSG00000158769	-0.518513039049119
ENSG00000158773	0.00364150800697854
ENSG00000289121	-0.095194587193962
ENSG00000158796	-0.0716992553274243
ENSG00000224985	-0.0889536729774866
ENSG00000143258	0.0981639114394632
ENSG00000143224	0.152097996611833
ENSG00000158850	-0.0823126944832189
ENSG00000158864	0.0498960393052897
ENSG00000158869	0.345854603132329
ENSG00000143252	-0.0454607410123784
ENSG00000289106	0.040190690673662
ENSG00000288093	-0.105747476086092
ENSG00000215840	0.0808947017000126
ENSG00000143226	0.0576526335064865
ENSG00000173110	-1.51572096276519
ENSG00000203747	0.308338611050299
ENSG00000162747	-0.450725533700936
ENSG00000072694	0.0738761074539483
ENSG00000162746	0.0497606175019065
ENSG00000081721	0.0414657909617306
ENSG00000229808	-0.0730095714998194
ENSG00000152332	-0.0434534761142557
ENSG00000117143	-0.0198947294052711
ENSG00000132196	0.192762896309452
ENSG00000143248	-0.0811726311221956
ENSG00000185630	-0.0108616818409756
ENSG00000143149	0.0209962049701358
ENSG00000225171	0.400165302180901
ENSG00000143195	-0.0397386084577996
ENSG00000197965	-0.0872346522432039
ENSG00000143164	-0.0220760787187181
ENSG00000143147	-0.0345611619486948
ENSG00000143155	-0.141422715029392
ENSG00000143153	0.244040364513533
ENSG00000289466	0.145777347263209
ENSG00000117477	-0.00718114898196775
ENSG00000117479	-0.179686337363429
ENSG00000188404	-0.049977950278061
ENSG00000007908	-0.538511513847335
ENSG00000116132	0.093752827718605
ENSG00000117586	-0.0299728464852621
ENSG00000117592	0.142973038575122
ENSG00000200674	0.107149990655977
ENSG00000234741	-0.0403121413664763
ENSG00000116161	-0.0676834156302782
ENSG00000120333	0.130122223782504
ENSG00000235750	-0.265491912693086
ENSG00000116147	-0.236738605710625
ENSG00000227815	0.0504329877935008
ENSG00000198797	-0.052544703523869
ENSG00000224687	0.110922645911957
ENSG00000116191	-0.0766507439981597
ENSG00000143322	0.0308908522839743
ENSG00000057252	-0.118418389656295
ENSG00000272906	0.360005094121273
ENSG00000143337	0.0384656900420097
ENSG00000116260	-0.184251512408346
ENSG00000243155	-0.105173478068498
ENSG00000153029	-0.124661565243549
ENSG00000289589	-0.154097109169923
ENSG00000162783	-0.374481498460394
ENSG00000288574	0.00737331038008936
ENSG00000135821	0.124275984647816
ENSG00000135828	0.0311462211793044
ENSG00000261504	0.0647733668512616
ENSG00000135838	-0.0126537769337321
ENSG00000058085	-0.0501597762240554
ENSG00000116698	-0.0138948181765339
ENSG00000116701	-0.0567294213476086
ENSG00000143344	-0.0226513123461772
ENSG00000116667	0.0203857915164383
ENSG00000279838	0.0832816635834248
ENSG00000116679	-0.0744054940386733
ENSG00000273198	0.149709528801369
ENSG00000288562	-0.120658375852641
ENSG00000073756	-0.695113242721286
ENSG00000237457	0.0770251512112875
ENSG00000090104	-0.172675572938495
ENSG00000116741	-0.320061044938746
ENSG00000162630	0.0390565030931925
ENSG00000000971	-0.347797172219845
ENSG00000151414	-0.130760716221628
ENSG00000081237	-0.0937074707051342
ENSG00000162702	0.164036218413635
ENSG00000116852	0.111087347546384
ENSG00000116857	-0.0137204452049035
ENSG00000174307	0.151141738498962
ENSG00000224536	0.0707132833796806
ENSG00000198700	0.0517187175191603
ENSG00000198892	-0.138437665271283
ENSG00000163431	-0.117575593612653
ENSG00000170075	-0.133206053548918
ENSG00000143851	0.0977045586008791
ENSG00000117139	-0.0958803432587084
ENSG00000228288	0.402332028339723
ENSG00000183155	0.129504483454794
ENSG00000159346	-0.0775025892452279
ENSG00000159348	0.012307641481798
ENSG00000163485	0.0694364828093375
ENSG00000133055	-0.429670975389131
ENSG00000133048	0.243270572826511
ENSG00000159388	-0.529346205585281
ENSG00000188783	-0.225373953025225
ENSG00000143842	-0.0927227411920067
ENSG00000143845	-0.076517149240831
ENSG00000158615	-0.179302520620336
ENSG00000163531	0.180437958383595
ENSG00000174529	0.156684780215223
ENSG00000271580	-0.0679255713396379
ENSG00000133069	0.216954983266702
ENSG00000163545	-0.101249804688954
ENSG00000117266	0.542019036022287
ENSG00000117280	0.135499519991404
ENSG00000133065	-0.0387006926930979
ENSG00000266028	0.0821870799069842
ENSG00000266094	0.0546176613951167
ENSG00000143486	0.168709031677651
ENSG00000143479	-0.0168721326300908
ENSG00000123836	0.158925739814923
ENSG00000174059	0.0932544640961199
ENSG00000196878	-0.0825846616198868
ENSG00000123689	0.00539060439544465
ENSG00000236136	0.159270195900122
ENSG00000162757	0.0593851953350994
ENSG00000170385	-0.275449899419857
ENSG00000123684	0.138479895737413
ENSG00000220749	-0.11886803993015
ENSG00000066027	-0.016861961009962
ENSG00000117691	0.274839388296273
ENSG00000162772	-0.30621643627748
ENSG00000203705	-0.124975536486745
ENSG00000236905	0.0374349588150708
ENSG00000174606	-0.0908047453011481
ENSG00000092969	-0.0799086428346519
ENSG00000225920	0.00614462236824263
ENSG00000196660	0.0733666524370672
ENSG00000117791	-0.110367840149147
ENSG00000186205	-0.0441260971945206
ENSG00000136630	0.107374034658991
ENSG00000143507	0.159308554061168
ENSG00000154305	-0.00973720640956161
ENSG00000186063	-0.00453421374690225
ENSG00000287338	0.0539418296799316
ENSG00000187554	0.0834722895812686
ENSG00000162909	-0.0247417879177425
ENSG00000143514	-0.115890528804244
ENSG00000185495	-0.0799870618157823
ENSG00000154380	-0.0137552186442753
ENSG00000143819	-0.0540243522550322
ENSG00000242861	0.282500313974837
ENSG00000196187	0.434459965594191
ENSG00000143811	0.0110916758150722
ENSG00000143768	-0.163982298458277
ENSG00000143799	0.0629600265357373
ENSG00000203685	0.050497910059015
ENSG00000143772	-0.024609846931721
ENSG00000143740	0.0334557084581968
ENSG00000143761	-0.0151740315094719
ENSG00000162910	0.0968291064679327
ENSG00000280157	0.232282077753277
ENSG00000203684	-0.0422119186594371
ENSG00000287315	0.0405851777361502
ENSG00000181218	0.146701058390367
ENSG00000177788	0.195706935540088
ENSG00000168118	0.0397990670573073
ENSG00000154429	-0.0113764982439026
ENSG00000177614	0.0673788857644658
ENSG00000135775	0.00320377667980884
ENSG00000135744	-0.0819643712500921
ENSG00000143643	-0.0449014650992015
ENSG00000182118	-0.076194903100048
ENSG00000116903	-0.188943130838861
ENSG00000233461	-0.0240430651105575
ENSG00000212916	-0.0393309911480458
ENSG00000135778	0.125930836706709
ENSG00000059588	0.0305107094598966
ENSG00000231768	-0.346376818979658
ENSG00000287633	-0.0225371409143401
ENSG00000168264	-0.132320515666902
ENSG00000273416	0.0895355913843502
ENSG00000173726	0.0259420753015905
ENSG00000152904	0.119946169438733
ENSG00000077585	0.0281220399949398
ENSG00000086619	-0.041930309481746
ENSG00000116977	-0.00967088614022029
ENSG00000077522	0.026490667627947
ENSG00000116984	-0.0535492008235013
ENSG00000237991	-0.00083120640172208
ENSG00000155816	-0.0309298151729329
ENSG00000223963	0.0408216426840245
ENSG00000287516	0.0481983523697159
ENSG00000091483	-0.101127717856711
ENSG00000121644	-0.0368677975455863
ENSG00000203667	0.0559345921899431
ENSG00000272195	0.302332271763805
ENSG00000162852	-0.112082393062422
ENSG00000260698	-0.0444980234865196
ENSG00000221953	-0.0217044044866
ENSG00000259865	-0.464268537524419
ENSG00000162722	-0.088446151000457
ENSG00000226191	0.351816600558845
ENSG00000175137	0.150106481163423
ENSG00000171161	0.0395322454255698
ENSG00000171163	0.295866393807204
ENSG00000185220	0.222232898047496
ENSG00000035115	0.0887977343323988
ENSG00000151353	0.0568513223153302
ENSG00000186487	-0.100081659748771
ENSG00000032389	-0.0922182156799365
ENSG00000171853	-0.00704368373024653
ENSG00000271868	-0.0940338346602891
ENSG00000182551	-0.0968506014869353
ENSG00000171865	-0.0865617828408454
ENSG00000171863	0.0511488453942344
ENSG00000134326	-0.0856864658180505
ENSG00000134321	-0.0295267250327144
ENSG00000151692	0.117088394471095
ENSG00000272002	0.158480600609981
ENSG00000235092	0.276601206248413
ENSG00000115738	0.397027579884818
ENSG00000119203	0.0446138535403834
ENSG00000172059	-0.090613058677907
ENSG00000115758	-0.28083318918554
ENSG00000257135	-0.152287868840506
ENSG00000285569	0.00601791978642021
ENSG00000239899	0.000435905934827977
ENSG00000169006	-0.0271094733190053
ENSG00000178295	0.0943693486941466
ENSG00000183891	-0.131774640063267
ENSG00000132031	-0.364804070048491
ENSG00000068697	-0.121467500678298
ENSG00000055917	0.0946599854713999
ENSG00000143878	0.0274570260447826
ENSG00000198399	-0.0317649107040487
ENSG00000184924	0.187876983505371
ENSG00000138092	0.0180706971502037
ENSG00000138031	-0.202507863371884
ENSG00000271936	0.000116592699235681
ENSG00000115137	-0.0944255763801644
ENSG00000138101	0.0238487094329339
ENSG00000143970	0.0431710729110432
ENSG00000217643	-0.0545150906361956
ENSG00000084731	-0.0431401897811567
ENSG00000157833	0.440086389532574
ENSG00000084754	-0.00301103364263797
ENSG00000138029	0.155423254107088
ENSG00000138018	0.0586368282282472
ENSG00000213699	-0.0239341114088234
ENSG00000157851	0.0871998909842548
ENSG00000119777	0.0316393595041141
ENSG00000228474	0.113041037127409
ENSG00000138080	0.0811051308609852
ENSG00000143994	0.150495241677478
ENSG00000115207	0.00694804548391255
ENSG00000163795	-0.0911005866101726
ENSG00000115241	-0.0944334069906449
ENSG00000115216	0.0797803916196557
ENSG00000176714	-0.233111933076947
ENSG00000163798	-0.11906250711002
ENSG00000243147	0.0193336878056812
ENSG00000075426	-0.715991820762246
ENSG00000270640	-0.53423451777621
ENSG00000270210	-0.458291512997645
ENSG00000119820	-0.0155298498862706
ENSG00000276517	-0.033258155048822
ENSG00000150938	-0.298098510887756
ENSG00000115808	0.0155266870728789
ENSG00000055332	0.0242689886308906
ENSG00000115825	-0.0719204136188151
ENSG00000115828	-0.110734889963574
ENSG00000163171	-0.0693178485163001
ENSG00000138061	-0.384418394930178
ENSG00000115875	-0.164402659420814
ENSG00000163214	-0.0580873021973701
ENSG00000269210	0.0793542922086423
ENSG00000115904	-0.0596192543716062
ENSG00000162878	0.080036447809421
ENSG00000288886	0.06392694477619
ENSG00000226491	0.133272201996109
ENSG00000152518	-0.58344218247412
ENSG00000289272	0.0479958614863052
ENSG00000138078	-0.042148247528311
ENSG00000225156	-0.0579860549522445
ENSG00000250565	0.0346848189439481
ENSG00000119878	0.0173943254526078
ENSG00000279254	0.374864531762731
ENSG00000239332	0.0390800382959561
ENSG00000236824	0.084304302843235
ENSG00000119888	-0.0205904765691513
ENSG00000184261	0.0705544801181289
ENSG00000233230	0.195789512581914
ENSG00000272663	0.11292229369716
ENSG00000115239	-0.054500930884244
ENSG00000115306	-0.00974489443499682
ENSG00000115310	0.0216550210352837
ENSG00000143947	0.097170575579632
ENSG00000162997	-0.0213169773960947
ENSG00000138035	0.170786740088828
ENSG00000115380	0.114248932988054
ENSG00000273063	-0.259316914667244
ENSG00000119866	-0.0522725900691732
ENSG00000115421	0.0273783098583031
ENSG00000237651	0.05613108287739
ENSG00000270820	-0.0223517294718814
ENSG00000082898	0.0931119833088697
ENSG00000170340	-0.390425398138693
ENSG00000115504	-0.00535535172588684
ENSG00000197329	-0.345259045146331
ENSG00000119862	-0.18602364094887
ENSG00000119844	-0.0437569798561669
ENSG00000115902	0.0323539367936025
ENSG00000198369	-0.0146588488954639
ENSG00000115946	-0.246818756474208
ENSG00000273064	0.777216105041218
ENSG00000169604	0.045379473501725
ENSG00000115977	0.0132538137785292
ENSG00000196975	-0.0186073116803813
ENSG00000289250	-0.0792634591323404
ENSG00000179818	-0.00954349258524771
ENSG00000169564	-0.0953518303008666
ENSG00000115998	0.111155738058217
ENSG00000144043	0.0405181111459361
ENSG00000075292	0.123502435918735
ENSG00000289463	-0.0267954361618447
ENSG00000289615	0.114696492294515
ENSG00000116096	-0.0124413347696769
ENSG00000144040	-0.0385259855219262
ENSG00000135631	-0.149454056322194
ENSG00000135625	-0.372549859489293
ENSG00000114956	0.00825672581875493
ENSG00000187605	-0.0460117201819289
ENSG00000114978	-0.0395769414042359
ENSG00000065911	-0.243768322073569
ENSG00000237737	-0.0346253845638454
ENSG00000005448	0.284922856635605
ENSG00000114993	0.197116667834319
ENSG00000239779	-0.0244637719067079
ENSG00000115275	0.00254796057369043
ENSG00000272183	0.0450423580882455
ENSG00000115289	0.212840530900477
ENSG00000115307	0.0713381696527935
ENSG00000115317	-0.0713919320284087
ENSG00000115325	0.091871676392732
ENSG00000135622	0.0163341104346048
ENSG00000224731	0.31247814970685
ENSG00000289076	0.00408056948088449
ENSG00000259056	-0.312583565683237
ENSG00000034510	0.0913943116225639
ENSG00000042445	0.29893782258247
ENSG00000115459	0.142626045684696
ENSG00000042493	0.0146578809003444
ENSG00000152292	0.0500952994394405
ENSG00000286532	0.14351548567251
ENSG00000168906	0.215703397941605
ENSG00000118640	0.114735945445557
ENSG00000168899	-0.0440133135844178
ENSG00000168890	0.0880380488426776
ENSG00000115523	-0.663184861893369
ENSG00000168874	-0.136960898184673
ENSG00000115525	-0.0242954125301423
ENSG00000068654	-0.0461995817197886
ENSG00000208772	0.437086807747666
ENSG00000153561	0.0640927955930191
ENSG00000183281	0.0672970808064182
ENSG00000172086	-0.0548501230249127
ENSG00000234028	-0.186902956814567
ENSG00000153574	0.0389354042773124
ENSG00000211592	0.0951491252078642
ENSG00000211598	0.226684855571996
ENSG00000243466	-0.404099191546154
ENSG00000241351	0.0920717466655489
ENSG00000244437	0.464596213806885
ENSG00000240864	-0.0922785564642594
ENSG00000240382	0.0951672467412964
ENSG00000239951	0.528797476160023
ENSG00000242371	0.095308862474407
ENSG00000231062	0.130513818288072
ENSG00000144029	0.0398250168863322
ENSG00000155066	0.0862660441595584
ENSG00000115041	0.0209592251683287
ENSG00000229689	0.173081061105042
ENSG00000168992	-0.105558480313893
ENSG00000186281	0.0953806055787995
ENSG00000158050	-0.477902520571764
ENSG00000144028	-0.0319224840731812
ENSG00000198885	-0.0739422158357695
ENSG00000196843	-0.551284408726845
ENSG00000114988	-0.015661436750285
ENSG00000158158	0.103347432767028
ENSG00000168763	0.244478634117266
ENSG00000213337	0.0882211169760029
ENSG00000228970	0.312316047214934
ENSG00000135940	0.25489156854174
ENSG00000273045	-0.00532936283079673
ENSG00000115526	0.0254445658933014
ENSG00000115539	0.0171967561228283
ENSG00000170485	-0.0542910414523284
ENSG00000223947	-0.0711364191316435
ENSG00000071082	0.188293349316214
ENSG00000175874	0.169447847256689
ENSG00000115594	-0.263322788614902
ENSG00000115602	-1.14499175145252
ENSG00000115604	-0.340176585134332
ENSG00000234389	-0.430253715419809
ENSG00000228528	0.0432303468278977
ENSG00000234177	-0.109165131932081
ENSG00000233639	0.0424889559013101
ENSG00000198914	0.0242022112286803
ENSG00000272861	0.0654427427624872
ENSG00000272994	-0.0565438166057644
ENSG00000135974	0.0436081607116674
ENSG00000115641	-0.0998626554220741
ENSG00000119147	-0.0310645112572394
ENSG00000115652	-0.0599545323987476
ENSG00000286904	-0.0636846941944495
ENSG00000114999	0.0923073212930761
ENSG00000125611	-0.0546442413805214
ENSG00000237753	0.0878570371178283
ENSG00000125538	-0.502737107807614
ENSG00000125637	0.0375801605974553
ENSG00000184492	-0.125307866877959
ENSG00000125629	-0.0355101871361217
ENSG00000115107	0.0306154457907038
ENSG00000155368	0.316831680779085
ENSG00000115109	-0.0967506659875588
ENSG00000233286	-0.0340042568120101
ENSG00000144118	-0.0451213286419908
ENSG00000163083	0.0635950005550899
ENSG00000115112	-0.276045602849719
ENSG00000236859	-0.0986324803514619
ENSG00000287742	-0.0461820987913583
ENSG00000144230	-0.52574464605768
ENSG00000136731	-0.0168166863753542
ENSG00000136720	0.0539647753917947
ENSG00000136699	0.146463824541691
ENSG00000152082	0.153777997490637
ENSG00000136710	0.0785010793022943
ENSG00000136718	0.0694136745437637
ENSG00000178162	0.0704484982890529
ENSG00000233221	-0.16222697943967
ENSG00000287151	-0.0935462118721467
ENSG00000150551	-0.241726398504503
ENSG00000082258	-0.0727542047481658
ENSG00000048991	0.0145011485546392
ENSG00000076003	-0.128027020712482
ENSG00000115866	-0.171578723974066
ENSG00000121966	0.200778490337627
ENSG00000150540	0.0726481790307335
ENSG00000234645	-0.09110286289231
ENSG00000287115	0.204972548500068
ENSG00000228848	0.100445213344142
ENSG00000184898	-0.0767527662504393
ENSG00000123609	-0.00223166501326006
ENSG00000182389	-0.0363684970119784
ENSG00000157827	0.210860096434617
ENSG00000286207	-0.061979106752482
ENSG00000177917	-0.0727096706768505
ENSG00000230251	-0.30360682041225
ENSG00000153234	0.319247996052123
ENSG00000115170	-0.010191287087193
ENSG00000270557	0.26718107884178
ENSG00000271320	0.147429343557228
ENSG00000144283	-0.217606141157395
ENSG00000196151	-0.0359490082188398
ENSG00000224152	-0.0302632236135147
ENSG00000241399	-0.0965126266731124
ENSG00000287091	0.0901160646902174
ENSG00000153250	-0.155997183725172
ENSG00000115267	-0.0276278790747585
ENSG00000277998	0.0714705323360402
ENSG00000082438	-0.0882590880491773
ENSG00000163072	-0.169788820710463
ENSG00000073737	0.0275853941015163
ENSG00000163093	-0.160787463580211
ENSG00000138399	0.0429300824125503
ENSG00000213160	-0.124826009060256
ENSG00000138385	-0.169841652082726
ENSG00000128683	0.0728679310667081
ENSG00000115827	-0.0381100354411237
ENSG00000071967	0.0689857315281085
ENSG00000172878	0.00862739387418824
ENSG00000115844	-0.0429955266062393
ENSG00000288048	0.356500305967991
ENSG00000091409	-0.0827607707968643
ENSG00000152256	-0.174434857612776
ENSG00000091436	-0.0890699914014908
ENSG00000217236	-0.207296561673294
ENSG00000163364	-0.0727714665260378
ENSG00000280374	-0.416525229135255
ENSG00000197557	-0.119317995340263
ENSG00000223960	-0.107778519700121
ENSG00000204311	0.158382261109717
ENSG00000138434	-0.0256089631445766
ENSG00000162998	-0.0674757688267591
ENSG00000162999	-0.082647799787364
ENSG00000144369	-0.165626088502777
ENSG00000064989	-0.127776808349085
ENSG00000213115	0.0119250760843366
ENSG00000138449	0.116622613793516
ENSG00000273240	0.090356803872068
ENSG00000204253	0.270035478785355
ENSG00000198130	0.0311616607506146
ENSG00000272979	-0.299193783605608
ENSG00000115419	-0.0779545033572521
ENSG00000115415	-0.0813852221961829
ENSG00000288900	0.0024233116397241
ENSG00000173559	-0.079463465926108
ENSG00000168497	-0.241830778283605
ENSG00000196950	-0.0865090462515205
ENSG00000081320	-0.171605607718784
ENSG00000144381	-0.2437771819424
ENSG00000115541	0.0383435682484938
ENSG00000162944	0.16781525392502
ENSG00000237166	0.121944582536078
ENSG00000013441	0.374474327785733
ENSG00000240344	0.149948268730462
ENSG00000155744	-0.123136488776245
ENSG00000225695	-0.0669084493506205
ENSG00000003402	-0.0943043362450324
ENSG00000003400	-0.0378225216316539
ENSG00000115993	-0.171774433012167
ENSG00000003393	0.00778893332322662
ENSG00000273209	-0.0745860186193723
ENSG00000055044	-0.226533855040732
ENSG00000242696	-0.0166274139790677
ENSG00000273456	-0.113601822702006
ENSG00000233579	0.271858455213399
ENSG00000232479	0.0209437158564554
ENSG00000119004	-0.0496559783995963
ENSG00000114933	-0.043709676445867
ENSG00000114942	-0.0706020272541959
ENSG00000235118	0.0567158831025339
ENSG00000118263	-0.119921712875592
ENSG00000163249	-0.105073069194823
ENSG00000163251	0.21596500820236
ENSG00000138413	0.234456649954082
ENSG00000272807	-0.000956238569786309
ENSG00000230076	-0.374405555552056
ENSG00000197756	0.0420651830756911
ENSG00000079308	-0.15012204578673
ENSG00000180871	-0.224049998370807
ENSG00000163464	-0.225300221432948
ENSG00000163466	-0.156299844822832
ENSG00000127837	-0.0789159390587793
ENSG00000135926	-0.130195794274168
ENSG00000230580	-0.17649880095987
ENSG00000018280	-0.422653322766341
ENSG00000144580	0.018268634914877
ENSG00000115556	-0.108659223099342
ENSG00000074582	0.0580559180313743
ENSG00000163481	-0.0477676937317746
ENSG00000135912	0.129131824976751
ENSG00000115592	-0.132071519720855
ENSG00000171450	-0.118005087518095
ENSG00000115649	-0.0587716296706203
ENSG00000158552	0.140928977856664
ENSG00000198925	0.0638899076820368
ENSG00000163521	0.00937481757817043
ENSG00000115661	0.00248894486240565
ENSG00000127824	-0.371580115915876
ENSG00000135924	0.186365154965708
ENSG00000123992	0.00976266948938468
ENSG00000175084	-0.84667322446623
ENSG00000144591	0.180128147312328
ENSG00000072182	-0.091263069616043
ENSG00000123989	0.116392596251027
ENSG00000188760	-0.104782965023969
ENSG00000269068	-0.0819744921629749
ENSG00000123999	0.118887075163394
ENSG00000288658	-0.0126904324294295
ENSG00000163082	-0.225157310537526
ENSG00000116120	0.0519189430983893
ENSG00000171951	0.00886355786235744
ENSG00000228446	0.00584276526065916
ENSG00000273301	-0.0670610928502782
ENSG00000169047	-0.0385845003345448
ENSG00000272622	-0.015475185804882
ENSG00000284631	-0.212447736040245
ENSG00000135917	-0.106920478783041
ENSG00000123977	-0.0521424011129374
ENSG00000163053	-0.0890435380411945
ENSG00000135899	-0.0522892975987272
ENSG00000067066	-0.10031573588884
ENSG00000204128	0.29268224974742
ENSG00000261829	0.336843631386697
ENSG00000135931	-0.0477687632174385
ENSG00000224376	-0.00123483879636765
ENSG00000237641	0.256409663276271
ENSG00000261096	-0.133700104843276
ENSG00000163273	0.318196779294059
ENSG00000251485	-0.526340986894112
ENSG00000221944	0.258143238856596
ENSG00000182600	0.205657998366567
ENSG00000066248	-0.0158929768157941
ENSG00000168918	-0.0592130130189083
ENSG00000085978	-0.104457083436062
ENSG00000077044	0.0385751570437517
ENSG00000132321	0.0373806629890232
ENSG00000124831	-0.0712244262743095
ENSG00000178752	-0.0635348405501031
ENSG00000132323	0.0409780647574442
ENSG00000132326	-0.198446199584588
ENSG00000204104	-0.0452197243196206
ENSG00000065802	-0.0421816471188259
ENSG00000287405	-0.280313850533569
ENSG00000172428	0.117398690003402
ENSG00000178602	0.430289685492197
ENSG00000144504	0.0104850177125787
ENSG00000260942	0.41711350584242
ENSG00000168385	0.0660219115565606
ENSG00000176720	0.522807220145888
ENSG00000273113	0.0413127700467791
ENSG00000168393	0.169408381288384
ENSG00000180902	0.0120911425133868
ENSG00000271870	0.0905427667356349
ENSG00000175928	-0.349077224130344
ENSG00000170364	0.176898806552721
ENSG00000134109	-0.0483335431985419
ENSG00000071282	-0.0260180221260467
ENSG00000206573	-0.0184623521065767
ENSG00000156983	-0.105148930532259
ENSG00000171148	0.159126002777328
ENSG00000241553	-0.00989260615060453
ENSG00000163702	0.00641347485724036
ENSG00000269982	0.0200349405494281
ENSG00000254999	-0.036658563421275
ENSG00000157014	-0.0128045293795992
ENSG00000231177	0.0365760704641316
ENSG00000157017	0.0251605863903705
ENSG00000157020	-0.035198791891507
ENSG00000157103	0.034598107580214
ENSG00000144559	-0.0441777282533892
ENSG00000075975	-0.128955563973871
ENSG00000144712	-0.0207152115073096
ENSG00000144713	0.158209168878637
ENSG00000144711	0.0380944294026089
ENSG00000132182	0.0107638193103444
ENSG00000163517	0.132250317187615
ENSG00000275340	-0.178279786991672
ENSG00000287059	-0.0838544631908096
ENSG00000163528	0.06798879789631
ENSG00000170876	0.00553116362709943
ENSG00000131389	0.0115934689514079
ENSG00000144596	-0.0335200642509002
ENSG00000131375	-0.0138818596452103
ENSG00000144597	-0.286988911696237
ENSG00000131373	-0.0701412911105534
ENSG00000169814	0.0604045451069394
ENSG00000206560	-0.0152538634793712
ENSG00000270409	0.17158991303035
ENSG00000154813	-0.042384736977949
ENSG00000182568	-0.0995581387947608
ENSG00000183960	0.179183825801093
ENSG00000289138	-0.246340288077277
ENSG00000114166	0.0534437721517223
ENSG00000174748	0.0367724525213717
ENSG00000174738	0.0384372611433894
ENSG00000151093	0.124360972890285
ENSG00000225386	-0.0147862425588548
ENSG00000179796	-0.158161856178895
ENSG00000271943	0.0543070003581302
ENSG00000163513	-0.0538455871392102
ENSG00000152642	0.0256167967020743
ENSG00000182973	-0.021029624023509
ENSG00000170266	0.00937946899217899
ENSG00000170275	0.146060862194763
ENSG00000153558	0.0271924343752183
ENSG00000272334	0.168053206236626
ENSG00000178567	0.119378958978006
ENSG00000231449	0.0623388557317782
ENSG00000271653	0.311829248030698
ENSG00000270194	-0.138514305081265
ENSG00000144677	-0.0745320222336826
ENSG00000136059	0.308417196506535
ENSG00000187091	-0.0634279430389483
ENSG00000060971	-0.00391744161326485
ENSG00000172936	0.0520739924464847
ENSG00000229589	0.147954916137663
ENSG00000114742	-0.00095051449575233
ENSG00000114745	-0.134849110930284
ENSG00000144655	-0.605491821506905
ENSG00000283849	-0.235996325799168
ENSG00000168334	-0.197130039483314
ENSG00000168329	0.393653762940471
ENSG00000144659	0.0106637880884862
ENSG00000168028	0.0946552903007273
ENSG00000289279	0.0277040958144242
ENSG00000168032	0.100937466754362
ENSG00000188846	0.0656759157271575
ENSG00000234287	0.196983476079844
ENSG00000182606	-0.0689083053243719
ENSG00000008324	0.13768644145762
ENSG00000114853	0.0752448878972524
ENSG00000010282	0.334003501154269
ENSG00000144649	-0.0757460120484602
ENSG00000169981	0.0275185209658905
ENSG00000169964	0.23869343337772
ENSG00000163812	-0.0134410037062211
ENSG00000075914	0.0305108379666036
ENSG00000163815	0.238014608937511
ENSG00000249992	0.119989493480911
ENSG00000011376	-0.165556162327927
ENSG00000163823	0.0465819606700171
ENSG00000160791	0.113550035607143
ENSG00000121797	-0.14045953291366
ENSG00000012223	-0.0588988680135207
ENSG00000283706	0.17328526114499
ENSG00000160808	-0.0115763252732143
ENSG00000160801	-0.174004632508974
ENSG00000114648	0.0239199997186834
ENSG00000260236	0.020610034779904
ENSG00000076201	0.10010252142124
ENSG00000114650	0.0351243666284365
ENSG00000114646	0.0407676441610551
ENSG00000173473	-0.0801548089314882
ENSG00000132153	-0.0119712372996591
ENSG00000164047	-0.0768702866665572
ENSG00000289043	0.391911739634621
ENSG00000164050	0.34855273845552
ENSG00000164054	-0.0367219898849196
ENSG00000010256	-0.0762571074136304
ENSG00000213672	0.0101541732316287
ENSG00000068745	0.220320182279982
ENSG00000224424	0.0576243518892735
ENSG00000178537	0.0245428727048078
ENSG00000221883	-0.0519365716807971
ENSG00000223343	0.224174565236701
ENSG00000178252	0.203514303699302
ENSG00000178149	-0.0274327291827317
ENSG00000178035	-0.047608969697657
ENSG00000198218	-0.114619125025668
ENSG00000172053	0.149267567739439
ENSG00000172046	0.0475883603709343
ENSG00000172037	-0.0751147682545289
ENSG00000185909	0.140448670890239
ENSG00000188315	0.0740543473147897
ENSG00000145022	0.0160819126664587
ENSG00000173402	-0.119307966723348
ENSG00000226913	-0.299790975223533
ENSG00000164062	-0.0858485746560113
ENSG00000173531	0.285098223561264
ENSG00000183763	-0.0553673872699236
ENSG00000004534	0.117430896721231
ENSG00000001617	-0.187756474582912
ENSG00000188338	0.00242141601774583
ENSG00000012171	0.32943611327917
ENSG00000214706	-0.0520043191555341
ENSG00000243477	0.089321170248688
ENSG00000068001	-0.184462094638127
ENSG00000068028	-0.0838156650503954
ENSG00000114395	-0.0192648703430056
ENSG00000088543	-0.0903727100454921
ENSG00000114735	-0.112541753227115
ENSG00000114737	-0.503797417355851
ENSG00000114738	-0.00381669901461004
ENSG00000273356	-0.0890921417703875
ENSG00000145050	-0.118749604823792
ENSG00000259956	-0.00957427578662873
ENSG00000164080	-0.0832029798417605
ENSG00000164082	-0.197136312233457
ENSG00000287707	-0.219470247100534
ENSG00000114767	-0.173200912890905
ENSG00000041880	0.0400481397263191
ENSG00000280422	0.219315935535156
ENSG00000114779	0.231272761995151
ENSG00000243989	0.165456050170863
ENSG00000162244	0.0645036030896972
ENSG00000023330	-0.312038018866014
ENSG00000239732	0.122907520301995
ENSG00000247596	-0.0449569188931871
ENSG00000168237	-0.0603647880995393
ENSG00000010318	-0.105949576461102
ENSG00000010327	0.169198202746563
ENSG00000168268	0.01381340069214
ENSG00000163938	-0.111361467840091
ENSG00000272573	-0.494153071066036
ENSG00000213533	0.0482681181530095
ENSG00000163931	0.00959360782799562
ENSG00000272886	-0.0516537160006879
ENSG00000016391	0.125738769155557
ENSG00000056736	-0.01996415250373
ENSG00000271976	0.11822162417873
ENSG00000113812	-0.0135588918357863
ENSG00000144730	0.0406624416829761
ENSG00000287502	0.071822467784377
ENSG00000213509	-0.0108444698937461
ENSG00000272360	0.140527655902692
ENSG00000168301	0.00538555715281403
ENSG00000168306	0.0209971258755604
ENSG00000168309	-0.0689842738889013
ENSG00000243384	-0.110522532705882
ENSG00000153266	-0.0569760389537124
ENSG00000163618	-0.0385015951533944
ENSG00000163634	-0.00425367001339492
ENSG00000163635	-0.0944864847747577
ENSG00000163638	-0.338040128826224
ENSG00000144749	-0.000422880295981303
ENSG00000163376	-0.308985982284992
ENSG00000172340	-0.0130661740021709
ENSG00000163378	-0.309592180484369
ENSG00000163380	0.099026647109108
ENSG00000277855	-0.201766453192439
ENSG00000170837	-0.342796729094787
ENSG00000278934	0.0473857321758072
ENSG00000163320	0.0187075433338236
ENSG00000178700	0.0302840585450541
ENSG00000269028	0.443030238662518
ENSG00000286602	0.0278231275512691
ENSG00000239445	-0.00239916008505902
ENSG00000273374	-0.047580151432597
ENSG00000114021	0.00981784670348496
ENSG00000206535	-0.0587212504101866
ENSG00000181458	-0.0227844569485794
ENSG00000114391	0.129002962094235
ENSG00000244119	0.230269915488907
ENSG00000182504	0.133860510794793
ENSG00000144802	-0.368252014295519
ENSG00000288848	0.299480658981389
ENSG00000288557	0.0135769108449873
ENSG00000243701	0.0316580119609511
ENSG00000241218	0.224382704988176
ENSG00000272597	-0.00461163871496889
ENSG00000196776	-0.0298667347931939
ENSG00000163507	-0.101605418502182
ENSG00000144834	0.163379998445528
ENSG00000261488	-0.255251104609849
ENSG00000091972	0.0673491618740841
ENSG00000279349	-0.0627894705550015
ENSG00000091986	0.106512428079298
ENSG00000144857	-0.0215543288455685
ENSG00000241529	-0.000775391078568353
ENSG00000178075	0.0113304953967601
ENSG00000151576	-0.0331881899001626
ENSG00000288896	-0.0753741751180602
ENSG00000172020	-0.0205227380555885
ENSG00000185565	0.0332362692005141
ENSG00000121578	0.0317639845831738
ENSG00000031081	-0.16212854682291
ENSG00000144837	-0.326443096369069
ENSG00000138495	0.0367118896153035
ENSG00000286584	0.0481208107955096
ENSG00000240882	-0.15385843647799
ENSG00000163430	-0.239421534801309
ENSG00000180353	0.168098224733434
ENSG00000288868	0.128840096710832
ENSG00000163406	0.056966260187598
ENSG00000138496	0.0838579350193129
ENSG00000163840	-0.0384470667358619
ENSG00000173193	0.0163640450863323
ENSG00000138463	-0.0890378534698031
ENSG00000082684	-0.015083868364404
ENSG00000206527	0.0199705427731888
ENSG00000065534	-0.0281352021983605
ENSG00000273123	0.522266762506887
ENSG00000114491	0.0369627189804669
ENSG00000082781	0.0635779741293538
ENSG00000288022	0.0874723805019409
ENSG00000144909	0.0230487007469932
ENSG00000144908	-0.323742877532346
ENSG00000246022	0.155479066119177
ENSG00000251448	-0.168335125162813
ENSG00000163884	0.0117779972196253
ENSG00000070476	0.113779897006692
ENSG00000114554	0.10335816308154
ENSG00000114631	-0.0518961327842259
ENSG00000074416	-0.0866871375851035
ENSG00000187715	0.071120187625826
ENSG00000058262	-0.168561082640375
ENSG00000244300	-0.085282185129193
ENSG00000239405	-0.224599567145518
ENSG00000242992	-0.0608863425490658
ENSG00000177646	0.00105960217873817
ENSG00000288996	0.0624319105129208
ENSG00000181789	-0.106872078534814
ENSG00000183624	-0.134729239853326
ENSG00000270773	-0.105008802715876
ENSG00000004399	0.188522648054905
ENSG00000271270	0.0490292075800782
ENSG00000261167	-0.0562450103496417
ENSG00000138246	0.0345629864646764
ENSG00000113971	-0.165774838669514
ENSG00000091513	0.331321577603686
ENSG00000244062	0.103749423568255
ENSG00000285908	0.18229752790532
ENSG00000174611	0.00236079509595296
ENSG00000154928	-0.024098576693877
ENSG00000174579	0.0473733583808286
ENSG00000114054	0.0272922938276712
ENSG00000183770	-0.15876249522222
ENSG00000178631	-0.0699115839796408
ENSG00000114115	0.262475113730876
ENSG00000114125	0.00922350762336184
ENSG00000069849	-0.0593858428341896
ENSG00000144935	-0.0483106550455017
ENSG00000188582	-0.0303527304852642
ENSG00000261051	-0.133069183216473
ENSG00000152952	-0.0771707169798426
ENSG00000114698	-0.15202647412089
ENSG00000279320	-0.196286342325222
ENSG00000188313	-0.357020773167542
ENSG00000152977	-0.145669495615478
ENSG00000163755	0.0344291896231867
ENSG00000047457	-0.465553817125616
ENSG00000163762	-0.0590391589425746
ENSG00000169908	-0.492995620360345
ENSG00000286501	0.0391448760443561
ENSG00000196428	-0.0152952562902647
ENSG00000240137	-0.0306375557895755
ENSG00000181788	-0.00199921194212554
ENSG00000169313	0.115346079587625
ENSG00000229619	-0.0714072816563982
ENSG00000169860	-0.125292157633832
ENSG00000243069	0.0461489764555592
ENSG00000114790	-0.0360860995245465
ENSG00000174953	-0.150769369591088
ENSG00000279305	0.551003160587564
ENSG00000169282	-0.0574924578670268
ENSG00000272990	0.314301033285357
ENSG00000163659	-0.142624904643358
ENSG00000230457	-0.000115810627871194
ENSG00000163660	-0.244226159901008
ENSG00000178053	-0.0836850464462717
ENSG00000272247	0.191282753459071
ENSG00000068885	0.18344209061606
ENSG00000238741	-0.107213647951349
ENSG00000229320	0.103212344587971
ENSG00000260572	-0.00219910172603565
ENSG00000173905	-0.0682622786258549
ENSG00000184378	-0.239492260755114
ENSG00000013293	-0.0764506874354685
ENSG00000163577	-0.0966117280105672
ENSG00000154310	-0.0681073236235802
ENSG00000279673	-0.139563549120059
ENSG00000121858	0.337941718838281
ENSG00000114346	-0.119575816595216
ENSG00000227440	-0.18914151350781
ENSG00000177565	-0.0374870231463208
ENSG00000121879	0.0203191574004375
ENSG00000181449	-0.0333600562284172
ENSG00000176597	-0.0312240845605157
ENSG00000240024	-0.0329703140094103
ENSG00000114796	0.0448513221787574
ENSG00000233885	0.130890721556761
ENSG00000180834	0.47486461319452
ENSG00000175193	-0.00667841767223539
ENSG00000223529	-0.304735201374148
ENSG00000145191	0.0490347982330122
ENSG00000161202	0.033918046116286
ENSG00000175166	-0.0790713861056105
ENSG00000114859	-0.119180865357028
ENSG00000163882	-0.0352376981687537
ENSG00000182580	0.100914907774309
ENSG00000177383	0.010845217170687
ENSG00000136527	-0.176772389930385
ENSG00000244405	-0.149016839310922
ENSG00000058866	-0.102582594562024
ENSG00000113838	0.0910422361008179
ENSG00000090520	-0.119343747520936
ENSG00000156976	-0.00977973909298974
ENSG00000223803	0.0701320513697062
ENSG00000127241	0.105149870857106
ENSG00000283175	0.0510229781131009
ENSG00000136514	0.325519368638162
ENSG00000113916	-0.266107509537479
ENSG00000285938	-0.225477084265262
ENSG00000152492	-0.122003652965039
ENSG00000127252	-0.0603445881285961
ENSG00000127249	0.0154248182893086
ENSG00000114315	-0.31010265145946
ENSG00000133657	-0.186143978617461
ENSG00000231770	0.00814092077169889
ENSG00000041802	-0.00559416374674546
ENSG00000185112	-0.164594924861962
ENSG00000287005	0.0988662613686289
ENSG00000184203	-0.283612974024824
ENSG00000072274	-0.198430508236781
ENSG00000270170	0.17101526972935
ENSG00000163975	0.043627716162505
ENSG00000228109	0.197635280957626
ENSG00000182899	0.141325692122506
ENSG00000131127	0.0767539642989414
ENSG00000251595	0.0412657198547819
ENSG00000283183	-0.0215457119430097
ENSG00000169020	0.129110532777651
ENSG00000215375	0.207116434072601
ENSG00000169026	-0.0045696010214917
ENSG00000185619	0.0117988063583408
ENSG00000249592	0.00851818978688651
ENSG00000168993	0.142339471383772
ENSG00000127418	-0.182460085704558
ENSG00000272783	-0.0465074810813404
ENSG00000163950	-0.0849738455691916
ENSG00000168936	0.0574220259049124
ENSG00000068078	0.00453595799101123
ENSG00000168924	-0.0494713322699446
ENSG00000109685	0.0101255098321862
ENSG00000123933	0.0129077417197281
ENSG00000159733	-0.0115094454631936
ENSG00000063978	-0.148963486184065
ENSG00000168884	-0.0125504453048971
ENSG00000087266	0.091916274994314
ENSG00000087274	-0.0128768406602226
ENSG00000249673	-0.0237151298019418
ENSG00000087269	-0.0737198870662951
ENSG00000175920	-0.0851201286331202
ENSG00000184160	0.165927540543683
ENSG00000145220	0.0237112725333984
ENSG00000168826	-0.0589593396528686
ENSG00000168824	-0.0359418333487906
ENSG00000168818	-0.0312678906930089
ENSG00000072832	-0.149136573015074
ENSG00000289414	-0.0914276592847227
ENSG00000109501	-0.065470153665725
ENSG00000286176	-0.087881576192335
ENSG00000251580	-0.0079270899453669
ENSG00000163993	-0.386351174410251
ENSG00000132405	-0.0629509731316475
ENSG00000287104	0.526537997114
ENSG00000173013	-0.0275671629215081
ENSG00000173011	-0.0252450503624709
ENSG00000184985	-0.0178208487803047
ENSG00000087008	0.0316603836679036
ENSG00000155275	-0.108682540210437
ENSG00000284636	0.317638057288127
ENSG00000002587	0.0248765921579178
ENSG00000048342	-0.0123089990303165
ENSG00000237765	0.100147695106693
ENSG00000004468	0.0180092211620283
ENSG00000169762	0.0339150632418184
ENSG00000169744	-0.082175293313557
ENSG00000151552	0.304926105312211
ENSG00000002549	-0.160720899484333
ENSG00000118579	0.0212643267500088
ENSG00000163257	-0.159630716038552
ENSG00000286318	0.00192525456659352
ENSG00000152990	0.104153747657627
ENSG00000261121	0.230430107142003
ENSG00000109610	-0.224440584592418
ENSG00000153012	-0.0767448783216433
ENSG00000091490	0.0801459917329052
ENSG00000248936	-0.0227348740103435
ENSG00000181826	-0.28859979108911
ENSG00000169299	-0.0605241040269819
ENSG00000065882	-0.065864923046222
ENSG00000174123	0.0486155539662745
ENSG00000109790	-0.0884182737756192
ENSG00000134962	-0.00686555044920672
ENSG00000163682	0.0617385394448218
ENSG00000121897	0.0622046100310399
ENSG00000224097	0.490351479694783
ENSG00000287262	0.0270961940607518
ENSG00000121892	-0.0408026593668955
ENSG00000260296	0.180110513961636
ENSG00000154277	0.0735460294067947
ENSG00000249212	-0.13279373973994
ENSG00000178343	0.0031223347057927
ENSG00000124406	0.214239561151517
ENSG00000251350	0.0992195485176938
ENSG00000163281	-0.0691145715437651
ENSG00000163285	-1.69663272749599e-05
ENSG00000260918	-0.0344922428374162
ENSG00000145246	-0.0390135611141191
ENSG00000170448	-0.0728474968722716
ENSG00000109180	-0.0510965240197886
ENSG00000145247	0.0930708097737852
ENSG00000163069	0.0311733449971843
ENSG00000109189	-0.104298539351699
ENSG00000248866	0.0749234221196681
ENSG00000226950	0.149671098273851
ENSG00000226887	-0.102829735359205
ENSG00000134853	-0.294983249995939
ENSG00000157404	0.217580929393678
ENSG00000134851	-0.0691972474945672
ENSG00000239040	0.388917072769904
ENSG00000128050	-0.0588642441601472
ENSG00000289393	0.249820085748238
ENSG00000196503	-0.0445146813549757
ENSG00000163453	-0.160366842402468
ENSG00000162840	-0.400195301179733
ENSG00000272986	0.0141443641436819
ENSG00000173542	-0.11645517432928
ENSG00000156136	-0.107194125921276
ENSG00000080493	-0.135437802960984
ENSG00000163626	-0.0398150516794741
ENSG00000163631	-0.0870100008036942
ENSG00000169429	-1.20964199522374
ENSG00000163739	-0.876728065538069
ENSG00000163737	-0.206345611707448
ENSG00000163736	0.000342539182271223
ENSG00000163734	-0.440986177297112
ENSG00000081041	-0.645176939321538
ENSG00000169116	-0.0927779650016122
ENSG00000138769	0.0816927565258566
ENSG00000138755	0.105471296329841
ENSG00000169245	-0.365638211173166
ENSG00000169248	-0.36050207804457
ENSG00000289515	-0.262664521372659
ENSG00000118804	0.242145929765893
ENSG00000138758	-0.127645353568646
ENSG00000118816	-0.0339476625001435
ENSG00000288888	-0.323762673987251
ENSG00000138764	-0.0642406399136813
ENSG00000138772	-0.265673799176705
ENSG00000251442	0.08668320650267
ENSG00000163291	-0.269381979755272
ENSG00000273156	-0.152584296818888
ENSG00000289480	0.189628030157888
ENSG00000249242	0.103172825692251
ENSG00000138674	0.00454835512329207
ENSG00000251022	-0.183296790901274
ENSG00000168152	0.0654569097312679
ENSG00000163623	-0.129050296876402
ENSG00000180769	-0.112866279128424
ENSG00000284968	-0.139768978760979
ENSG00000172493	-0.0925552611902
ENSG00000145332	-0.0208516323664998
ENSG00000272856	-0.09352662548927
ENSG00000152583	-0.0254547495957027
ENSG00000118777	0.0575587983661419
ENSG00000138642	0.0481827913983117
ENSG00000138646	-0.000985513188378036
ENSG00000177432	-0.0879409985766648
ENSG00000248019	0.090710973810899
ENSG00000145335	-0.14952377464411
ENSG00000163110	-0.108643636593317
ENSG00000138696	-0.011775484613332
ENSG00000271474	0.102343657207923
ENSG00000197894	0.0546336375357588
ENSG00000248713	-0.0674669943256723
ENSG00000164032	-0.203865763474807
ENSG00000138821	-0.111977605730927
ENSG00000260651	0.462382395592776
ENSG00000109323	0.0717690435585422
ENSG00000250651	0.158771810149521
ENSG00000164038	0.0370351121871479
ENSG00000164039	-0.0114702235160286
ENSG00000168772	0.00190954388026408
ENSG00000245293	-0.0618283603211171
ENSG00000155016	0.0580810101036461
ENSG00000138796	0.0151413740507361
ENSG00000138795	-0.049763530248657
ENSG00000109475	0.250647720920699
ENSG00000164089	-0.115429596998729
ENSG00000205403	-0.109543796555476
ENSG00000260526	0.0311064897971445
ENSG00000145365	-0.197272205074318
ENSG00000073331	-0.0342828707739016
ENSG00000178403	-0.0390814661119464
ENSG00000269893	-0.0300021819750196
ENSG00000260404	-0.136539160018672
ENSG00000281731	0.0128993232832539
ENSG00000245958	-0.017640011835467
ENSG00000286241	0.0320255944962545
ENSG00000123737	-0.00572012758575602
ENSG00000145386	0.0995345724086637
ENSG00000138686	-0.0526806475151625
ENSG00000224786	-0.000902366041337734
ENSG00000138685	-0.292413842644718
ENSG00000287951	-0.357876599387591
ENSG00000164056	-0.25376749819669
ENSG00000151458	-0.0216624246045766
ENSG00000164070	-0.282541303382173
ENSG00000142731	-0.0124415863752622
ENSG00000138709	-0.0581870735872052
ENSG00000077684	-0.136240000615708
ENSG00000138650	0.0124799770835153
ENSG00000254535	-0.101452056618493
ENSG00000151012	-0.0403104516029385
ENSG00000137463	-0.0232838664699897
ENSG00000085871	-0.0123368222141113
ENSG00000109436	-0.0796535172575871
ENSG00000248890	0.215231111296682
ENSG00000289314	0.224479217291244
ENSG00000164164	-0.0384709340025609
ENSG00000164167	0.0025349400370794
ENSG00000170390	0.0543163811606603
ENSG00000145425	0.0514649713446698
ENSG00000270681	0.117492372832227
ENSG00000109670	-0.0266602549384493
ENSG00000287642	-0.113003933810282
ENSG00000137460	-0.101936651825391
ENSG00000248208	0.0425421852977032
ENSG00000137462	-0.0147029213923381
ENSG00000145428	-0.0505495936972452
ENSG00000061918	-0.0756607147671036
ENSG00000164125	0.216758594941597
ENSG00000171497	-0.0423248477969121
ENSG00000145414	-0.0373245745296496
ENSG00000250486	0.207144861778562
ENSG00000170088	-0.0229060501059222
ENSG00000052802	-0.0366046080476286
ENSG00000109472	0.0380890971995665
ENSG00000251596	-0.0740369259890496
ENSG00000137628	-0.0571821993044523
ENSG00000129116	-0.0534581782896181
ENSG00000279384	0.302978658910244
ENSG00000137601	-0.0134784269501553
ENSG00000198948	0.075386419122031
ENSG00000109576	0.0619537596803759
ENSG00000164104	-0.511164362377793
ENSG00000288728	-0.0109456797699016
ENSG00000164106	-0.0625181300770705
ENSG00000289210	-0.230347621398182
ENSG00000164117	-0.0299749329616227
ENSG00000164118	-0.00870152895849901
ENSG00000289392	-0.314158514791564
ENSG00000289520	-0.143048885647064
ENSG00000129187	0.0367309394588753
ENSG00000168564	-0.146957724865456
ENSG00000272744	-0.179693733356109
ENSG00000168310	-0.0331782839017788
ENSG00000164305	0.0280626052771662
ENSG00000168491	-0.0595830454287782
ENSG00000279943	-0.103689322609111
ENSG00000145476	-0.00669824912060714
ENSG00000164344	0.124044614384591
ENSG00000083857	0.0661492893936923
ENSG00000073578	-0.0962916458832993
ENSG00000248925	0.331260795564394
ENSG00000221990	-0.170142668230666
ENSG00000171368	0.307643703564704
ENSG00000028310	-0.0289814186701415
ENSG00000049656	0.0332363202870653
ENSG00000286388	0.149662960435198
ENSG00000279908	-0.0671246013719321
ENSG00000153395	-0.0627312666813729
ENSG00000145494	0.00161173014398331
ENSG00000261037	-0.116068457020378
ENSG00000133398	-0.0615672607565256
ENSG00000215218	0.0995699939964467
ENSG00000250056	0.133535565010613
ENSG00000037474	-0.0269781218772177
ENSG00000250668	0.485645737404613
ENSG00000078295	0.0458917564273017
ENSG00000215217	0.025542381504284
ENSG00000124279	0.108998472247887
ENSG00000150756	0.00576476500708443
ENSG00000150753	-0.149303150587136
ENSG00000271980	0.201434456215706
ENSG00000164237	-0.0993588451748048
ENSG00000164236	-0.188284296579335
ENSG00000112977	-0.036917518636741
ENSG00000169862	0.0625069951948569
ENSG00000038382	-0.0716571803748492
ENSG00000183580	0.0505354322667316
ENSG00000173545	-0.0343789795430371
ENSG00000145555	0.099927378606085
ENSG00000176788	-0.0815700779338725
ENSG00000082213	-0.0769262435382309
ENSG00000224282	0.666919403352261
ENSG00000272086	-0.0160055386290584
ENSG00000150712	-0.0953082509689976
ENSG00000082196	0.00161542150459454
ENSG00000272323	0.00574459640480049
ENSG00000168724	0.0775235592267203
ENSG00000152620	-0.0882113274749411
ENSG00000164188	-0.103356297251158
ENSG00000079215	0.00204336522031407
ENSG00000270558	0.241364265557605
ENSG00000145623	-0.177431243482378
ENSG00000153071	-0.0302326766255791
ENSG00000171522	-0.106121706693007
ENSG00000145592	-0.0112507539553219
ENSG00000112936	-0.0477909004332944
ENSG00000248668	-0.050980122875784
ENSG00000205765	-0.0343169374878743
ENSG00000250722	0.15330891972354
ENSG00000272234	0.0826397917282933
ENSG00000287263	-0.236575036569996
ENSG00000289206	0.180197141157009
ENSG00000177721	0.125426846595705
ENSG00000112972	-0.209152244691659
ENSG00000249492	-0.0661548278998849
ENSG00000172244	-0.0849272295414619
ENSG00000248092	-0.0666867602260067
ENSG00000251141	-0.0515099465167669
ENSG00000112996	-0.096183936034893
ENSG00000152684	-0.291787642431002
ENSG00000213949	-0.205877732335437
ENSG00000272416	0.254211516741738
ENSG00000178996	-0.00548243865620779
ENSG00000145649	-0.0915241632245093
ENSG00000067113	0.0137226573137495
ENSG00000227908	-0.151596505772258
ENSG00000226221	0.0789696461623563
ENSG00000062194	0.0847120342066527
ENSG00000145632	-0.343706425516742
ENSG00000175857	0.0208495411389849
ENSG00000152932	0.0665113307130359
ENSG00000164181	-0.36845674903158
ENSG00000164182	0.00267012962956386
ENSG00000250461	0.538383164662072
ENSG00000186105	-0.256272705716274
ENSG00000217416	-0.147838286334496
ENSG00000113593	0.0554987048861923
ENSG00000197860	-0.110056450719345
ENSG00000134061	0.139883336599664
ENSG00000280187	-0.173357358896612
ENSG00000153044	0.00965441619117561
ENSG00000183323	-0.0217406726457898
ENSG00000273841	-0.090728718034703
ENSG00000152939	-0.0849672762812388
ENSG00000131844	-0.0203163385283406
ENSG00000285804	0.0613858533608165
ENSG00000113048	-0.0446242318334216
ENSG00000272081	-0.256805550528008
ENSG00000171617	-0.174430674046988
ENSG00000049860	-0.0175735813079899
ENSG00000164346	-0.0839866364124623
ENSG00000271714	-0.415372370354604
ENSG00000289639	-0.50273471653391
ENSG00000176928	-0.137628111409581
ENSG00000113161	-0.0474383233252837
ENSG00000272040	0.213221771072247
ENSG00000251235	-0.22239323456753
ENSG00000164251	-0.226335541580178
ENSG00000244363	0.00769408558007843
ENSG00000132842	-0.059027859735108
ENSG00000245556	0.100333280211209
ENSG00000145685	0.0371090478927168
ENSG00000132840	0.0213522159214183
ENSG00000152413	-0.130546393690419
ENSG00000286818	0.0818889483860612
ENSG00000251050	0.65735291133561
ENSG00000288741	-0.234350163853124
ENSG00000039319	0.221791347311987
ENSG00000228716	0.0751283352819621
ENSG00000131730	-0.191184639844466
ENSG00000186468	-0.000448292206808376
ENSG00000281327	0.0890561343545935
ENSG00000271862	0.173723630722192
ENSG00000038427	-0.248992760581235
ENSG00000127184	0.189896530231166
ENSG00000134480	-0.0360555432094805
ENSG00000289462	-0.155822383595374
ENSG00000245526	-0.0981057473514722
ENSG00000113369	-0.667705145608127
ENSG00000175745	0.14706194440609
ENSG00000243806	0.999220674199378
ENSG00000178015	0.0691842865682963
ENSG00000164292	-0.0305074064763148
ENSG00000173221	0.0502629484309953
ENSG00000175426	-0.160990721617045
ENSG00000145721	0.102623914107897
ENSG00000174136	-0.0484499970226293
ENSG00000248489	0.0328440837984257
ENSG00000270230	0.472780083681382
ENSG00000270307	0.0281232270924386
ENSG00000270225	0.365700625659876
ENSG00000134987	-0.109525583530303
ENSG00000164211	-0.232240875323257
ENSG00000224032	-0.0308488873539911
ENSG00000153037	-0.0924640793541102
ENSG00000249947	-0.137285545872241
ENSG00000172795	-0.101755751548645
ENSG00000047188	-0.198082206993856
ENSG00000243414	0.118893679809212
ENSG00000145782	0.0529823860124901
ENSG00000177879	-0.070467360997931
ENSG00000133835	0.0103167073478029
ENSG00000168938	-0.0770460312508331
ENSG00000288766	0.151681668644165
ENSG00000155324	-0.127498742906309
ENSG00000279118	0.149187933662343
ENSG00000164904	0.0444209145160385
ENSG00000113368	-0.145589159421126
ENSG00000145794	0.0730212646121856
ENSG00000249577	0.669596114766713
ENSG00000248610	-0.0943580594497213
ENSG00000158987	-0.00326623324919094
ENSG00000072682	-0.000505692437984279
ENSG00000131435	-0.0517986642033864
ENSG00000197375	-0.0183209540624626
ENSG00000125347	-0.250123957097692
ENSG00000198944	0.00220748256965012
ENSG00000164404	0.0496066805604299
ENSG00000279691	-0.128565601658912
ENSG00000288758	0.216039539510621
ENSG00000279197	-0.327923255508422
ENSG00000113575	-0.113165537666139
ENSG00000119048	-0.296362094949234
ENSG00000043143	0.0403753591954645
ENSG00000132570	-0.125239306101662
ENSG00000248923	0.262359480293978
ENSG00000198868	0.531185326991781
ENSG00000270021	-0.58249021846145
ENSG00000254239	0.0868556384876377
ENSG00000120708	-0.135347603880956
ENSG00000113658	-0.060004123277412
ENSG00000177733	-0.232798050172641
ENSG00000031003	0.0355273237103794
ENSG00000061492	-0.172922630501387
ENSG00000112981	-0.1117575467085
ENSG00000112983	0.0807170604863663
ENSG00000120709	0.10815161848433
ENSG00000120738	-1.0450858602809
ENSG00000146006	-0.141188681119799
ENSG00000281398	-0.00116538477380428
ENSG00000228672	0.175119386984741
ENSG00000249751	0.078793856076426
ENSG00000250635	0.0594148252277821
ENSG00000146005	-0.0257667027672753
ENSG00000182700	0.053406669083764
ENSG00000113070	-0.181770950758801
ENSG00000243056	0.265351594549313
ENSG00000170458	0.401714176374464
ENSG00000131495	0.219471218870551
ENSG00000170445	0.0397356807327526
ENSG00000112855	0.174079108587543
ENSG00000081818	0.022580649308686
ENSG00000113211	-0.0643913075036774
ENSG00000113212	0.0500274912894434
ENSG00000120328	0.0131717393271614
ENSG00000120327	0.0235311480750602
ENSG00000277795	-0.0121855536654901
ENSG00000178913	-0.0595290415076167
ENSG00000081853	-0.0321900109588104
ENSG00000254245	-0.019951372699646
ENSG00000254221	0.17429402982575
ENSG00000262576	-0.0612153196272653
ENSG00000253485	-0.135177991836412
ENSG00000262209	-0.00667590840096575
ENSG00000276547	-0.140984785697288
ENSG00000261934	0.0740635258126365
ENSG00000253305	0.102022852233583
ENSG00000253846	0.0331050385265192
ENSG00000254122	0.0695674666794153
ENSG00000253873	0.0162911967592425
ENSG00000253159	-0.189602377035172
ENSG00000240184	-0.140381588757975
ENSG00000197948	0.0510587255396436
ENSG00000156453	-0.283656229321906
ENSG00000081791	-0.0466847581313079
ENSG00000280047	-0.0309517072485469
ENSG00000187678	-0.449687074532199
ENSG00000113649	-0.0913755556555667
ENSG00000169302	-0.177908413087666
ENSG00000113657	0.117850989810872
ENSG00000169252	0.00936327437699203
ENSG00000157510	-0.0313879055548744
ENSG00000164284	-0.169545198988138
ENSG00000241112	-0.303453140442553
ENSG00000155850	-0.29039763270469
ENSG00000164296	-0.04831785986784
ENSG00000113716	-0.0528882675910842
ENSG00000214485	0.132439792557934
ENSG00000070808	0.164056131952204
ENSG00000183876	-0.0646293368632467
ENSG00000070814	0.0674110175549504
ENSG00000164587	0.213365750226162
ENSG00000070614	0.0677567723383497
ENSG00000286657	0.0105145428388215
ENSG00000211445	-0.348722221651792
ENSG00000145901	0.00981389729501747
ENSG00000197043	-0.197793028303451
ENSG00000196743	0.128176483844361
ENSG00000123643	0.0689895441331625
ENSG00000260581	-0.0572389922197847
ENSG00000213433	0.317050588160155
ENSG00000037749	-0.0923681505781159
ENSG00000164576	0.124983886037279
ENSG00000170271	0.159307398038358
ENSG00000172568	-0.0147352773703193
ENSG00000172548	0.407597571943401
ENSG00000155858	0.165161424647654
ENSG00000145860	-0.14493960672569
ENSG00000170231	0.111873496231442
ENSG00000221886	0.204464321232753
ENSG00000164611	-0.047957315294834
ENSG00000022355	-0.0278089878897413
ENSG00000113328	0.0955277691780164
ENSG00000113645	-0.104647737678555
ENSG00000233913	-0.967451871675904
ENSG00000040275	-0.0786492658965822
ENSG00000043462	-0.0594416511298103
ENSG00000072786	-0.0533393499467849
ENSG00000168246	0.00888729720204933
ENSG00000174705	0.0788896629322657
ENSG00000120129	-0.268824499532531
ENSG00000164463	0.0128456794763581
ENSG00000254211	0.00452305116318487
ENSG00000213376	0.0587538273235248
ENSG00000184845	0.149917022417016
ENSG00000145920	0.14858251002552
ENSG00000122203	-0.0319265173966573
ENSG00000175414	0.099690246677549
ENSG00000048162	-0.0348573295958585
ENSG00000146066	0.202650054162527
ENSG00000175416	-0.00428606229856923
ENSG00000146083	-0.16528261530326
ENSG00000169258	-0.0451339932124176
ENSG00000074317	0.330832098592584
ENSG00000048140	0.0170029051740725
ENSG00000248859	-0.010577434953327
ENSG00000160883	-0.0953846850900684
ENSG00000251666	-0.222628305235802
ENSG00000169230	-0.1428763154642
ENSG00000169223	-0.138795165784367
ENSG00000169220	0.300987075909653
ENSG00000198055	0.00969976757108754
ENSG00000131188	0.0592237812758053
ENSG00000279821	-0.0694899299309944
ENSG00000146094	-0.0568344199212681
ENSG00000183258	0.0608754413214663
ENSG00000184840	0.00180517621941432
ENSG00000170089	-0.00825718142504651
ENSG00000145911	-0.0184350146674299
ENSG00000145916	0.0569221812024231
ENSG00000197451	0.0120634759159041
ENSG00000175309	0.0521607156300555
ENSG00000213328	-0.11515792864385
ENSG00000272431	0.203510091881817
ENSG00000176783	0.0834125722840601
ENSG00000127022	0.00351248293704729
ENSG00000225051	-0.0210730413296334
ENSG00000213316	0.183323394137756
ENSG00000161011	-0.150869374683114
ENSG00000050748	0.0252422946524238
ENSG00000248367	0.236527110643811
ENSG00000131459	0.00569691014564178
ENSG00000113300	-0.0528698577742533
ENSG00000037280	0.123935347586177
ENSG00000131446	0.003182195812384
ENSG00000280161	-0.0857788488162483
ENSG00000196670	0.103222377883447
ENSG00000146063	-0.224937526611087
ENSG00000233937	0.0176388570293677
ENSG00000183718	0.16466077258511
ENSG00000112679	0.0212650470714813
ENSG00000272463	-0.161871393483814
ENSG00000164379	-0.0778342803211089
ENSG00000137273	-0.110370920564011
ENSG00000054598	-0.400385151896381
ENSG00000124535	-0.0399572859992082
ENSG00000021355	-0.0111624368238869
ENSG00000170542	-0.31052042188287
ENSG00000244041	0.328779345328297
ENSG00000137275	-0.0764419977493853
ENSG00000228170	0.174603697461527
ENSG00000137285	-0.599088701162061
ENSG00000288840	-0.478486847220254
ENSG00000137266	0.0566283275771624
ENSG00000168994	-0.139691965288832
ENSG00000270504	-0.211510091276679
ENSG00000288904	0.159696087987303
ENSG00000198721	0.0257161302556272
ENSG00000219607	0.0502452470018325
ENSG00000124491	-0.00843523027203893
ENSG00000124784	-0.088599365988461
ENSG00000096696	-0.126644090923575
ENSG00000168566	0.051673553241834
ENSG00000188428	0.043550207056613
ENSG00000111843	0.168669956598815
ENSG00000235051	0.0829841631757063
ENSG00000197977	-0.0455681778362991
ENSG00000111859	-0.235167969006303
ENSG00000145990	-0.0344980461325945
ENSG00000050393	0.0493223130677236
ENSG00000235488	-0.0561986772505747
ENSG00000218073	-0.10031973715148
ENSG00000124788	-0.0029519602098386
ENSG00000229931	-0.0558879360279617
ENSG00000272341	0.0926728154140944
ENSG00000112186	0.0466680536996569
ENSG00000187566	0.116335619848942
ENSG00000172201	0.189495435473137
ENSG00000112308	-0.171603019818941
ENSG00000288851	-0.397819079320666
ENSG00000112312	-0.1698573674374
ENSG00000111913	-0.0552698773318601
ENSG00000079691	-0.0564947823659279
ENSG00000010704	0.0364018865122294
ENSG00000180573	0.00718943106910344
ENSG00000158373	-0.0135159400737979
ENSG00000277157	0.154545270986066
ENSG00000197409	-0.144003500167366
ENSG00000196866	-0.168355189601063
ENSG00000217275	0.284317315985313
ENSG00000276966	0.24316979324366
ENSG00000273802	-0.357234535886392
ENSG00000275713	-0.0897134661044632
ENSG00000186470	0.496034771440764
ENSG00000026950	0.0687690379310818
ENSG00000111801	0.273383269134801
ENSG00000112763	-0.106818225668788
ENSG00000182952	-0.0947738279667679
ENSG00000124635	-0.0490946294553253
ENSG00000197903	-0.0846799160338571
ENSG00000204789	0.139065581635718
ENSG00000271755	0.144122309295232
ENSG00000275221	-0.298377656664771
ENSG00000261839	0.266334616304036
ENSG00000176933	-0.101911075452463
ENSG00000137185	0.288910312039245
ENSG00000197062	0.279633381135978
ENSG00000137338	0.0904173837446814
ENSG00000158691	-0.0464739911409151
ENSG00000225173	-0.163946757021075
ENSG00000204713	0.0359993111971341
ENSG00000263426	-0.274344062033482
ENSG00000233916	0.176311012759144
ENSG00000204642	-0.0179390720903627
ENSG00000204632	0.0230141082865564
ENSG00000228078	0.604508663321925
ENSG00000206503	0.088727973038212
ENSG00000204623	-0.0161264683201973
ENSG00000204622	-0.00652083482721696
ENSG00000066379	0.0445738418656064
ENSG00000234127	-0.131781697659178
ENSG00000280128	0.0263430664512056
ENSG00000204592	-0.0802483465143567
ENSG00000204574	-0.0814804644401619
ENSG00000204569	-0.244021962593948
ENSG00000137343	0.120795072518231
ENSG00000228415	0.138405208509471
ENSG00000146112	-0.327870502568105
ENSG00000137404	0.144697705716023
ENSG00000196230	-0.0474120930552334
ENSG00000137312	0.0349191329822183
ENSG00000137331	-0.975910020383463
ENSG00000204580	0.0511317202522876
ENSG00000206344	0.242252831553567
ENSG00000204525	0.189047311907107
ENSG00000234745	0.0945107460725612
ENSG00000204520	-0.404052304024989
ENSG00000206337	0.125389221282658
ENSG00000204516	-0.0649655473594232
ENSG00000198563	-0.0771742837235276
ENSG00000204498	0.134679247415892
ENSG00000204482	0.278806265672297
ENSG00000204435	0.0139508013601554
ENSG00000240053	-0.233792246977834
ENSG00000213722	0.0982836870444172
ENSG00000213719	-0.250289254491159
ENSG00000204394	-0.0785061994879516
ENSG00000204389	-0.375661847525802
ENSG00000204388	-0.788840712416404
ENSG00000204387	0.0913600672329854
ENSG00000166278	0.0574715439781642
ENSG00000204366	0.210087231090046
ENSG00000243649	-0.149239109013788
ENSG00000204356	0.0138919014696594
ENSG00000204348	-0.0974747998392581
ENSG00000204344	-0.0996097657372053
ENSG00000244731	0.0636060508230882
ENSG00000224389	0.176587127103878
ENSG00000231852	-0.395012954464033
ENSG00000204315	0.316719678314429
ENSG00000204314	-0.107515539443674
ENSG00000204310	-0.0242599379540159
ENSG00000213654	0.138485060682194
ENSG00000204287	0.493316526770294
ENSG00000229391	-0.0419453937009784
ENSG00000241106	-0.225243973151776
ENSG00000204267	-0.17365354189624
ENSG00000204264	0.092979664687052
ENSG00000204261	0.193977190641348
ENSG00000240065	-0.036119145732735
ENSG00000168394	-0.324416886875219
ENSG00000231389	0.379316861332218
ENSG00000223865	0.306739204687844
ENSG00000204228	0.226564353162894
ENSG00000223501	-0.0166094980512882
ENSG00000227057	-0.0939136007449877
ENSG00000289100	0.155303699245423
ENSG00000231925	-0.312087872844458
ENSG00000204209	0.0714632237267877
ENSG00000213588	-0.0454894035946762
ENSG00000096433	-0.0067084255023549
ENSG00000137288	0.186173509775392
ENSG00000161896	0.29050060156798
ENSG00000287089	-0.0521609599578546
ENSG00000137309	-0.0834929994268435
ENSG00000186577	0.215325223863536
ENSG00000272325	-0.140614508347511
ENSG00000124614	0.0892889248751873
ENSG00000272288	0.281190214313559
ENSG00000064995	-0.0273648431524485
ENSG00000064999	-0.151653843885444
ENSG00000112039	0.0174001626789929
ENSG00000198755	0.0338550299626915
ENSG00000007866	-0.20433096336344
ENSG00000096060	-0.249815251454977
ENSG00000157343	0.150681182106678
ENSG00000112079	0.0452683353346752
ENSG00000112081	-0.139305310285658
ENSG00000124762	-1.04858419100876
ENSG00000164530	0.355864653457458
ENSG00000137409	-0.0962708485560609
ENSG00000137193	-0.694793309482437
ENSG00000137200	0.0103988214383409
ENSG00000112139	-0.0100791747088966
ENSG00000124780	0.00882575114729011
ENSG00000146122	0.0714816960219287
ENSG00000235033	0.245114657948132
ENSG00000124615	0.0546831156237466
ENSG00000124602	0.126162441384503
ENSG00000124596	0.0867211184959113
ENSG00000214736	0.0969608421222212
ENSG00000164663	0.00604595850663442
ENSG00000112578	-0.0751931175826298
ENSG00000112576	-0.211760142897892
ENSG00000137413	0.0629709712569128
ENSG00000112599	0.00853131076491937
ENSG00000048544	-0.103195802682625
ENSG00000124659	0.0897449099279203
ENSG00000221821	0.246452720242083
ENSG00000137161	0.094253071539873
ENSG00000124713	0.0151388151050574
ENSG00000124587	-0.0471062663037661
ENSG00000137171	-0.00592364528008808
ENSG00000146215	0.184382774721674
ENSG00000137221	0.293678078293942
ENSG00000137207	-0.0374684156491012
ENSG00000271754	-0.081932514754011
ENSG00000124571	-0.043005767002974
ENSG00000172432	0.00582103258816262
ENSG00000096080	-0.210487566696772
ENSG00000287562	-0.0690381431597111
ENSG00000180992	0.0187881831942909
ENSG00000096384	-0.227637268637923
ENSG00000157593	0.151624346403376
ENSG00000146221	-0.104417745067817
ENSG00000172348	0.0278359886600137
ENSG00000153291	0.0908700637081633
ENSG00000198087	-0.0748055035654912
ENSG00000112118	-0.0644711041517789
ENSG00000170915	0.163377596186245
ENSG00000289276	0.11679117493995
ENSG00000225791	-0.00821631223851948
ENSG00000216775	0.0783110109774223
ENSG00000170899	0.0958535325615285
ENSG00000271367	0.37201130090975
ENSG00000271218	0.01018332556548
ENSG00000168116	0.079102332036614
ENSG00000112208	0.0250637236314159
ENSG00000112210	0.0267542966757523
ENSG00000215190	0.112067570576842
ENSG00000266680	-0.0805956566991614
ENSG00000119900	0.126359098302338
ENSG00000229852	0.0136285153360377
ENSG00000203908	-0.0818688839189559
ENSG00000235174	0.224056270175286
ENSG00000119899	0.0187111846674845
ENSG00000231652	0.0964472863814441
ENSG00000118418	-0.120157942984373
ENSG00000261970	-0.0437494159759685
ENSG00000272137	-0.0217351357550085
ENSG00000118402	-0.0935764829358373
ENSG00000272129	-0.26714666446862
ENSG00000233967	0.0794126893636165
ENSG00000260645	0.131468263471232
ENSG00000083097	0.0387728290660591
ENSG00000013392	-0.0468515096170099
ENSG00000219951	-0.0939179577977774
ENSG00000146250	-0.311408939335446
ENSG00000065609	-0.00974976305847972
ENSG00000287705	-0.024037701762481
ENSG00000135324	0.0831963794306588
ENSG00000135315	0.0150513259788971
ENSG00000135318	-0.0281478321173106
ENSG00000135334	-0.0558110941778564
ENSG00000118432	-0.196809666351006
ENSG00000146278	0.0788770382573465
ENSG00000264017	-0.186650615292161
ENSG00000154548	-0.144991811162156
ENSG00000146281	-0.254179548818104
ENSG00000172461	0.0237297720618331
ENSG00000289501	0.0528781097740743
ENSG00000184486	0.138638052594482
ENSG00000146267	-0.0605754157237765
ENSG00000085377	-0.0286520303880056
ENSG00000130349	0.0823530910559065
ENSG00000112320	0.0472252072055645
ENSG00000289433	-0.375196955114103
ENSG00000112333	-0.00215019639652878
ENSG00000118689	-0.0215197293302149
ENSG00000135587	-0.0216477135525707
ENSG00000112365	0.0748670053921382
ENSG00000123505	0.119450781360041
ENSG00000271789	0.325376374460139
ENSG00000255389	0.501858958218261
ENSG00000289256	-0.320264800477954
ENSG00000074935	-0.071708055579417
ENSG00000203778	0.0472946244420984
ENSG00000277443	-0.247937599506917
ENSG00000227502	0.142058468752387
ENSG00000218428	-0.0172967658688563
ENSG00000111832	-0.0755801390504682
ENSG00000111834	-0.122982063209955
ENSG00000183807	0.0828778345874055
ENSG00000153989	-0.073297708330617
ENSG00000152661	0.0744489585673513
ENSG00000164434	-0.230936942019906
ENSG00000146373	-0.0308227321991588
ENSG00000111906	-0.0429378021735898
ENSG00000135547	0.0434670969043037
ENSG00000111912	0.00305336027949121
ENSG00000203760	-0.0106898127643592
ENSG00000220694	0.0561181729578313
ENSG00000189367	-0.180216815192694
ENSG00000220884	0.255058723397211
ENSG00000079819	-0.0160626295312912
ENSG00000118507	-0.0322678347209859
ENSG00000079931	-0.00486213695885392
ENSG00000112303	-0.144101096701733
ENSG00000146409	-0.0788980834180653
ENSG00000112306	0.112996120662229
ENSG00000028839	0.0345726268732677
ENSG00000146411	-0.0111238571944185
ENSG00000118515	0.132509677475549
ENSG00000135541	0.00738609635314458
ENSG00000029363	-0.140379755967565
ENSG00000260418	0.779414596829389
ENSG00000272189	0.205721356399671
ENSG00000197442	-0.0394245456713873
ENSG00000182747	-0.0122313999434044
ENSG00000027697	-0.103404205103601
ENSG00000118503	-0.503464540296929
ENSG00000112378	-0.254550555275668
ENSG00000051620	0.0219291872449254
ENSG00000135540	-0.0876983161444284
ENSG00000225177	0.502840866894496
ENSG00000024862	0.247350125108173
ENSG00000135597	0.0321395648076123
ENSG00000146386	0.00781628918973359
ENSG00000010818	-0.0798346921984339
ENSG00000217648	0.334091805387203
ENSG00000135521	0.00971149953998643
ENSG00000270890	0.0317233864595816
ENSG00000135604	-0.213502359011985
ENSG00000288551	0.0375535045702584
ENSG00000235652	-0.0428228294741452
ENSG00000111961	0.0337053176333815
ENSG00000055208	0.0712950679875236
ENSG00000177688	0.032700923598393
ENSG00000220848	-0.0076682459344901
ENSG00000131023	-0.0682926928114583
ENSG00000120253	0.0242827182298259
ENSG00000120256	0.00552121759667252
ENSG00000213089	-0.300317304062523
ENSG00000181472	-0.11497306078077
ENSG00000120279	-0.20210357354487
ENSG00000146469	-0.00329808314908186
ENSG00000091844	-0.0515379479726401
ENSG00000271551	-0.152762692688995
ENSG00000286482	0.132423076776844
ENSG00000272047	0.0595670083676627
ENSG00000146433	0.0648316622772306
ENSG00000146425	0.0333262170804754
ENSG00000092820	0.214517685355226
ENSG00000164691	0.0161893380058663
ENSG00000112096	-0.442257836371187
ENSG00000120437	0.0986323616051332
ENSG00000272841	-0.322414088597354
ENSG00000026652	0.282443249090891
ENSG00000225683	0.37491946110538
ENSG00000227455	-0.0110211372342292
ENSG00000071242	-0.0161525595379402
ENSG00000198221	-0.131585860138551
ENSG00000223485	-0.0415766273219905
ENSG00000186340	0.0719668526143349
ENSG00000130024	-0.0858491944524986
ENSG00000130023	0.0379047148587857
ENSG00000198719	-0.144221799504994
ENSG00000112584	-0.066298859267648
ENSG00000261003	-0.174872153328301
ENSG00000288829	-0.182988973094389
ENSG00000177706	0.0592702177189062
ENSG00000249852	-0.281024792401588
ENSG00000286710	-0.0218132743283871
ENSG00000223855	0.318964707626948
ENSG00000273151	-0.0518093116463027
ENSG00000105963	0.186872073196001
ENSG00000240230	-0.0538809311548622
ENSG00000146540	-0.0885334672130795
ENSG00000164849	-0.269338811127869
ENSG00000178381	-0.264354405965613
ENSG00000157778	0.198269393961407
ENSG00000106268	0.153468763858981
ENSG00000106263	-0.0530064394134049
ENSG00000136213	-0.0456668947211395
ENSG00000106003	0.0260867147019068
ENSG00000106012	0.00319079233893718
ENSG00000136295	-0.0397173012632847
ENSG00000174945	-0.000993153831899954
ENSG00000146535	-0.0528085586253428
ENSG00000164916	-0.0263061815884564
ENSG00000242802	-0.0585858323956198
ENSG00000136297	-0.137445000039698
ENSG00000273313	0.0125327888329142
ENSG00000272953	0.575657949284822
ENSG00000155034	0.0016019176765973
ENSG00000075624	-0.122943456506304
ENSG00000075618	0.368556256864315
ENSG00000011275	-0.0470632131428122
ENSG00000235944	0.0260108710433804
ENSG00000122512	-0.138484736738946
ENSG00000106305	-0.227231911296819
ENSG00000106346	-0.0423005494329889
ENSG00000008256	0.115122551791786
ENSG00000236609	0.265851989894821
ENSG00000198580	0.122384728200374
ENSG00000122644	-0.297665622739389
ENSG00000006468	-0.179436134044338
ENSG00000272361	-0.287311368818783
ENSG00000136261	-0.114686563029279
ENSG00000105849	-0.175888022919839
ENSG00000173452	-0.137598758367323
ENSG00000271133	-0.394800777608443
ENSG00000233476	0.0666765682560554
ENSG00000136244	-0.922312880027084
ENSG00000164548	-0.10115775435359
ENSG00000105926	-0.0282264419802924
ENSG00000270933	0.182008440161911
ENSG00000122566	-0.060305641959117
ENSG00000086300	-0.00829559060385147
ENSG00000106049	0.0815125428740666
ENSG00000255690	0.121433155453905
ENSG00000272568	0.0344222998999473
ENSG00000288973	-0.282307855822701
ENSG00000106080	-0.115995352601937
ENSG00000106086	-0.00948629779627332
ENSG00000286847	-0.0895304103390843
ENSG00000106105	-0.129094725060849
ENSG00000240583	-0.0648967434913439
ENSG00000226421	0.0338780528358715
ENSG00000105778	-0.113657156977251
ENSG00000281332	0.29183672891711
ENSG00000272905	-0.361984608571535
ENSG00000122642	0.0098672430741375
ENSG00000122557	-0.112740748536003
ENSG00000271122	-0.0891285739187338
ENSG00000227544	0.392196552498709
ENSG00000228878	0.00233960096622754
ENSG00000164542	-0.0628579951552139
ENSG00000011426	0.154282121630423
ENSG00000272984	0.217280582688153
ENSG00000155849	0.0722606520828793
ENSG00000227191	-0.364862582308403
ENSG00000226220	-0.180962763126408
ENSG00000259826	0.0999149379611618
ENSG00000122641	-0.225884251822785
ENSG00000106571	-0.0442522490280799
ENSG00000106591	-0.103155632930259
ENSG00000164543	-0.0885195753537325
ENSG00000062582	0.110988695463754
ENSG00000078967	0.194676339801138
ENSG00000272655	-0.034087333444594
ENSG00000235314	0.464851905016799
ENSG00000106624	0.25086492148355
ENSG00000136271	0.0328615952568604
ENSG00000158604	0.0400440065900678
ENSG00000105953	-0.10851475730247
ENSG00000196262	0.10359492256296
ENSG00000146676	0.0781198662130964
ENSG00000260997	0.021809362946012
ENSG00000136286	-0.199924806633743
ENSG00000232956	-0.249019466363402
ENSG00000136274	0.242820159763536
ENSG00000136270	-0.0782592256310032
ENSG00000206838	-0.282368823869605
ENSG00000122679	-0.159703348740754
ENSG00000146674	-0.0719038668223646
ENSG00000136205	0.160310093405858
ENSG00000136273	-0.143088545852964
ENSG00000183696	-0.155110922041719
ENSG00000279578	-0.141218939438358
ENSG00000106070	0.0190367160908933
ENSG00000286658	0.53770497017749
ENSG00000213673	0.0608425218560033
ENSG00000170419	0.0509096473336113
ENSG00000146648	-0.0926893936264107
ENSG00000146729	0.0853416579364675
ENSG00000146733	0.0140380573332178
ENSG00000129103	-0.0240513166652951
ENSG00000106153	0.00127225924713399
ENSG00000234444	-0.145296337831904
ENSG00000228653	0.112061061746722
ENSG00000152926	-0.184663161985375
ENSG00000228409	0.0184373942833861
ENSG00000236529	-0.169454608133814
ENSG00000126522	-0.0445416721985404
ENSG00000169902	0.0166522852092953
ENSG00000232491	0.0577960307331624
ENSG00000243335	0.143069752822069
ENSG00000106609	0.018068530986596
ENSG00000185274	-0.0826222919572977
ENSG00000225648	-0.254081068037186
ENSG00000196313	-0.084239339288248
ENSG00000285886	0.249371868955921
ENSG00000130305	0.00944528783162859
ENSG00000188763	0.197167900329283
ENSG00000106638	-0.124851148917939
ENSG00000176428	-0.00904273455009837
ENSG00000176410	-0.155602147071808
ENSG00000071462	-0.113296583719107
ENSG00000106683	0.00851642868220443
ENSG00000106682	-0.00771390066050147
ENSG00000086730	0.15702123793248
ENSG00000006704	-0.031309069923607
ENSG00000158517	-0.0580637811153724
ENSG00000274070	0.11814588434812
ENSG00000272391	-0.0605869127403185
ENSG00000127948	-0.0966236287659836
ENSG00000146701	-0.204616172469124
ENSG00000230882	-0.198578902729184
ENSG00000106211	-0.202697373059876
ENSG00000289059	0.00496179967681485
ENSG00000170027	-0.11837795396446
ENSG00000127951	-0.261435671117963
ENSG00000186088	-0.0109866109332655
ENSG00000135211	0.245720623112363
ENSG00000198822	0.0568664268902751
ENSG00000224046	-0.0314480067502734
ENSG00000135185	0.0382005771496466
ENSG00000182165	0.138561508253307
ENSG00000105784	-0.050271489161121
ENSG00000006634	-0.0940973529492
ENSG00000075142	-0.0632883135784789
ENSG00000127954	-0.262474312816858
ENSG00000105792	-0.0428880571024237
ENSG00000157224	-0.0284506334485722
ENSG00000157240	-0.0876153123669394
ENSG00000127993	0.244653202246425
ENSG00000205413	0.0443445421275502
ENSG00000177409	-0.00794132321617896
ENSG00000105825	-0.36905626324555
ENSG00000278959	0.168490855541707
ENSG00000158528	-0.00834989906765889
ENSG00000105854	0.148615604066865
ENSG00000005981	0.0242692104406981
ENSG00000004799	0.271671338612869
ENSG00000158560	-0.0296680947728442
ENSG00000231764	0.0629940301161072
ENSG00000105880	-0.0145498649574805
ENSG00000006128	-0.074102188334664
ENSG00000070669	0.11441639181497
ENSG00000164715	-0.123247734921958
ENSG00000272950	0.214883969059072
ENSG00000214389	-0.214527213734877
ENSG00000106236	-0.22026912883528
ENSG00000198742	-0.0510793774757552
ENSG00000241685	-0.042645635192189
ENSG00000130429	-0.0262598949513422
ENSG00000106244	-0.00224063552283439
ENSG00000160917	0.0857843385298974
ENSG00000198556	0.110169609185975
ENSG00000196652	0.0567274240376332
ENSG00000221909	0.000446970714537299
ENSG00000244219	0.0765087003085853
ENSG00000197037	0.0353384263370597
ENSG00000273407	0.0553542056778177
ENSG00000160862	-0.0669211040652201
ENSG00000166526	0.0753420015805302
ENSG00000166508	0.0010518991064237
ENSG00000221838	0.121530086921542
ENSG00000166997	0.148714519001816
ENSG00000214309	0.00367397572533408
ENSG00000197093	0.0994680733872043
ENSG00000213420	0.00507397124466956
ENSG00000213413	0.0948511534589933
ENSG00000146834	0.0794156712375991
ENSG00000185955	0.126515424986271
ENSG00000166925	0.154303431409777
ENSG00000106351	-0.211662666739746
ENSG00000205307	0.285939078603378
ENSG00000106333	0.256867587876648
ENSG00000106330	0.13686962708036
ENSG00000106327	0.016687636458991
ENSG00000172354	-0.133551024991562
ENSG00000172336	0.0737480567754526
ENSG00000146828	0.148878440048571
ENSG00000087087	-0.00201124904719031
ENSG00000227053	0.00899433358019493
ENSG00000106366	-0.592721532006298
ENSG00000106397	0.183695368820322
ENSG00000214253	0.0716839810878974
ENSG00000257923	0.0113151967347573
ENSG00000160999	-0.0494985290540259
ENSG00000128563	0.0958162249896009
ENSG00000128606	-0.0158505211170941
ENSG00000105821	-0.166752795677637
ENSG00000228393	0.116810423940398
ENSG00000239569	0.148438376063306
ENSG00000135249	-0.0601236556055891
ENSG00000105835	-0.725562878489169
ENSG00000105856	0.0841435660812965
ENSG00000172209	-0.0899798930485836
ENSG00000288558	0.343500284575882
ENSG00000241764	0.27980598995387
ENSG00000091136	-0.0264068439054014
ENSG00000273055	0.294931745168262
ENSG00000173114	-0.0800818611322501
ENSG00000279288	0.188565881501778
ENSG00000164604	0.142305245751585
ENSG00000135272	-0.155304601994738
ENSG00000227199	0.0159955978871333
ENSG00000077063	-0.0431016812800731
ENSG00000106025	-0.0528179414321461
ENSG00000196937	-0.157862153392327
ENSG00000106278	-0.184174852306442
ENSG00000008311	0.0153526445259297
ENSG00000128610	-0.0610667605981632
ENSG00000230316	0.00943281544705674
ENSG00000234224	0.467614536423637
ENSG00000004059	-0.0533104989981281
ENSG00000279078	-0.221337006260544
ENSG00000106344	0.127013701506385
ENSG00000135245	-0.464962969108199
ENSG00000272601	-0.159747235489503
ENSG00000273270	-0.0427590163621066
ENSG00000205085	-0.176658371192041
ENSG00000128596	-0.0111544955798102
ENSG00000128604	0.208797919672779
ENSG00000230359	-0.344828623959684
ENSG00000128602	0.0654054711442462
ENSG00000158467	-0.0161834816117807
ENSG00000273329	-0.0657150000922811
ENSG00000229196	0.184906810883782
ENSG00000226380	-0.0520931407034681
ENSG00000273319	0.000778960224788458
ENSG00000236753	-0.0571348156131906
ENSG00000221866	-0.0377191581909948
ENSG00000146859	0.311204071992965
ENSG00000105875	-0.0355850868835765
ENSG00000105894	0.0147790164597488
ENSG00000157680	-0.0800144685702513
ENSG00000289438	0.135318821930646
ENSG00000105939	-0.0327575217932395
ENSG00000157741	0.0666126150509627
ENSG00000146963	-0.13242061016436
ENSG00000273391	0.271142783252648
ENSG00000236279	0.22583534185559
ENSG00000090266	0.042380496103347
ENSG00000240889	0.00124547892266
ENSG00000090263	0.0635138540442938
ENSG00000244701	-0.120367112342357
ENSG00000257093	0.198429186771229
ENSG00000106028	0.0376553407458795
ENSG00000244292	0.120577281015165
ENSG00000211707	-0.203646481532944
ENSG00000270672	0.160967039257376
ENSG00000211751	-0.12303337572512
ENSG00000165125	0.0720369589382887
ENSG00000197448	0.0649060074092618
ENSG00000106144	-0.0538362514558781
ENSG00000159784	0.129874024921972
ENSG00000272619	-0.00265028936190763
ENSG00000232533	-0.072406856021505
ENSG00000159840	-0.116804645778678
ENSG00000170379	-0.082005308077182
ENSG00000155660	-0.0215436579729924
ENSG00000197362	0.0449774064309459
ENSG00000204947	-0.0598459766837423
ENSG00000170260	0.0908501092950543
ENSG00000204946	0.0562937999697233
ENSG00000196453	-0.0830156833425314
ENSG00000181220	-0.12261166670091
ENSG00000133619	-0.0131949504851635
ENSG00000204934	-0.116693932214942
ENSG00000171130	-0.0773668184498373
ENSG00000106538	0.0926366744670531
ENSG00000214022	0.0818957375568616
ENSG00000179144	-0.109594372880714
ENSG00000133574	-0.0755847543757517
ENSG00000133561	-0.0490171854586761
ENSG00000106560	0.0156204843949473
ENSG00000213203	0.094291837106449
ENSG00000196329	-0.200213332153206
ENSG00000106565	0.255158638594038
ENSG00000002933	0.223575370296527
ENSG00000055118	0.0563726727304238
ENSG00000164867	-0.326569101128197
ENSG00000033050	-0.078641647104277
ENSG00000033100	0.0307470709535473
ENSG00000106617	-0.140168292068512
ENSG00000239911	-0.00803320386230834
ENSG00000285524	0.0809383476288868
ENSG00000214106	0.0215879042790988
ENSG00000273183	0.446131002221833
ENSG00000273344	0.196242411583959
ENSG00000157219	0.0620287241863779
ENSG00000287865	-0.263097299232929
ENSG00000273117	0.282975661952468
ENSG00000164778	-0.0971279510947804
ENSG00000184863	0.0346761332088395
ENSG00000224903	-0.187894015872495
ENSG00000146909	-0.0618788006701345
ENSG00000105993	-0.087966340327028
ENSG00000146918	0.0049111028982149
ENSG00000172748	0.0228436953510499
ENSG00000104714	-0.00265555235159862
ENSG00000260721	-0.149895719715847
ENSG00000282021	0.0178511834663763
ENSG00000253982	0.206615161090995
ENSG00000253764	-0.0353055306299312
ENSG00000176595	0.0379958659816366
ENSG00000270988	-0.035707761815024
ENSG00000287970	0.0406731843273998
ENSG00000091879	0.112559253396365
ENSG00000164821	-0.275840071273028
ENSG00000239839	-0.373710592707407
ENSG00000173295	-0.107737275579098
ENSG00000253958	-0.189589420756005
ENSG00000147324	-0.0619437884915737
ENSG00000173281	-0.120033695552742
ENSG00000272267	-0.118137876783595
ENSG00000171056	-0.599934746641819
ENSG00000269918	0.0813481496569028
ENSG00000255020	0.0510332717715479
ENSG00000154319	-0.0284748625682478
ENSG00000154328	-0.229920845105667
ENSG00000270074	-0.299488840561074
ENSG00000154359	-0.170140288554874
ENSG00000104723	-0.0907358699085622
ENSG00000003989	-0.0991080600830768
ENSG00000253671	-0.00642402180449069
ENSG00000078674	-0.0448591599682358
ENSG00000245281	-0.0307853697158963
ENSG00000244018	0.199257622340399
ENSG00000279858	-0.340409794419282
ENSG00000147408	0.00882793631530945
ENSG00000147416	0.114510180197695
ENSG00000147443	-0.191310084253261
ENSG00000158806	0.0991548138735588
ENSG00000275074	0.12713217586208
ENSG00000168481	0.316537416479974
ENSG00000168484	0.226643599412953
ENSG00000168495	-0.0763148191807555
ENSG00000104635	-0.20500047294731
ENSG00000120910	-0.0697301895417585
ENSG00000120896	-0.0954141907216144
ENSG00000287467	-0.095040994254354
ENSG00000241852	0.183083339659398
ENSG00000158941	-0.0362190432219384
ENSG00000253200	-0.240630551060751
ENSG00000261026	-0.0825964442896329
ENSG00000120889	-0.161027769824374
ENSG00000173535	-0.146593112766182
ENSG00000173530	-0.428303122781984
ENSG00000289584	0.408977038605196
ENSG00000104679	0.05724769782861
ENSG00000197217	-0.029352200247162
ENSG00000167034	-0.0700975869115001
ENSG00000159167	-0.0806943384094086
ENSG00000104722	-0.327200668072073
ENSG00000277586	-0.0964336835494888
ENSG00000272157	0.140202775986451
ENSG00000147459	0.182672087850978
ENSG00000228451	0.0925773254808118
ENSG00000092964	0.137099341443715
ENSG00000015592	0.169124653837687
ENSG00000104228	-0.0390291741822391
ENSG00000120915	-0.0372736370082035
ENSG00000120885	0.22578476309445
ENSG00000279302	0.0498153431368933
ENSG00000186918	0.0199961257337757
ENSG00000214050	-0.0511662624611278
ENSG00000012232	-0.0346052550068525
ENSG00000147421	0.0414353188249139
ENSG00000259366	-0.193965623592655
ENSG00000120875	-0.10679683388581
ENSG00000285669	0.0974627703397507
ENSG00000272375	-0.0705630040280385
ENSG00000254109	-0.219587181006798
ENSG00000197265	0.0124883830881743
ENSG00000172733	0.0897851411517664
ENSG00000272338	0.327014978528588
ENSG00000133874	-0.176613308520376
ENSG00000133878	0.0355644739699745
ENSG00000183779	-0.258292312730133
ENSG00000183154	-0.222010026835894
ENSG00000147475	-0.15361718784695
ENSG00000147471	-0.023094231008492
ENSG00000104221	-0.0413533683565559
ENSG00000187840	0.0341414256295046
ENSG00000156735	-0.181657738152953
ENSG00000285632	-0.0534882351712743
ENSG00000085788	0.0685481297475248
ENSG00000147535	0.00455803964064338
ENSG00000147548	0.00547954316170132
ENSG00000272092	0.130029686493483
ENSG00000165046	0.0115665988806577
ENSG00000253570	0.00669267268781254
ENSG00000169499	-0.0324688648312966
ENSG00000169490	-0.154866856248488
ENSG00000272479	0.591185283918545
ENSG00000158669	0.0868672512272486
ENSG00000104368	-0.307536150102322
ENSG00000104365	0.0557934272581265
ENSG00000131931	-0.0797297895817185
ENSG00000165102	-0.00636755254672749
ENSG00000253817	0.195046080963811
ENSG00000221869	-0.399956174470789
ENSG00000168300	-0.110675131958459
ENSG00000228801	0.0290976605140381
ENSG00000288818	-0.0557617598546661
ENSG00000253667	-0.0779566036176421
ENSG00000254087	-0.0191659821890189
ENSG00000008988	0.273983376702394
ENSG00000170791	-0.12407022272582
ENSG00000272343	0.157031774951294
ENSG00000170786	-0.0375836833670068
ENSG00000181195	-0.3932165567254
ENSG00000254254	-0.144514439465003
ENSG00000254139	-0.0581918874429763
ENSG00000215114	0.055240433533746
ENSG00000137575	-0.244271764987454
ENSG00000167912	0.0175935358395819
ENSG00000178538	-0.0567785632622467
ENSG00000198363	-0.0670886399288485
ENSG00000185942	0.0646801747994242
ENSG00000137561	0.0036326496411686
ENSG00000287844	0.015524260993354
ENSG00000205268	0.0735330965690289
ENSG00000272192	-0.00417033624212226
ENSG00000179041	-0.222559324782191
ENSG00000147576	0.0460256998823816
ENSG00000288596	-0.0381815822588711
ENSG00000104205	0.00351877811927549
ENSG00000245910	0.159102388780036
ENSG00000046889	-0.0580702831254911
ENSG00000247570	-0.0803115072977935
ENSG00000288966	-0.0832784883479637
ENSG00000178860	-0.164819269128178
ENSG00000147604	0.105768653055575
ENSG00000121039	-0.203677027502953
ENSG00000154582	-0.162171664742869
ENSG00000175606	-0.214248742765491
ENSG00000104381	-0.0645167764382832
ENSG00000253596	0.0294350741681685
ENSG00000253341	0.0511208503967815
ENSG00000137558	0.162122310441254
ENSG00000121005	-0.0580890161695633
ENSG00000270866	0.155044005844686
ENSG00000091656	-0.0137086474336301
ENSG00000288756	-0.0918026871183057
ENSG00000104435	0.106177696416983
ENSG00000076554	0.00907139467019024
ENSG00000164687	0.250507986457037
ENSG00000147588	0.336598436057095
ENSG00000104231	-0.0237263708902955
ENSG00000104497	-0.119061821870143
ENSG00000206228	-0.10522140460093
ENSG00000133739	-0.213677278169977
ENSG00000133740	0.0272444210763545
ENSG00000104267	0.442776155125644
ENSG00000123124	-0.0694388097913317
ENSG00000176623	0.00269931625778967
ENSG00000085719	-0.0968089156550071
ENSG00000104325	-0.149099333875612
ENSG00000123119	0.0115998161865444
ENSG00000253525	-0.261434106472805
ENSG00000183808	-0.269017926362961
ENSG00000164951	-0.256240552473851
ENSG00000164949	-0.0559088739616725
ENSG00000164941	0.0396620891553484
ENSG00000156172	-0.0450011178295832
ENSG00000156467	0.109347046867628
ENSG00000180543	-0.0704137868475097
ENSG00000156482	0.0453734210109942
ENSG00000288752	0.431029365776475
ENSG00000132541	-0.436360986934823
ENSG00000104361	0.0132952093301134
ENSG00000156486	-0.0814038920575743
ENSG00000164919	0.162805741464179
ENSG00000260368	-0.112726647885669
ENSG00000164924	0.00414461586582565
ENSG00000261087	0.0524904867747856
ENSG00000120963	0.0359151399901921
ENSG00000246263	-0.0570121439560464
ENSG00000253633	-0.0104081639002154
ENSG00000155090	-0.725595053254516
ENSG00000236939	-0.0569317290763859
ENSG00000164929	0.100439901090811
ENSG00000247081	-0.233010166916939
ENSG00000164933	-0.220300458503599
ENSG00000288945	-0.0371158046567471
ENSG00000104408	0.0239289460912844
ENSG00000289094	-0.193359841836567
ENSG00000248050	-0.24426814355083
ENSG00000164794	-0.0789005982942809
ENSG00000254241	0.141580448449893
ENSG00000147676	-0.0789321436971972
ENSG00000136999	-0.0564948264907536
ENSG00000178764	-0.0883589278593074
ENSG00000165156	-0.0604698984615982
ENSG00000147684	0.17963548967066
ENSG00000104549	0.0989784941220593
ENSG00000173334	-0.23172436049901
ENSG00000136997	-0.530090671223243
ENSG00000153310	-0.0431136513664652
ENSG00000280543	0.0549594631669162
ENSG00000286535	-0.103202161985342
ENSG00000184156	-0.00518762687634108
ENSG00000129292	-0.124524829571927
ENSG00000008513	-0.0869850586353415
ENSG00000282164	0.14099347288233
ENSG00000259891	-0.240670213914118
ENSG00000104472	0.123723270433804
ENSG00000123908	0.007325701041345
ENSG00000105339	-0.169181964103645
ENSG00000253210	-0.0380737161190504
ENSG00000022567	-0.0190346588233387
ENSG00000184489	-0.129616678905429
ENSG00000261710	0.493432575710218
ENSG00000261693	0.0384830565849979
ENSG00000198576	-1.02518028819983
ENSG00000289411	-0.209691273023703
ENSG00000234616	0.111537981538838
ENSG00000253741	-0.0235149759994348
ENSG00000167656	-0.038944896090699
ENSG00000160932	-0.0253946521902197
ENSG00000177335	0.0532105501285217
ENSG00000185730	0.141244263837125
ENSG00000014164	-0.0344798339456839
ENSG00000287576	-0.0705917122408269
ENSG00000104518	0.0119152515640356
ENSG00000204839	0.0276336255863839
ENSG00000104524	-0.149405478831976
ENSG00000183309	-0.0734432523876003
ENSG00000181097	-0.095129747573762
ENSG00000180921	0.116735650018926
ENSG00000179950	-0.0351318461011821
ENSG00000178685	-0.00731041152450784
ENSG00000178719	-0.21701839069792
ENSG00000178814	0.0717399571044868
ENSG00000179091	-0.218222033863656
ENSG00000179632	0.216792188177292
ENSG00000179832	0.0511830938389303
ENSG00000185122	-0.199513460322314
ENSG00000261678	0.0996713297718134
ENSG00000185803	0.0911240682430769
ENSG00000272115	0.0285638543910717
ENSG00000167701	0.0174438128705496
ENSG00000213563	0.0964205141607327
ENSG00000147799	-0.0184930088159431
ENSG00000263612	-0.00651307355348273
ENSG00000161016	0.0587192894003995
ENSG00000147789	0.0464336207279265
ENSG00000286681	-0.1020192538234
ENSG00000196150	0.00708432974957704
ENSG00000196922	0.102546344585495
ENSG00000255559	0.154016963476809
ENSG00000255000	0.0465787964799309
ENSG00000182307	-0.0188661177761784
ENSG00000170122	0.054749791514665
ENSG00000172785	0.110395489887584
ENSG00000107104	-0.0329868334559382
ENSG00000080503	-0.187541665715413
ENSG00000147852	0.0633097458126291
ENSG00000205808	0.155383749277929
ENSG00000147853	-0.0501726426587238
ENSG00000120217	-0.0554350062281341
ENSG00000137033	0.140438623973361
ENSG00000147854	0.0392273875727717
ENSG00000178445	-0.0465522857473365
ENSG00000107186	-0.0553212725403855
ENSG00000147862	-0.0278095718415344
ENSG00000225472	-0.0685866540345717
ENSG00000273399	0.222929769116731
ENSG00000214110	0.000837167093365374
ENSG00000164975	-0.0560695756407219
ENSG00000155876	0.0778308968516669
ENSG00000147872	-0.271021306317479
ENSG00000232176	0.255889844284703
ENSG00000272842	0.0926400340806572
ENSG00000137154	0.0893574879029473
ENSG00000260912	-0.241534371531691
ENSG00000155886	0.28275288943407
ENSG00000188379	0.166153055179411
ENSG00000261696	0.0277749479345434
ENSG00000235108	0.528936577740694
ENSG00000176399	-0.0221172980087162
ENSG00000198680	0.110581170732449
ENSG00000260412	0.12371386266358
ENSG00000122729	-0.0281689330530251
ENSG00000107201	0.0470414204167534
ENSG00000238001	-0.024196731572359
ENSG00000231193	0.120376960905803
ENSG00000086061	-0.234017590189031
ENSG00000086062	-0.16666047694295
ENSG00000107262	0.0616022787449731
ENSG00000086102	-0.0118578063709793
ENSG00000165271	-0.0567594071938125
ENSG00000231991	-0.289821030338288
ENSG00000260947	-0.0266137497964886
ENSG00000010438	0.0304460593040813
ENSG00000198876	-0.0453903655464443
ENSG00000164978	0.102920506180158
ENSG00000164976	0.0373854470744828
ENSG00000168913	0.294216465450828
ENSG00000122756	-0.144791146477316
ENSG00000164967	-0.0226493314912006
ENSG00000147955	0.104829136236351
ENSG00000187186	0.15884821570595
ENSG00000122733	0.0934016208689002
ENSG00000137094	-0.257251637430707
ENSG00000273597	-0.184617262775363
ENSG00000279489	0.224736818398663
ENSG00000165280	-0.123022452254142
ENSG00000165282	-0.122178658265749
ENSG00000234181	-0.060903611936859
ENSG00000165283	-0.144422837376174
ENSG00000005238	0.0166640261567305
ENSG00000198853	0.0736030073913358
ENSG00000287287	-0.137692927242054
ENSG00000107175	0.0177090471971691
ENSG00000137133	0.212009943826667
ENSG00000196196	0.0341619385416298
ENSG00000213866	-0.855624548324794
ENSG00000260100	0.15975272892218
ENSG00000168795	0.0182521617103029
ENSG00000137054	-0.0575152970590228
ENSG00000122696	-0.0720917117625306
ENSG00000107338	-0.0310231372871526
ENSG00000225345	-0.372977269173531
ENSG00000204860	-0.00164437499565758
ENSG00000215126	0.00294498626971851
ENSG00000279561	-0.263377621824323
ENSG00000238113	0.0805689755045055
ENSG00000224106	0.0763877507676748
ENSG00000187866	0.0799030626252206
ENSG00000135063	-0.135249687008287
ENSG00000261447	-0.220579416139308
ENSG00000188647	-0.021000987831875
ENSG00000119138	-0.271446479577215
ENSG00000289159	0.00356854320465142
ENSG00000135048	-0.216125724482903
ENSG00000236060	-0.382198422863766
ENSG00000135046	-0.106163904286473
ENSG00000198963	-0.0221695473579062
ENSG00000135045	-0.0178895803520005
ENSG00000134996	0.0284211913165234
ENSG00000148019	0.0885979615196496
ENSG00000135069	0.170380797276172
ENSG00000196781	-0.0766260355652476
ENSG00000165113	0.00161279114833203
ENSG00000148053	0.0370518947549206
ENSG00000230303	0.0244010274436297
ENSG00000165121	0.053556220815775
ENSG00000287769	0.0227941637587665
ENSG00000275017	0.0154367831731451
ENSG00000231804	-0.00622666053601216
ENSG00000224945	-0.0228508316282479
ENSG00000123975	-0.236304253722183
ENSG00000187742	-0.0340755446969578
ENSG00000130222	-0.303062190713552
ENSG00000165023	0.0918168830193692
ENSG00000289123	-0.024159901860755
ENSG00000273381	0.126903266597614
ENSG00000165030	-0.478384360639744
ENSG00000233081	-0.112175641307979
ENSG00000196305	-0.130415278875431
ENSG00000198000	0.0912323520192531
ENSG00000106819	-0.14907992208822
ENSG00000106823	-0.0804705052727149
ENSG00000288062	0.0686372701836068
ENSG00000127081	-0.0236950595649208
ENSG00000157303	0.0134306393225043
ENSG00000165233	0.0625527923313716
ENSG00000048828	-0.152037154601332
ENSG00000289031	0.150947648963067
ENSG00000158079	0.062926584655156
ENSG00000269929	0.10283161529576
ENSG00000271314	0.102993017640877
ENSG00000271659	0.00288924852349549
ENSG00000225194	-0.177419118496466
ENSG00000275465	-0.226087310714922
ENSG00000165244	-0.0566799488725728
ENSG00000238251	0.00748797459758189
ENSG00000158122	0.0099366266547323
ENSG00000228376	0.0731895924997222
ENSG00000136842	-0.139739672274708
ENSG00000136937	-0.0573426759253567
ENSG00000095380	-0.010708311011579
ENSG00000106785	-0.0765391885820777
ENSG00000165138	0.111578245158697
ENSG00000119508	-0.187091607535577
ENSG00000170681	-0.0408304766069975
ENSG00000136870	0.309183480584168
ENSG00000165152	0.170652487398091
ENSG00000155827	0.0988761790699441
ENSG00000165028	-0.0430222098284842
ENSG00000106701	-0.133131035372785
ENSG00000136826	-0.232902303764252
ENSG00000198121	-0.116762354652701
ENSG00000136813	0.0519331467019346
ENSG00000106853	-0.25476702415747
ENSG00000059769	-0.0335534994637216
ENSG00000242616	-0.249000870930515
ENSG00000148154	-0.0589567561630413
ENSG00000119314	-0.0893119325273468
ENSG00000119471	-0.0483992827350963
ENSG00000165185	0.0673021012070559
ENSG00000226609	0.263725349896219
ENSG00000228623	0.103974552316265
ENSG00000225684	-0.348990795385681
ENSG00000136867	0.17511596158236
ENSG00000119321	0.089923342961246
ENSG00000136868	-0.212421436378857
ENSG00000136875	-0.122357950589241
ENSG00000148225	-0.10830391370914
ENSG00000095397	0.0570576124790507
ENSG00000136869	0.0398597827403768
ENSG00000119403	0.0796197103100781
ENSG00000119397	0.0178570011643764
ENSG00000243738	0.0736940849196227
ENSG00000148175	-0.18871841289967
ENSG00000175764	0.0204451041155447
ENSG00000011454	-0.0319255173602709
ENSG00000148204	0.383253384811869
ENSG00000106689	-0.158151031433545
ENSG00000119408	-0.0458752250342684
ENSG00000185585	0.0017057191157869
ENSG00000136942	0.224877392978388
ENSG00000136950	-0.1375712123057
ENSG00000044574	-0.329533758404125
ENSG00000167081	-0.0362162616035006
ENSG00000279137	0.0792119076060428
ENSG00000136856	-0.019600701759112
ENSG00000197958	0.236869964223426
ENSG00000148356	-0.0374930927274239
ENSG00000095370	-0.0408253741505174
ENSG00000136877	-0.0515783162212097
ENSG00000106992	0.0178070565844884
ENSG00000136840	-0.061436702819715
ENSG00000227218	0.0497981143081921
ENSG00000136908	0.0920777188364138
ENSG00000167106	0.269514397953346
ENSG00000171169	0.0446324035959608
ENSG00000148339	-0.661406543046062
ENSG00000232850	0.129317088446651
ENSG00000148346	-0.000803596220742668
ENSG00000167112	0.0756802526881425
ENSG00000272696	0.00365670777454997
ENSG00000167114	0.0480394480611866
ENSG00000207955	0.431564602331691
ENSG00000167123	0.795215831121725
ENSG00000273186	0.24773235888134
ENSG00000228510	0.1809552782821
ENSG00000119392	0.000178155887942589
ENSG00000203286	-0.534201768623935
ENSG00000198917	0.0748861165167228
ENSG00000171097	0.0370241130751321
ENSG00000136802	-0.182393150882328
ENSG00000175287	0.557301606559433
ENSG00000095319	0.0523038979163746
ENSG00000148341	0.234209284168015
ENSG00000095321	-0.156681743663256
ENSG00000188483	-0.200836981867983
ENSG00000233901	0.0882301417080765
ENSG00000227619	-0.112188111501268
ENSG00000148335	-0.147132574118515
ENSG00000179058	-0.043541115050693
ENSG00000148344	0.0278221720455218
ENSG00000136816	0.0228498615423617
ENSG00000136827	-0.108579499896174
ENSG00000136819	-0.0403919400826815
ENSG00000136878	-0.0377970185196259
ENSG00000148358	0.0152767117309564
ENSG00000107164	-0.197908451856716
ENSG00000130713	0.0170921580997406
ENSG00000126883	-0.011263676124671
ENSG00000160539	0.0421890380591837
ENSG00000288701	-0.123345060129658
ENSG00000130717	0.0611507741410507
ENSG00000125485	0.00914247073723051
ENSG00000148308	0.043556166683193
ENSG00000160271	0.172182878553864
ENSG00000148296	-0.0547666731391462
ENSG00000148303	0.0657924370920545
ENSG00000148291	0.192928221045379
ENSG00000196990	0.206072370643844
ENSG00000160293	-0.0408307997815567
ENSG00000273473	0.201552367027603
ENSG00000186350	-0.110972728133183
ENSG00000085265	-0.281530329414397
ENSG00000225361	-0.15171915121248
ENSG00000196422	0.0246324751148864
ENSG00000226706	0.0878566512790093
ENSG00000148386	-0.26000818915943
ENSG00000165643	-0.0975397729730274
ENSG00000130560	-0.0206826569257752
ENSG00000148411	-0.026716029705474
ENSG00000165688	-0.0872827595424891
ENSG00000148396	-0.00278337105259918
ENSG00000196366	0.220069821101545
ENSG00000148400	-0.10600579399358
ENSG00000227512	0.147082037197459
ENSG00000169692	0.0179646402854225
ENSG00000187922	-0.374075453946635
ENSG00000267206	-0.337922692104914
ENSG00000177984	0.138351600383828
ENSG00000228544	-0.132650570079034
ENSG00000177943	-0.00033085201239781
ENSG00000184925	-0.0372932077705415
ENSG00000107317	0.523865733435285
ENSG00000214402	0.048611889699236
ENSG00000107331	0.405824037384348
ENSG00000180549	-0.206424446532359
ENSG00000186193	-0.264267994290288
ENSG00000197355	0.474758419556685
ENSG00000268996	0.212597702326235
ENSG00000177239	-0.0293510660158619
ENSG00000176248	0.0631337930750292
ENSG00000176101	0.253048654036861
ENSG00000176058	0.326086320480253
ENSG00000188566	0.0421834311547716
ENSG00000197191	0.200647733191917
ENSG00000188229	-0.41045669637567
ENSG00000198435	-0.0376117609164581
ENSG00000148399	0.0669622077508275
ENSG00000181090	0.0319804672666766
ENSG00000015171	-0.0193768545747036
ENSG00000107929	-0.0559779909233306
ENSG00000047056	-0.0519840662566134
ENSG00000287560	-0.0745626540427009
ENSG00000273001	0.0500422848613848
ENSG00000067057	-0.119988974074323
ENSG00000067082	-0.244558164029178
ENSG00000151632	0.0838515608147972
ENSG00000196139	0.0205039528264621
ENSG00000173848	-0.00142828663641247
ENSG00000178372	-0.399435007948514
ENSG00000205488	0.0309122524510227
ENSG00000287566	0.179752635939861
ENSG00000108021	-0.013596566525536
ENSG00000134461	-0.0406273190982542
ENSG00000134470	-0.215747960982226
ENSG00000170525	-0.0635457113328778
ENSG00000288915	0.0259077970919892
ENSG00000123243	-0.0528771661017025
ENSG00000151655	-0.01535796759168
ENSG00000151657	-0.0443042793762261
ENSG00000270111	0.00856434786619241
ENSG00000271046	0.229763056124991
ENSG00000134463	-0.196718884841732
ENSG00000225778	0.0360391435106027
ENSG00000181192	-0.0366079647324993
ENSG00000065665	0.0216544308822142
ENSG00000165609	0.0605628389791279
ENSG00000151465	-0.0893300206767125
ENSG00000228330	-0.0703712710736131
ENSG00000107537	0.0911268448284506
ENSG00000086475	0.132638043733245
ENSG00000165626	-0.0275494702981297
ENSG00000185267	-0.054298927782672
ENSG00000187522	-0.00697532555090017
ENSG00000176244	-0.0637932974321089
ENSG00000152465	-0.0112357697736194
ENSG00000148484	-0.00731551700586004
ENSG00000260589	0.234031357109131
ENSG00000148482	0.0833043732700282
ENSG00000165995	-0.0767737032269842
ENSG00000241058	0.10539485695435
ENSG00000165997	-0.230853948561048
ENSG00000078114	0.0265949269981477
ENSG00000231920	0.124235618999043
ENSG00000204682	0.0601595459213426
ENSG00000227462	-0.433632012380166
ENSG00000148444	0.166660117620902
ENSG00000168283	0.065053907336425
ENSG00000168267	-0.160728574107093
ENSG00000224215	-0.260309723533936
ENSG00000151023	0.00884174861874229
ENSG00000185875	0.124374164346904
ENSG00000233642	-0.0663462604978803
ENSG00000151025	-0.0355641381869463
ENSG00000120539	0.0299479716710812
ENSG00000107897	0.0124247395872381
ENSG00000254635	0.0720071643035299
ENSG00000095787	0.00760227675204293
ENSG00000229605	-0.103432456722137
ENSG00000107951	-0.0477211769867907
ENSG00000107968	-0.333596942671696
ENSG00000148516	-0.0543519158544235
ENSG00000289412	-0.0484687472715305
ENSG00000165322	0.0301613459990129
ENSG00000099250	-0.0495179446736623
ENSG00000095794	-0.182652585960821
ENSG00000269952	-0.659590476057756
ENSG00000271335	0.108930316482332
ENSG00000177283	0.0500090247766561
ENSG00000229644	-0.455597783133973
ENSG00000198105	0.0998491195428981
ENSG00000075407	0.0695979973706153
ENSG00000099251	0.0631413268708037
ENSG00000259869	-0.033704646790238
ENSG00000165733	-0.0888301291860967
ENSG00000273008	0.198709951046197
ENSG00000238263	-0.323266899387001
ENSG00000169740	0.246380539138536
ENSG00000107562	0.332249545759993
ENSG00000107551	-0.0283693541475497
ENSG00000165507	-0.362051081896306
ENSG00000012779	-0.0692632642597003
ENSG00000165406	0.104756392622289
ENSG00000289092	0.292739008811267
ENSG00000266524	-0.464880733791647
ENSG00000265763	0.148741282481175
ENSG00000279822	-0.25000312727668
ENSG00000165633	-0.0152597718752802
ENSG00000204152	-0.0789834536486798
ENSG00000226200	-0.0194445936126204
ENSG00000204147	-0.0116862378095319
ENSG00000165443	0.127351714215909
ENSG00000165449	-0.053553304117966
ENSG00000138311	0.0774574445323214
ENSG00000122877	-0.522341750680761
ENSG00000148572	-0.0403942345104104
ENSG00000232075	0.0843614420861171
ENSG00000148634	-0.0385368861366849
ENSG00000108187	0.026665341959011
ENSG00000096746	-0.275184152725488
ENSG00000260400	0.170925990223285
ENSG00000165730	0.058283462760471
ENSG00000122862	-0.638428135145407
ENSG00000156502	0.0357599679248678
ENSG00000156510	-0.0863340436712949
ENSG00000156515	-0.202683096577996
ENSG00000075073	-0.0682762344205433
ENSG00000236154	-0.155856153198018
ENSG00000171224	-0.172883453579544
ENSG00000099284	-0.060146337689156
ENSG00000156521	0.0985002898971814
ENSG00000148730	0.036940395243328
ENSG00000280401	0.00505645857446034
ENSG00000180644	-0.440955091119828
ENSG00000138316	0.155005617527046
ENSG00000166224	0.0799450566209496
ENSG00000166228	0.0792344155230663
ENSG00000198246	0.0709290328008607
ENSG00000107738	-0.283365413694063
ENSG00000197746	-0.00711716118282116
ENSG00000122863	-0.261401119917954
ENSG00000166295	0.01722268200846
ENSG00000200170	0.0861280982693761
ENSG00000168209	0.331816395621172
ENSG00000148719	0.0955267802540461
ENSG00000213700	0.250892656806521
ENSG00000122884	-0.0713582180686839
ENSG00000166321	0.102451945869719
ENSG00000122882	-0.0152014139405371
ENSG00000138286	0.0527030799014494
ENSG00000138279	-0.11826366540042
ENSG00000166343	0.00889634526592563
ENSG00000272791	-0.038788775673527
ENSG00000250959	0.127885713294996
ENSG00000279088	0.121307821106475
ENSG00000166507	-0.0783070967080792
ENSG00000148660	0.185298651420066
ENSG00000122861	0.105595272608875
ENSG00000156650	-0.0160561022811239
ENSG00000236797	-0.0441354230922781
ENSG00000165655	-0.378052710245766
ENSG00000156113	-0.00704354410835049
ENSG00000151208	0.0352605567763751
ENSG00000148606	-0.0523557397141942
ENSG00000138326	0.212719950549422
ENSG00000108175	-0.101809222264275
ENSG00000108179	-0.0342718842500319
ENSG00000165424	0.0329807309212884
ENSG00000283101	-0.145143138331369
ENSG00000230091	0.00885599575717161
ENSG00000133678	0.0887170154197175
ENSG00000189129	-0.0537661756637942
ENSG00000122359	-0.164803302980966
ENSG00000122378	-0.163543520852378
ENSG00000108219	-0.164055955624708
ENSG00000288918	-0.0659352033132504
ENSG00000227896	0.371745671211696
ENSG00000272631	0.234813814112605
ENSG00000173269	-0.186761990498475
ENSG00000272734	-0.0428258555624906
ENSG00000148672	-0.0298854436232092
ENSG00000287077	0.177170526013954
ENSG00000285257	0.140615889060852
ENSG00000286445	-0.0552387808711612
ENSG00000198682	-0.19655986434759
ENSG00000227268	-0.21448437408657
ENSG00000171862	-0.0739086707295305
ENSG00000138134	0.0103688645104027
ENSG00000138135	-0.782924082472149
ENSG00000119917	0.199380594216834
ENSG00000185745	0.277045202622866
ENSG00000232229	-0.0245194021822066
ENSG00000165338	-0.0349894366741231
ENSG00000119938	-0.0545216732265649
ENSG00000174721	-0.253495173949107
ENSG00000095564	0.00897947290174648
ENSG00000152804	-0.0172159392196629
ENSG00000095596	-0.0442871527697393
ENSG00000138119	-0.0329492248212351
ENSG00000180764	-0.125960778070583
ENSG00000107438	-0.167327276713975
ENSG00000059573	-0.203389767055445
ENSG00000138185	0.0491439548641774
ENSG00000196233	0.0286508529959966
ENSG00000213390	-0.0361432712914901
ENSG00000181274	-0.117363786659248
ENSG00000052749	-0.109878682898836
ENSG00000171314	-0.176005174944408
ENSG00000171311	0.0748591414035157
ENSG00000171307	0.0198458524487325
ENSG00000241935	-0.101987970656169
ENSG00000155252	-0.0708796611170545
ENSG00000119986	-0.0957309895619325
ENSG00000155254	0.145512980210629
ENSG00000095713	-0.0353668139338743
ENSG00000138131	-0.0420519783385715
ENSG00000119943	0.047558214133093
ENSG00000224934	0.0300225897607329
ENSG00000014919	-0.0590502232024226
ENSG00000107566	-0.0567844970706138
ENSG00000095485	-0.0462057922228538
ENSG00000230224	-0.493793250176362
ENSG00000235823	0.0993595928201303
ENSG00000166135	0.0975920449496534
ENSG00000107815	-0.0451581751490157
ENSG00000107819	0.157929221968058
ENSG00000273162	0.170071781891076
ENSG00000107821	0.058061477772103
ENSG00000107829	-0.0248156429419353
ENSG00000107833	0.128381619405776
ENSG00000198408	-0.115495919787234
ENSG00000166189	-0.0418939680744023
ENSG00000198728	-0.0507528329160422
ENSG00000148840	-0.236964235363287
ENSG00000107862	-0.115035363307928
ENSG00000077150	-0.427587657353964
ENSG00000138107	0.0490055497212718
ENSG00000107882	-0.0624840187121584
ENSG00000272933	-0.253539387006917
ENSG00000171206	-0.101715197491995
ENSG00000166272	0.0315075308490973
ENSG00000148798	0.24125446783509
ENSG00000148835	0.0403029752841476
ENSG00000173915	0.0885460152906383
ENSG00000148843	-0.055246015212237
ENSG00000107957	-0.135853255077305
ENSG00000273108	0.239333811731162
ENSG00000107960	0.0412826933779227
ENSG00000148834	0.0516695241392984
ENSG00000148841	-0.261516592290304
ENSG00000231233	-0.150539178110542
ENSG00000108039	-0.0580916135047001
ENSG00000148700	0.0475839751840412
ENSG00000138166	-0.601922531088004
ENSG00000119927	-0.0694867397605891
ENSG00000197142	-0.289897990877624
ENSG00000165806	-0.0530362026414979
ENSG00000275024	-0.0627208978408758
ENSG00000169129	-0.0986415212743212
ENSG00000099204	0.0193081803237658
ENSG00000228484	-0.0091794122031888
ENSG00000151553	-0.0768246789246327
ENSG00000287655	0.0171421678493582
ENSG00000235742	-0.0183646494754225
ENSG00000277879	0.134291583806131
ENSG00000229847	-0.179041128781525
ENSG00000170370	0.0136647669635494
ENSG00000238276	0.0130802837462423
ENSG00000165669	-0.010356911557513
ENSG00000151893	-0.0335342806071869
ENSG00000277687	-0.106021410128408
ENSG00000213574	0.0435016869466093
ENSG00000289126	-0.0799952215913857
ENSG00000198873	-0.0668947769466702
ENSG00000151929	-0.350364203621292
ENSG00000203805	-0.0157166765806147
ENSG00000177234	0.250224523639841
ENSG00000226864	-0.0305972978494875
ENSG00000276742	0.0820844652578035
ENSG00000138162	-0.0811172070474405
ENSG00000285973	-0.0496679214121185
ENSG00000166033	0.00650153095288162
ENSG00000138161	0.0803848516752237
ENSG00000255624	-0.100793984057884
ENSG00000179988	0.0292723336482463
ENSG00000196177	-0.105039328499437
ENSG00000154478	0.0843783179469599
ENSG00000233334	0.107228007732424
ENSG00000203791	-0.11869284155831
ENSG00000175029	-0.106805833615529
ENSG00000282787	-0.243120415084064
ENSG00000107938	0.0699258151262849
ENSG00000150760	-0.00142198829655218
ENSG00000188916	-0.0691710970665032
ENSG00000132334	-0.014945313381401
ENSG00000277218	0.532421419827361
ENSG00000233122	0.212133665475234
ENSG00000233319	-0.0429715574385634
ENSG00000176171	0.0467663054603676
ENSG00000151640	0.0288160503698687
ENSG00000165752	-0.0609686110958429
ENSG00000235264	-0.138066586146003
ENSG00000171798	0.0501240848664783
ENSG00000130640	0.00930541742190687
ENSG00000198546	0.210364912927626
ENSG00000148803	0.226500730991888
ENSG00000127884	-0.116877050384337
ENSG00000148824	0.0582905337255984
ENSG00000130649	0.0956517613430779
ENSG00000177963	-0.198251863196368
ENSG00000185627	0.0167331348072617
ENSG00000255026	-0.18499543323724
ENSG00000185201	-0.504179619229989
ENSG00000185885	0.0617443127099528
ENSG00000142089	-0.291503108364357
ENSG00000185187	0.207411609169802
ENSG00000185101	-0.108409297358911
ENSG00000023191	0.0479803315452788
ENSG00000254739	0.114595157496224
ENSG00000174775	0.0237794061107413
ENSG00000185507	0.0976002551714091
ENSG00000069696	0.0820398038426144
ENSG00000177106	0.146653916258517
ENSG00000177600	0.0997659560046483
ENSG00000177666	-0.0757805972282137
ENSG00000177685	0.12888010439952
ENSG00000177697	-0.288100378486599
ENSG00000177700	0.0312072340901612
ENSG00000214063	-0.0110349256824811
ENSG00000177830	-0.0343528389394738
ENSG00000255153	0.0122118997040896
ENSG00000287935	0.00363046014531666
ENSG00000174672	-0.0594139535042115
ENSG00000285581	-0.261514535477444
ENSG00000283787	-0.162317203701884
ENSG00000130600	-0.032336171877788
ENSG00000110665	-0.145569254118667
ENSG00000110651	0.0103107478780403
ENSG00000184281	-0.070768805622327
ENSG00000269821	0.0410141469577739
ENSG00000237941	0.14446215396538
ENSG00000205531	-0.0776458416838852
ENSG00000183562	0.0343488461506742
ENSG00000110619	0.0177918913390753
ENSG00000236710	0.0728564111963174
ENSG00000021762	-0.0478476944663556
ENSG00000167311	0.0859139978476898
ENSG00000110713	-0.0846197973217889
ENSG00000175800	-0.0916652494498273
ENSG00000132109	-0.102721829637872
ENSG00000167333	0.0455564350711266
ENSG00000244734	-0.243604763068374
ENSG00000223609	-0.156787303627507
ENSG00000213934	-0.261799055716044
ENSG00000175518	-0.203173395406763
ENSG00000258659	0.0314222026891845
ENSG00000132274	-0.190829941260387
ENSG00000181074	-0.159502538469383
ENSG00000267940	0.20392822519182
ENSG00000110169	-0.119407858817501
ENSG00000110171	0.0839282462799932
ENSG00000132254	-0.0236053906211751
ENSG00000254595	-0.0389918396711874
ENSG00000179532	0.0532796742854644
ENSG00000166340	0.207272891578681
ENSG00000166341	-0.155846762495
ENSG00000183801	0.058426421963304
ENSG00000175390	0.0563529620076121
ENSG00000166402	-0.0609053469362771
ENSG00000166441	0.147641093964659
ENSG00000166444	-0.0497857008582706
ENSG00000166452	0.0462158804292288
ENSG00000184014	0.0581498120637966
ENSG00000268403	0.462110024833539
ENSG00000133800	-0.124387339534052
ENSG00000072952	-0.207772361632361
ENSG00000110321	0.0720280780843017
ENSG00000247271	0.0753479719808715
ENSG00000254598	-0.019330414345783
ENSG00000133816	-0.0555973437573092
ENSG00000197702	-0.0132364530965724
ENSG00000187079	-0.0504658734609741
ENSG00000189431	0.182248306487712
ENSG00000262655	-0.0664326890613344
ENSG00000244398	0.436623014560366
ENSG00000110700	0.182602063483123
ENSG00000011405	0.0132796209793365
ENSG00000070081	-0.0577493654033222
ENSG00000187486	-0.119175217170434
ENSG00000006611	0.131283002256589
ENSG00000129159	0.0223643501718183
ENSG00000134339	0.0369921901611586
ENSG00000173432	-0.209140278466007
ENSG00000134333	-0.265656801376056
ENSG00000151117	0.0291101237834527
ENSG00000270607	-0.0937049754876652
ENSG00000134343	0.0242511831726335
ENSG00000176971	0.0731288038345973
ENSG00000129151	0.102206111974557
ENSG00000205213	-0.0289583107006131
ENSG00000007372	0.0700672678721024
ENSG00000060749	0.017479339397907
ENSG00000280798	0.241318373392874
ENSG00000241255	0.587963207201915
ENSG00000110422	-0.224096605184438
ENSG00000205177	-0.250105939976433
ENSG00000085063	-0.177471047809709
ENSG00000255133	-0.075358914246025
ENSG00000135363	-0.124644598998343
ENSG00000135372	-0.0429022436261443
ENSG00000121691	0.0369785124186927
ENSG00000110436	0.0429855494578396
ENSG00000255542	0.286583565654542
ENSG00000149090	0.121511594376431
ENSG00000175104	0.0777316482857064
ENSG00000166352	0.0403933391232474
ENSG00000283341	0.32686615462274
ENSG00000166199	0.00130584810749225
ENSG00000213693	-0.10470887221552
ENSG00000187479	-0.900472560049033
ENSG00000244953	-0.210100780919935
ENSG00000110455	0.258776453566605
ENSG00000019485	-0.0163451680634221
ENSG00000019505	0.119013643520689
ENSG00000205106	-0.216681000430082
ENSG00000121671	-0.317268772611324
ENSG00000121653	0.0684741260754734
ENSG00000121680	0.0604385962434023
ENSG00000135365	-0.0388802021888601
ENSG00000110492	-0.095208141185915
ENSG00000110497	-0.038258644002898
ENSG00000244313	-0.0898965465639453
ENSG00000175224	0.170149228811511
ENSG00000175220	0.081664095492602
ENSG00000175213	-0.0756726910990302
ENSG00000175216	-0.0348682005754802
ENSG00000134569	0.0174380835393404
ENSG00000149182	-0.0175489716843665
ENSG00000165912	0.427790101513245
ENSG00000134574	0.18416498089768
ENSG00000134575	0.0939448861936574
ENSG00000025434	-0.0299391066415389
ENSG00000165916	-0.0701677159809498
ENSG00000196666	0.241567428481705
ENSG00000109920	-0.00953143335059499
ENSG00000200090	-0.317033471152045
ENSG00000149177	0.048273580035607
ENSG00000134817	0.190103267375491
ENSG00000149115	-0.182675414824725
ENSG00000186652	-0.060614420609675
ENSG00000156587	-0.0318616338862281
ENSG00000149131	0.0151848131803954
ENSG00000166793	0.39079142302374
ENSG00000156599	-0.0116327657107943
ENSG00000198561	-0.0986410688459808
ENSG00000166801	0.139299266329092
ENSG00000110042	0.244189577777339
ENSG00000197629	0.129146128437912
ENSG00000110077	0.339664937319316
ENSG00000166927	0.324038607027323
ENSG00000166928	0.191666523310323
ENSG00000110104	-0.106055780927585
ENSG00000183134	0.115740003864873
ENSG00000110107	-0.185133461150692
ENSG00000110108	0.010136206655598
ENSG00000006118	0.0805281086877599
ENSG00000110446	0.157846548988619
ENSG00000279549	0.140184814779388
ENSG00000167986	-0.121178584094997
ENSG00000149476	-0.0126865517083648
ENSG00000162144	0.134833412708372
ENSG00000187049	0.119643838288492
ENSG00000149532	0.0251863240894821
ENSG00000256591	-0.058073303894406
ENSG00000168496	0.0621687133050536
ENSG00000134824	0.0727364974005803
ENSG00000289268	0.257042340862826
ENSG00000149485	-0.0599176084808075
ENSG00000221968	-0.0428542993747417
ENSG00000167995	0.166802731601678
ENSG00000124935	-0.0599681297924349
ENSG00000254772	0.0905616950747071
ENSG00000149016	-0.134835344622871
ENSG00000149480	-0.360934687998001
ENSG00000149499	-0.000687611697608284
ENSG00000149489	0.318210429688628
ENSG00000185085	-0.172227073675638
ENSG00000204922	0.165309049437147
ENSG00000162191	0.0992993692055668
ENSG00000162227	0.201737374417885
ENSG00000162231	0.109763274063219
ENSG00000269463	-0.0311973511294259
ENSG00000133316	-0.0459816309731719
ENSG00000255717	-0.0190410868509466
ENSG00000168003	-0.22379802448417
ENSG00000197901	0.0894970614258012
ENSG00000133321	0.412587497326002
ENSG00000188070	-0.0672426106841388
ENSG00000168005	-0.0211649301603937
ENSG00000176340	-0.0211016653866625
ENSG00000167770	-0.0149579706886172
ENSG00000126500	-0.0295752022085178
ENSG00000288852	-0.233095948995132
ENSG00000168439	-0.173771604523437
ENSG00000149743	0.159161776245717
ENSG00000110011	0.0323522262930524
ENSG00000173511	0.177465533701417
ENSG00000173457	0.224212486603565
ENSG00000149782	0.0990122653571839
ENSG00000173153	-0.138178510026484
ENSG00000173113	0.163328002810085
ENSG00000231680	0.0606720859008086
ENSG00000289058	-0.00586161150226639
ENSG00000068976	0.331686163761827
ENSG00000168066	-0.0289497137797736
ENSG00000068971	0.0232500462911431
ENSG00000168062	0.0986317745496065
ENSG00000168060	-0.099603570996181
ENSG00000162300	0.187155880009779
ENSG00000174276	-0.105761321080644
ENSG00000278952	0.181952611365597
ENSG00000149806	0.196451429270146
ENSG00000162298	0.108430726027694
ENSG00000149792	-0.00273235613055999
ENSG00000255200	0.199615710356777
ENSG00000014216	-0.0423989447485225
ENSG00000133884	-0.00250301781939291
ENSG00000173825	-0.168038654592569
ENSG00000162241	0.127660627357524
ENSG00000126391	-0.111335906636007
ENSG00000173727	0.125242663971029
ENSG00000279243	-0.126391481151285
ENSG00000142186	-0.0716352472447069
ENSG00000173465	-0.0660801590500022
ENSG00000173442	-0.147988492004832
ENSG00000173338	0.140009764217691
ENSG00000213445	0.158069566954915
ENSG00000173039	-0.0135475264733133
ENSG00000285533	0.223566174512609
ENSG00000172922	0.219407999182114
ENSG00000254470	0.124750172377948
ENSG00000172757	0.032500365318452
ENSG00000172638	0.084696616804579
ENSG00000175592	-0.54193740126893
ENSG00000175550	0.0392574525113853
ENSG00000175376	-0.0302070832488352
ENSG00000175334	0.299180929085636
ENSG00000087365	-0.0279279078225458
ENSG00000174903	-0.0962009362097954
ENSG00000174871	0.144989235170943
ENSG00000174851	-0.0092936869054847
ENSG00000179292	0.371060343694483
ENSG00000174744	-0.0219548066089543
ENSG00000254510	-0.13896830766492
ENSG00000174576	-0.667352340600961
ENSG00000174516	-0.0838369501641254
ENSG00000254986	0.0120916017456526
ENSG00000174483	0.110724595918075
ENSG00000174165	-0.0169158079673662
ENSG00000174080	0.260576127409675
ENSG00000239306	-0.0912291204649912
ENSG00000173933	0.00109105383713855
ENSG00000173914	0.184311284569715
ENSG00000173599	-0.0123006739452971
ENSG00000173227	-0.0946983376477215
ENSG00000172932	0.144989268481387
ENSG00000172613	0.00908436636234846
ENSG00000175505	-0.229108278267928
ENSG00000275484	0.368307216964717
ENSG00000175634	0.123631751732502
ENSG00000175544	0.0669922780834294
ENSG00000172663	0.0416840068674882
ENSG00000167797	-0.00206914692105292
ENSG00000231793	0.465760521779959
ENSG00000167799	0.298899462852241
ENSG00000132744	0.0183063818663209
ENSG00000239559	0.0474456246386253
ENSG00000110066	0.0843334178171391
ENSG00000171067	0.111494323568546
ENSG00000162337	-0.0591546859675812
ENSG00000110090	-0.108183843894126
ENSG00000250508	0.134572383274164
ENSG00000162341	-0.0696918272348437
ENSG00000255980	0.443237302500862
ENSG00000110092	0.10208844864596
ENSG00000131626	-0.0508994343352719
ENSG00000172893	-0.0456534385778871
ENSG00000254682	-0.424667505622044
ENSG00000204572	0.137452733212101
ENSG00000137496	-0.06347689402144
ENSG00000137497	0.0192464056374402
ENSG00000251143	-0.0881133375794205
ENSG00000184154	-0.204637111296575
ENSG00000149357	0.0384856500613772
ENSG00000110200	0.0555118794998464
ENSG00000165457	0.622973765649571
ENSG00000165458	0.0348415834150119
ENSG00000162129	-0.0174729940375677
ENSG00000255843	-0.0633325989708898
ENSG00000227467	0.0524462269379318
ENSG00000186635	0.251831718612106
ENSG00000137478	-0.0102087552881348
ENSG00000175591	-0.0200897589520766
ENSG00000171631	-0.0278995706973076
ENSG00000054967	0.027982645374042
ENSG00000054965	0.0731825782605801
ENSG00000256148	0.802085369357101
ENSG00000021300	0.395807136425189
ENSG00000175582	-0.124652090129677
ENSG00000175564	0.0899554255253076
ENSG00000165434	0.0666240384935847
ENSG00000254837	0.289573063493802
ENSG00000162139	0.0389541167431898
ENSG00000261594	0.04951980496991
ENSG00000149273	0.044887164094292
ENSG00000149257	-0.60699490590028
ENSG00000158636	-0.0231039422727395
ENSG00000254810	-0.23206777639124
ENSG00000236304	-0.259895355005297
ENSG00000137507	-0.520414199124754
ENSG00000182704	-0.333549130278699
ENSG00000149260	-0.0985520193755262
ENSG00000149269	0.07787802576687
ENSG00000188997	0.110587501893392
ENSG00000118369	-0.0420271492415414
ENSG00000227097	-0.667746478704025
ENSG00000182103	0.0669158598926475
ENSG00000137509	-0.0611095528072738
ENSG00000279900	-0.381857176648372
ENSG00000247137	0.0148966149910989
ENSG00000137494	-0.0855164648742161
ENSG00000179071	-0.00305210974462058
ENSG00000074266	0.0401570329566333
ENSG00000255222	0.0728012956442011
ENSG00000150687	-0.0950668787679363
ENSG00000271318	-0.00616602288995185
ENSG00000197882	-0.0356498534462872
ENSG00000280339	-0.146140163432331
ENSG00000174804	-0.0680988461415006
ENSG00000109861	0.0809581861473167
ENSG00000280385	-0.361081583287124
ENSG00000110172	-0.243911908384318
ENSG00000180773	0.0282710431774145
ENSG00000255445	0.121252540011329
ENSG00000166012	0.0324771193908583
ENSG00000110218	0.0859142722921366
ENSG00000168876	0.0683760892498531
ENSG00000263465	-0.050781050702287
ENSG00000149212	-0.0248664129689616
ENSG00000149231	-0.039611081802392
ENSG00000277459	0.093185987599866
ENSG00000137693	-0.0997285635795818
ENSG00000023445	-0.172054897126101
ENSG00000152558	-0.197171364920294
ENSG00000255337	0.075994729470626
ENSG00000235505	-0.0270953853171459
ENSG00000196954	-0.261292295104461
ENSG00000137752	0.0271291247088577
ENSG00000204397	0.0450762221585431
ENSG00000149313	-0.0933016889832036
ENSG00000170290	-0.0610995423847917
ENSG00000288012	0.441019078410328
ENSG00000149311	0.111571553677171
ENSG00000185742	-0.0737676854860976
ENSG00000254890	0.207550776471035
ENSG00000196167	-0.00534607016247387
ENSG00000214290	-0.0209385450213093
ENSG00000086848	0.0342851648304271
ENSG00000197580	0.0366807154188417
ENSG00000150787	0.0793491369433449
ENSG00000250303	0.0330763689913749
ENSG00000149294	0.122939409220833
ENSG00000149292	-0.0995182838268905
ENSG00000270179	0.0674272723541227
ENSG00000048028	0.0380888944156053
ENSG00000166736	0.237764238272909
ENSG00000109906	-0.0285899071986989
ENSG00000182985	-0.0715439264892896
ENSG00000246100	-0.142297465061192
ENSG00000109917	-0.138907588110712
ENSG00000110245	-0.108805204823974
ENSG00000160584	0.0958370719247597
ENSG00000160613	-0.122059123440378
ENSG00000278768	0.195941822682823
ENSG00000270403	0.0386403543028794
ENSG00000177098	-0.0865601130674676
ENSG00000149573	-0.0578052701470919
ENSG00000167283	0.0157052418036842
ENSG00000255176	-0.264400636871771
ENSG00000278376	0.0180748243120612
ENSG00000186174	-0.11369058021645
ENSG00000186166	0.151052053203425
ENSG00000254428	-0.0357992070144339
ENSG00000118181	0.0864675849670487
ENSG00000137700	0.169786517089431
ENSG00000149428	-0.325084753998911
ENSG00000160695	0.0424830904761869
ENSG00000110395	0.00387709392995937
ENSG00000173456	-0.00645660426638074
ENSG00000223953	-0.0283885276685048
ENSG00000036672	-0.0723353723646485
ENSG00000254561	-0.0405127917867669
ENSG00000184232	-0.189277297743611
ENSG00000181264	-0.202438837124465
ENSG00000196914	-0.0966059619710948
ENSG00000109927	-0.0486406508738935
ENSG00000137642	0.0997997752327404
ENSG00000255248	0.079921839593809
ENSG00000109971	-0.164811143795755
ENSG00000200879	0.270125696754139
ENSG00000166261	-0.0222533496455911
ENSG00000110002	0.00950452392829182
ENSG00000154146	0.146374202908654
ENSG00000149564	-0.294642826422207
ENSG00000279342	-0.0739328035150903
ENSG00000165478	-0.0983335245569298
ENSG00000285825	-0.213650015840302
ENSG00000150433	0.0650623019371597
ENSG00000255537	0.0967528820126775
ENSG00000110060	-0.0691321085626343
ENSG00000254694	-0.1537732883875
ENSG00000197798	0.0835973142753291
ENSG00000182934	-0.0583818378962821
ENSG00000280832	0.0677410676109399
ENSG00000254612	0.116256161659044
ENSG00000151702	-0.0806024607289103
ENSG00000254703	0.0566170773785798
ENSG00000120457	0.0777968344265748
ENSG00000084234	-0.0282542618272937
ENSG00000134917	0.0109401414106497
ENSG00000182667	0.00840299735013144
ENSG00000224795	0.00733362130158724
ENSG00000204241	-0.049280621483256
ENSG00000254481	-0.22727900031454
ENSG00000120645	0.120136436805889
ENSG00000111181	0.0607642615539593
ENSG00000010379	0.0748474516124901
ENSG00000177406	0.095763532085236
ENSG00000002016	0.0506313909170378
ENSG00000250132	0.134618851550421
ENSG00000151065	-0.00187323288214067
ENSG00000256271	0.0498765525734274
ENSG00000004478	-0.339037817355213
ENSG00000111203	0.0580976533260734
ENSG00000053702	0.0762353434588752
ENSG00000078246	0.0458937486274295
ENSG00000250899	-0.507041178221106
ENSG00000111218	-0.0693152476705548
ENSG00000047621	0.01329646149453
ENSG00000111262	-0.0186736970671448
ENSG00000110799	-0.289057555715896
ENSG00000067182	-0.253473997543258
ENSG00000111321	0.0460521192465037
ENSG00000139192	-0.0924972194778408
ENSG00000139190	0.200736815160313
ENSG00000111639	0.147414984427111
ENSG00000010292	0.21173640919257
ENSG00000184574	0.377290609703091
ENSG00000111644	0.0102989472120152
ENSG00000111653	0.144792136383375
ENSG00000269892	0.488322904892765
ENSG00000010610	0.248966726149152
ENSG00000111667	-0.0488784762937176
ENSG00000248593	0.0589681063314874
ENSG00000111676	-0.0271857611295854
ENSG00000111678	-0.00411084304798579
ENSG00000215021	-0.0416819408523337
ENSG00000111684	-0.0489356261137198
ENSG00000182326	-0.0769873544418295
ENSG00000159403	-0.237340847370417
ENSG00000139178	-0.155888255448958
ENSG00000139194	-0.0787617151070563
ENSG00000256967	-0.167191313598708
ENSG00000139197	-0.0993337368917
ENSG00000177575	-0.242726753495969
ENSG00000059804	-0.649899708902672
ENSG00000235602	-0.265715954044683
ENSG00000226711	-0.0444602965880666
ENSG00000244050	0.352182063276193
ENSG00000276417	-0.0413524859514126
ENSG00000275367	-0.295508866355553
ENSG00000166523	-0.260119541439064
ENSG00000166532	-0.170192105508115
ENSG00000166535	0.182027916425233
ENSG00000175899	-0.139405489594512
ENSG00000110848	-0.196848492847352
ENSG00000110852	-0.305038283425697
ENSG00000150048	-0.22565272242791
ENSG00000060138	-0.499309221104372
ENSG00000212125	0.0753258227268915
ENSG00000256436	0.127061521938992
ENSG00000256537	0.00192368304179375
ENSG00000205791	-0.0156824177921569
ENSG00000111269	0.14282431899561
ENSG00000178878	-0.684107093270485
ENSG00000183935	-0.113997921698302
ENSG00000134531	-0.82348285275766
ENSG00000261324	-0.092070900435675
ENSG00000246705	-0.0882510959237304
ENSG00000084463	-0.14612014447621
ENSG00000111348	0.184477293284912
ENSG00000151490	-0.0742431207349251
ENSG00000008394	-0.00280277465342565
ENSG00000139155	0.00451995121454137
ENSG00000134548	0.118383452852033
ENSG00000111716	-0.0230540418528771
ENSG00000069431	0.0390037483302913
ENSG00000278969	-0.533364329755629
ENSG00000275197	0.266273647392024
ENSG00000246695	0.104238869610718
ENSG00000123094	-0.0393744061299064
ENSG00000123095	0.0870616482266857
ENSG00000123096	0.0048406143012679
ENSG00000123104	0.0550350511385454
ENSG00000064102	0.132919404227817
ENSG00000275764	-0.0358688400810776
ENSG00000214700	0.0731001807711897
ENSG00000174236	0.060954345561505
ENSG00000276261	0.128468564630431
ENSG00000087494	0.0584995157131668
ENSG00000275476	0.275481521317345
ENSG00000257176	-0.0398088098448931
ENSG00000133687	-0.090033727832234
ENSG00000133704	-0.0181487970520052
ENSG00000013573	-0.232177648511931
ENSG00000139146	-0.117746654875625
ENSG00000223722	-0.0819606659647982
ENSG00000276115	-0.016954119671564
ENSG00000087470	-0.0211858866321177
ENSG00000276148	0.00580930031695364
ENSG00000257511	-0.080420951761724
ENSG00000275854	0.0543473368643647
ENSG00000151229	-0.087926409684987
ENSG00000018236	-0.0974440682081761
ENSG00000151233	0.0308478564549963
ENSG00000139168	-0.00276516736588381
ENSG00000274943	-0.0215007081228946
ENSG00000286671	-0.0267858451011784
ENSG00000184613	-0.0969689929161287
ENSG00000185610	0.0597500072079341
ENSG00000289046	-0.144033486747602
ENSG00000111371	0.0149784857010117
ENSG00000134294	0.0920840347951382
ENSG00000274723	0.168006720279772
ENSG00000257433	-0.0372302479262514
ENSG00000111405	-0.233695263195832
ENSG00000280054	-0.58501763606034
ENSG00000079337	-0.0710426095298537
ENSG00000211584	0.0321009783014529
ENSG00000134291	-0.0429383145629829
ENSG00000152556	-0.129369914613712
ENSG00000177875	-0.0446521403109153
ENSG00000275228	0.0934624539105635
ENSG00000187166	0.105100970042668
ENSG00000167528	0.0375913892017387
ENSG00000174243	0.00850926638580763
ENSG00000181929	-0.00934912949575938
ENSG00000123416	-0.136735409533459
ENSG00000167552	0.173260413398458
ENSG00000167553	-0.151740826863151
ENSG00000123352	-0.0622272683854982
ENSG00000187778	0.025502448128294
ENSG00000110844	-0.0251966150143711
ENSG00000139644	0.0631833692393796
ENSG00000086159	0.529952186188089
ENSG00000161800	0.0549262175505115
ENSG00000110881	0.0586632950581371
ENSG00000066117	0.0432271205608713
ENSG00000123268	-0.106097813723966
ENSG00000185432	-0.0990367864065783
ENSG00000274156	-0.076739658975663
ENSG00000050426	0.0558728889952641
ENSG00000110925	-0.0130555432261927
ENSG00000184271	0.0989225964616935
ENSG00000110934	0.0731624237372277
ENSG00000050438	0.0319580242868044
ENSG00000135503	-0.0626252864015902
ENSG00000161835	-0.181634899689724
ENSG00000123358	-0.243079699053414
ENSG00000259884	0.0213587316036543
ENSG00000123395	-0.188678637863202
ENSG00000186081	-0.0936933301305797
ENSG00000167768	-0.660402667312215
ENSG00000111057	-0.107007817474273
ENSG00000167779	-0.16899622247535
ENSG00000139651	0.0821740005799339
ENSG00000172819	0.072053274999496
ENSG00000123349	0.165937536119467
ENSG00000139637	0.0484444942138163
ENSG00000094914	0.0369436001455109
ENSG00000185591	0.0323790979889627
ENSG00000205352	-0.0854429640522922
ENSG00000139546	0.203364510591631
ENSG00000139574	0.443353260705667
ENSG00000170653	0.0523593375392571
ENSG00000123405	-0.201299997532181
ENSG00000139572	-0.0338242141641756
ENSG00000161642	0.217041572067285
ENSG00000161638	-0.39346317246644
ENSG00000135447	0.0151569045240958
ENSG00000170439	-0.101233046036789
ENSG00000135424	-0.235970053503062
ENSG00000135441	0.175889962067891
ENSG00000258056	0.0432421655763688
ENSG00000135414	0.0550892502129028
ENSG00000205323	0.0448453979761598
ENSG00000170473	0.0530597695588444
ENSG00000123374	-0.532032181942179
ENSG00000111540	0.133484832927089
ENSG00000139531	0.036297790662011
ENSG00000123411	0.132109228928345
ENSG00000065361	0.214908331670796
ENSG00000170515	-0.0298727059982868
ENSG00000229117	-0.0195952793510561
ENSG00000139579	-0.0389805666709506
ENSG00000139645	-0.146782751089409
ENSG00000135469	-0.021814375027156
ENSG00000062485	-0.0768056404798461
ENSG00000257740	-0.0919206926750672
ENSG00000170581	0.0863739875935999
ENSG00000111602	0.149402140569876
ENSG00000076067	-0.15437229243936
ENSG00000110958	-0.0538726196636558
ENSG00000196531	0.165698124094966
ENSG00000025423	-0.0461806785066956
ENSG00000166860	0.196676292246044
ENSG00000166881	0.00245422231474973
ENSG00000123329	-0.0129843915619916
ENSG00000166986	-0.0865099988126439
ENSG00000175197	-0.129256317052911
ENSG00000175203	0.0231382240401473
ENSG00000166908	-0.0658635723292346
ENSG00000135506	-0.129948400043231
ENSG00000139266	0.208510129848644
ENSG00000037897	-0.101584685746626
ENSG00000135407	-0.0543449547461473
ENSG00000175215	0.0744231745474087
ENSG00000166896	0.0324956821993163
ENSG00000139263	0.0861213106423168
ENSG00000257354	-0.0170181062691416
ENSG00000275180	0.209024656106476
ENSG00000277895	0.000135199442497613
ENSG00000135677	0.0623020708588875
ENSG00000289319	-0.0764029578505797
ENSG00000276853	0.0475234076988101
ENSG00000174099	0.0378673381360845
ENSG00000090376	-0.342016567861804
ENSG00000256037	-0.0642276793770206
ENSG00000127334	-0.0037856426219628
ENSG00000111581	0.0271379504139212
ENSG00000135643	0.290420018799309
ENSG00000277223	-0.185349381591266
ENSG00000173451	-0.102157995613768
ENSG00000139278	-0.0579314507814324
ENSG00000187109	-0.133416132905227
ENSG00000257941	0.0207886861705379
ENSG00000179941	-0.0079514096783742
ENSG00000258090	0.0507480553916089
ENSG00000067715	0.0341727883646161
ENSG00000177425	-0.0776032092597985
ENSG00000277130	-0.0147518498875655
ENSG00000257557	-0.219259427080311
ENSG00000239473	0.166119473580637
ENSG00000111052	-0.00463871916614554
ENSG00000111058	0.0220982726587725
ENSG00000257431	0.0989144214683198
ENSG00000049130	-0.0946797989569066
ENSG00000139318	-0.534106126675835
ENSG00000274021	-0.114995348258294
ENSG00000070961	-0.169817835212129
ENSG00000271614	-0.108408124560793
ENSG00000139329	0.0438071394076703
ENSG00000120833	-0.515784728135806
ENSG00000136040	-0.0106177061033659
ENSG00000258365	0.0479778498923509
ENSG00000184752	0.0215098773277045
ENSG00000180263	0.0294308789610707
ENSG00000074527	0.0313236736736098
ENSG00000227825	-0.00905963807183659
ENSG00000075415	-0.0512178870984683
ENSG00000120868	0.00735744786082841
ENSG00000274560	-0.0701516581084663
ENSG00000111666	-0.106027771850035
ENSG00000139352	0.0151697215422984
ENSG00000111696	-0.012250241011061
ENSG00000166598	-0.116423399617637
ENSG00000139372	-0.000130392816373788
ENSG00000120837	0.00868070246169084
ENSG00000255150	-0.0177878377928518
ENSG00000151131	0.0249021566415201
ENSG00000136044	0.0313483272224203
ENSG00000136026	-0.0536614712889675
ENSG00000277715	0.175574394743582
ENSG00000166046	0.104018780548236
ENSG00000111783	-0.0966044095031962
ENSG00000240441	-0.288187783264905
ENSG00000110851	-0.037405025072723
ENSG00000183160	0.374059807955857
ENSG00000110876	0.240331773603532
ENSG00000084112	-0.0647404143824331
ENSG00000189046	0.00319660042345297
ENSG00000076248	-0.144253770466829
ENSG00000076555	-0.0422979964044495
ENSG00000151148	0.0355298386449894
ENSG00000139428	0.15255142009432
ENSG00000110921	0.149642644402949
ENSG00000139438	0.262027837770042
ENSG00000139437	0.0691084409146172
ENSG00000277299	0.41616937202455
ENSG00000076513	0.090512361150051
ENSG00000286220	0.278621376791685
ENSG00000196510	0.00525785944469132
ENSG00000122986	0.0374832375223471
ENSG00000198324	0.227516031848982
ENSG00000204842	-0.0509330649329782
ENSG00000258099	-0.16932765739444
ENSG00000111275	0.291955405917982
ENSG00000234608	0.196545061481485
ENSG00000111300	-0.0378160943359797
ENSG00000213152	0.0609515585039921
ENSG00000089009	0.161211668595723
ENSG00000089127	0.233073048385241
ENSG00000111331	0.089962790618891
ENSG00000111335	0.0407815265161333
ENSG00000111344	0.269649386954859
ENSG00000186815	-0.145120520818895
ENSG00000151176	0.0769879888111744
ENSG00000139410	-0.323316458104766
ENSG00000123066	-0.0987948679633138
ENSG00000196668	0.0519955502100062
ENSG00000275898	-0.0401634378027484
ENSG00000111412	-0.0291612661533655
ENSG00000135116	-0.0128976742914427
ENSG00000135108	-0.00720045069111181
ENSG00000277873	0.352188821450597
ENSG00000176834	-0.0149969030641162
ENSG00000089220	0.0147518547076621
ENSG00000135090	-0.0279308000834854
ENSG00000240342	0.264497679309531
ENSG00000111707	-0.0324593766045252
ENSG00000139767	0.0175600417142378
ENSG00000152137	0.196585087290868
ENSG00000213144	0.336174133982845
ENSG00000111725	-0.110527012839826
ENSG00000111737	-0.147001591370389
ENSG00000277283	0.0716730856726192
ENSG00000089154	0.00566855502925746
ENSG00000089157	0.15045098821662
ENSG00000089159	-0.203203420024158
ENSG00000089163	0.114092426996098
ENSG00000135097	-0.047752633142478
ENSG00000111775	0.248310327724763
ENSG00000088986	0.209903158736762
ENSG00000167272	0.0736599788575669
ENSG00000110917	-0.0435712349733332
ENSG00000175970	0.0306770258901947
ENSG00000122971	0.077782982571721
ENSG00000157895	0.0102614207379045
ENSG00000135114	-0.0472503952044238
ENSG00000089041	0.267981435487811
ENSG00000276045	-0.126323573956904
ENSG00000139714	0.0314687286341648
ENSG00000139725	0.00142815624755013
ENSG00000212694	0.410508333119669
ENSG00000272849	0.40586449400319
ENSG00000274292	0.202361211713636
ENSG00000033030	0.0192234366920899
ENSG00000196917	-0.00241083516916683
ENSG00000139722	-0.122217144470815
ENSG00000150967	-0.0275081755087662
ENSG00000111328	0.242737051092941
ENSG00000256092	0.291825179604325
ENSG00000150977	-0.0327224443294396
ENSG00000184209	0.245045865329841
ENSG00000274427	0.287884373082894
ENSG00000247373	0.0122811612586501
ENSG00000111364	0.0249941015479791
ENSG00000111361	0.106348114650819
ENSG00000119242	0.0917455336614721
ENSG00000150991	-0.202921582669562
ENSG00000150990	-0.00552583441845291
ENSG00000274695	-0.0786718046890759
ENSG00000151948	-0.0908457468601079
ENSG00000214039	-0.00906065822033612
ENSG00000060709	-0.0330432756871286
ENSG00000111450	0.0205567160054985
ENSG00000280200	-0.233154277430825
ENSG00000256955	-0.0259623212587894
ENSG00000280287	0.0269115341506636
ENSG00000277186	0.260054831023096
ENSG00000176894	-0.0215170450413481
ENSG00000247077	-0.181310488263028
ENSG00000176915	-0.113985587540341
ENSG00000196458	0.129699103371875
ENSG00000198393	-0.017754183886226
ENSG00000198040	0.119512614693286
ENSG00000214029	0.174081610409673
ENSG00000256223	-0.00504536399894413
ENSG00000090612	0.0118513163522872
ENSG00000121390	-0.120587380367936
ENSG00000275964	0.354878143077412
ENSG00000289235	0.00521092857453408
ENSG00000237672	-0.0310051112402782
ENSG00000121742	-0.130879745540965
ENSG00000165475	0.0484508672732146
ENSG00000277020	0.154719447920675
ENSG00000172458	0.166972743544783
ENSG00000279135	0.195675509394043
ENSG00000180172	0.147410865979166
ENSG00000150459	-0.0443287378995076
ENSG00000215571	0.345306887081625
ENSG00000102678	-0.0229094681691186
ENSG00000151835	-0.0805383141602737
ENSG00000182957	0.00849867409986562
ENSG00000165566	0.397875265506402
ENSG00000234056	0.222371566652047
ENSG00000139496	-0.117852606333681
ENSG00000180730	-0.0705590349654632
ENSG00000132964	-0.0329063359670435
ENSG00000132970	-0.201768170678284
ENSG00000122026	0.0688226169137604
ENSG00000122035	-0.156384576792121
ENSG00000122034	0.220602524846126
ENSG00000169840	-0.0408185035673051
ENSG00000261485	0.110637574588484
ENSG00000102755	-0.437745533247013
ENSG00000279393	-0.227621848344072
ENSG00000289569	0.448852046898377
ENSG00000139508	0.135698185088813
ENSG00000233588	-0.300153848447093
ENSG00000132952	-0.091483743837537
ENSG00000132965	0.0813994489629508
ENSG00000102802	-0.105405081534709
ENSG00000120694	-0.466451278453987
ENSG00000289617	0.0494904054656732
ENSG00000139597	-0.00994936374752047
ENSG00000276672	-0.138310028381269
ENSG00000133083	-0.107707996791841
ENSG00000133104	-0.125694511487892
ENSG00000120685	-0.0304089963105329
ENSG00000183722	-0.0942018504584067
ENSG00000102743	-0.0131089230636217
ENSG00000277662	-0.0932073395469774
ENSG00000102760	-0.071084157379842
ENSG00000120675	-0.131237532245565
ENSG00000238189	-0.0062103778485802
ENSG00000102804	-0.549298340755403
ENSG00000278156	0.11616805072098
ENSG00000133114	-0.0292573333081135
ENSG00000133112	0.0977553741797545
ENSG00000174032	-0.0788585534164115
ENSG00000136167	-0.0430490287176244
ENSG00000276968	-0.138639018663354
ENSG00000139679	-0.0115676684578509
ENSG00000136161	0.0778287700602033
ENSG00000152207	0.098214138540654
ENSG00000224892	0.513745045557166
ENSG00000139668	-0.000811179981432093
ENSG00000281106	-0.407380565486042
ENSG00000123191	-0.115388919502331
ENSG00000136114	0.148329481393801
ENSG00000165416	0.0611357970297475
ENSG00000188243	0.108214035575402
ENSG00000118939	0.00477387304303213
ENSG00000178695	-0.575766794769034
ENSG00000136160	0.0276136366966515
ENSG00000139746	-0.0502637343694129
ENSG00000102471	-0.01228430986959
ENSG00000136158	-0.179229455107938
ENSG00000178235	0.254769162290003
ENSG00000080166	-0.0703915219204022
ENSG00000238230	-0.162817631623818
ENSG00000227640	-0.0339439779616924
ENSG00000125285	-0.0583832955361381
ENSG00000134873	-0.0312747228994634
ENSG00000247400	-0.021476337531272
ENSG00000276809	0.0622858292285767
ENSG00000276704	0.088512200042702
ENSG00000102572	-0.0768279669814796
ENSG00000224418	-0.0664726378320292
ENSG00000260992	-0.0437195973115206
ENSG00000134882	-0.00987596775262666
ENSG00000169508	-0.0914956013954107
ENSG00000280734	-0.147580739219615
ENSG00000288581	0.17309648557964
ENSG00000043355	-0.151326648759916
ENSG00000237082	0.00458339497356572
ENSG00000272143	0.264876535596563
ENSG00000134900	0.00416638670444493
ENSG00000134901	-0.0113036678114002
ENSG00000276269	-0.0315914482975861
ENSG00000187498	-0.157400624623067
ENSG00000134871	-0.100158364951642
ENSG00000139832	-0.146731906479699
ENSG00000213995	-0.00799895141338698
ENSG00000153487	-0.151254228206087
ENSG00000277767	0.363609511191607
ENSG00000182968	-0.00904310012656478
ENSG00000068650	-0.016830624672071
ENSG00000231882	0.195108436173477
ENSG00000283828	-0.0150877391022985
ENSG00000126226	0.101023128295882
ENSG00000150401	0.109936013386944
ENSG00000276248	-0.167363344129909
ENSG00000198176	-0.0442766209259154
ENSG00000184497	-0.17635193290839
ENSG00000272695	-0.171767716144022
ENSG00000260615	0.106847652408814
ENSG00000100814	0.206169238550811
ENSG00000129484	0.112166944895656
ENSG00000185271	0.0977838377851628
ENSG00000100823	0.0171510140624559
ENSG00000165782	0.0781586563379774
ENSG00000198805	-0.510779235521763
ENSG00000258908	0.254778249748669
ENSG00000258818	0.163623566750782
ENSG00000169397	-0.0885692761158634
ENSG00000136315	-0.174566537265235
ENSG00000169385	-0.0978529520653325
ENSG00000165795	0.0985582794336477
ENSG00000258604	-0.326489288166866
ENSG00000165801	-0.00223841944410497
ENSG00000165804	0.0631106570936986
ENSG00000100888	-0.0571225080252873
ENSG00000165821	0.0620480326870962
ENSG00000211820	0.0181820709703029
ENSG00000259054	0.0724688972547232
ENSG00000100439	-0.0664528967785951
ENSG00000172590	0.0767100752072309
ENSG00000197324	-0.0911435290813176
ENSG00000139890	-0.14152764108775
ENSG00000100462	-0.23233543137329
ENSG00000092036	0.0677605701171616
ENSG00000129474	0.0450858253146504
ENSG00000100802	0.0534812512699609
ENSG00000280129	0.25884462637486
ENSG00000215271	0.106430092299396
ENSG00000235194	0.292087934229759
ENSG00000129473	0.113584138218181
ENSG00000136367	-0.02788364736898
ENSG00000259431	0.0433395835162017
ENSG00000274002	0.0236098133591446
ENSG00000215256	0.0349610323245001
ENSG00000157326	0.242696992818103
ENSG00000187630	0.0688451031562653
ENSG00000129535	-0.0633329286941554
ENSG00000100889	-0.057926719024044
ENSG00000092010	0.20598767696766
ENSG00000100911	0.185891417111843
ENSG00000092098	-0.146918050622601
ENSG00000213928	0.0246155527085043
ENSG00000100918	0.0219427155952217
ENSG00000196497	-0.183183224425718
ENSG00000100926	-0.0177249644827758
ENSG00000288820	0.179063067062059
ENSG00000254505	0.0316490579384117
ENSG00000213920	0.0693041492199239
ENSG00000100949	0.129480431752366
ENSG00000288044	0.437894591963456
ENSG00000213903	-0.00178269911912389
ENSG00000100968	0.241097912411341
ENSG00000205978	0.179966429423749
ENSG00000139899	0.298204742234361
ENSG00000100448	-0.0674270852910775
ENSG00000100453	-0.282412686051376
ENSG00000257056	-0.415926699129919
ENSG00000196792	-0.0746622694542659
ENSG00000129493	-0.00829421872936315
ENSG00000258655	-0.0776646625250573
ENSG00000151320	0.0260106435949113
ENSG00000259045	0.0904970000521559
ENSG00000289111	0.0321542866301194
ENSG00000100890	0.0130625582656075
ENSG00000100902	-0.143749826363127
ENSG00000100906	-0.196526260942903
ENSG00000259022	-0.0310485263246683
ENSG00000168348	-0.171946939111566
ENSG00000136352	0.407176677518991
ENSG00000253563	0.129324872518687
ENSG00000289436	0.0468426854608644
ENSG00000185246	0.00858289796102667
ENSG00000213741	0.0124591185504036
ENSG00000165502	0.165104665217229
ENSG00000168282	0.00963819971213536
ENSG00000100483	-0.161820976401605
ENSG00000125375	-0.0464444922067486
ENSG00000100504	-0.110335673470291
ENSG00000100505	-0.205562097387963
ENSG00000180998	-0.0256236070868577
ENSG00000073712	-0.0697593659387501
ENSG00000125378	-0.0215907608157085
ENSG00000020577	-0.115216706415565
ENSG00000131979	-0.242579025937306
ENSG00000168175	-0.243118282565365
ENSG00000289523	-0.328193752739643
ENSG00000126775	0.112199629144261
ENSG00000259969	0.118767633558693
ENSG00000131966	-0.135511103721633
ENSG00000100567	-0.0247431784004246
ENSG00000258378	-0.14078332449849
ENSG00000165617	-0.199890181740826
ENSG00000139970	-0.0118536988556297
ENSG00000100625	-0.148063951499957
ENSG00000027075	-0.103174977897974
ENSG00000247287	-0.048783386951397
ENSG00000258926	-0.0258797106289959
ENSG00000279633	-0.00928995030352772
ENSG00000288802	-0.410503343959561
ENSG00000126785	-0.0818920068442667
ENSG00000258943	-0.169437397125734
ENSG00000284664	-0.0901897805438476
ENSG00000089775	0.0170565086346324
ENSG00000126804	-0.0156111011060092
ENSG00000126803	0.288617235151715
ENSG00000176153	0.0324489110239342
ENSG00000139998	-0.0499886245918892
ENSG00000272158	-0.487537350994725
ENSG00000125952	-0.00203959040789679
ENSG00000277651	0.184951678963703
ENSG00000054690	0.448740586617282
ENSG00000081181	-0.106720848588002
ENSG00000100568	0.0812635369809138
ENSG00000185650	-0.205693248882
ENSG00000258967	-0.595690209982603
ENSG00000139990	-0.0415481913851811
ENSG00000081177	-0.000707798040287128
ENSG00000100626	-0.0618954458551296
ENSG00000280073	0.0731141940636678
ENSG00000029364	0.108463095065758
ENSG00000287310	-0.154219362402017
ENSG00000100647	-0.10337121277343
ENSG00000198732	-0.366301917083316
ENSG00000100678	-0.0654049539122415
ENSG00000213463	0.0611443241795539
ENSG00000274818	0.280989821638917
ENSG00000165861	-0.0114338286262546
ENSG00000258813	0.186694966500289
ENSG00000100767	-0.0213706104460454
ENSG00000258944	0.201964834254117
ENSG00000133961	-0.0325976088963919
ENSG00000170468	-0.0902657667229077
ENSG00000119673	0.0146614481791284
ENSG00000279026	0.268711790864102
ENSG00000156030	-0.179818364056609
ENSG00000140043	0.0710587581210861
ENSG00000119711	0.0630996917259118
ENSG00000119682	-0.070854304157715
ENSG00000119689	-0.154542098404493
ENSG00000198208	-0.0896142595718328
ENSG00000119718	-0.0556657917054986
ENSG00000119640	0.158479693587523
ENSG00000119638	0.113939261493225
ENSG00000170345	-0.717442513888174
ENSG00000140044	-0.00628959782540404
ENSG00000071246	0.0543653074957563
ENSG00000258301	-0.0914279368368829
ENSG00000119669	-0.361219728247136
ENSG00000198894	-0.0488585890569433
ENSG00000165548	-0.261640792161745
ENSG00000177108	-0.253706342663956
ENSG00000165553	-0.209112218613565
ENSG00000009830	0.0711766005483444
ENSG00000100577	0.14049611921994
ENSG00000100583	-0.141931729169405
ENSG00000151445	0.0471387215307417
ENSG00000100591	0.0234559381821926
ENSG00000212371	-0.381635948652228
ENSG00000100601	0.0200899152998235
ENSG00000119705	0.206584170987057
ENSG00000063761	0.0643275059509488
ENSG00000211448	0.00387425858756853
ENSG00000205579	-0.444771319016691
ENSG00000270343	-0.185302731255181
ENSG00000140022	-0.0334486447919761
ENSG00000205562	-0.0242367092328291
ENSG00000185070	0.0170725895001848
ENSG00000140030	0.0318484931918451
ENSG00000070778	0.0320280115996609
ENSG00000278576	0.195234804088235
ENSG00000274492	-0.14504487544822
ENSG00000165533	0.0214696884300821
ENSG00000119720	0.0633580491511048
ENSG00000133943	0.0309517189762525
ENSG00000260810	0.169041690310442
ENSG00000100815	-0.0311617408649921
ENSG00000066427	-0.0344692014801128
ENSG00000183648	0.239934146363018
ENSG00000100600	0.0526352963915137
ENSG00000100604	0.167329587319546
ENSG00000170270	-0.050362865386191
ENSG00000011114	-0.0319074413805852
ENSG00000187581	0.068734705362086
ENSG00000140067	0.0754827891653443
ENSG00000089737	-0.230908346357093
ENSG00000165948	0.107299502238904
ENSG00000165949	0.00215084896385149
ENSG00000119632	0.348600644238586
ENSG00000197249	-0.0759702986474986
ENSG00000188488	-0.0447837236282704
ENSG00000196136	-0.250860733700703
ENSG00000240914	-0.0175322800132708
ENSG00000235706	0.213918140866641
ENSG00000165959	0.25003674719384
ENSG00000168398	-0.182383475214693
ENSG00000090060	-0.00294049648161801
ENSG00000183576	0.00306995555129677
ENSG00000182218	0.0303922424152215
ENSG00000258982	0.174271171888025
ENSG00000140105	-0.27530855186365
ENSG00000196273	0.0269054093198807
ENSG00000185559	-0.0447618985157959
ENSG00000271780	0.167967272892004
ENSG00000197102	0.0737187459647866
ENSG00000240457	-0.130037035356993
ENSG00000080824	-0.174650742668689
ENSG00000022976	0.0412903430381293
ENSG00000156381	0.103333779006129
ENSG00000289207	0.305898674605396
ENSG00000185215	0.0266195221808267
ENSG00000278071	0.127405768805075
ENSG00000259775	0.0628544441232896
ENSG00000075413	0.0152746804589085
ENSG00000166166	0.0325026270550924
ENSG00000126214	-0.0912928128135517
ENSG00000100711	-0.0702949709408459
ENSG00000156414	-0.106852041009119
ENSG00000258986	0.0208617284328265
ENSG00000260792	0.0343512437873982
ENSG00000203485	0.222667491784624
ENSG00000258858	-0.123585940000366
ENSG00000185100	-0.0674468123685857
ENSG00000258811	0.0188490737387611
ENSG00000099814	0.00549476861424069
ENSG00000140104	-0.0828502680823307
ENSG00000183484	-0.0337376933071699
ENSG00000183828	0.128565163646974
ENSG00000185024	0.00863095848625895
ENSG00000179364	0.140853103781173
ENSG00000213145	-0.226703752889821
ENSG00000211890	0.0397771384198862
ENSG00000211892	-0.308824485231227
ENSG00000211893	-0.141854626147297
ENSG00000211895	0.195741130418694
ENSG00000211896	0.0942116665280208
ENSG00000211897	0.101399961626037
ENSG00000211899	-0.0578558733087226
ENSG00000211937	0.0426933912876576
ENSG00000211949	-0.0866497821888966
ENSG00000211955	-0.0896866773469173
ENSG00000211956	0.0582754804858969
ENSG00000211959	0.184135088999272
ENSG00000211962	0.142063355705038
ENSG00000211964	0.198574518609794
ENSG00000211966	0.105405941376874
ENSG00000224650	0.153970678844831
ENSG00000180229	-0.114730866054519
ENSG00000276550	0.245166999608057
ENSG00000277435	0.196798193837727
ENSG00000274253	-0.0291761877458951
ENSG00000273749	0.0760631118357926
ENSG00000275835	0.0166881431227684
ENSG00000274471	-0.00403174014942454
ENSG00000254398	-0.0346271942687463
ENSG00000260844	0.188396038076077
ENSG00000034053	0.018382571890089
ENSG00000104059	-0.035480751039414
ENSG00000185115	0.0270586377921838
ENSG00000256802	0.0414661370221814
ENSG00000104067	-0.0521826071561547
ENSG00000166922	0.0673138902859449
ENSG00000166923	0.389653764264863
ENSG00000182405	0.172641135257848
ENSG00000261559	-0.0407068492398519
ENSG00000215252	-0.0591108744850767
ENSG00000159248	0.134603650139772
ENSG00000159251	-0.313854029523821
ENSG00000259592	-0.343450905055364
ENSG00000137801	-1.18323064689873
ENSG00000166073	-0.0131854745330885
ENSG00000140319	0.00657769096517914
ENSG00000176753	0.0310783479344974
ENSG00000259330	-0.142566855149636
ENSG00000128928	-0.0733385377628483
ENSG00000140320	-0.0617866226203936
ENSG00000169105	0.108254414190141
ENSG00000128891	-0.0362049380381369
ENSG00000223313	-0.343624696435134
ENSG00000166133	-0.0181874781890994
ENSG00000104129	0.116825742210598
ENSG00000166140	0.219278129186229
ENSG00000104140	0.100133126682242
ENSG00000104142	-0.0372303946823352
ENSG00000251161	-0.0578911498676997
ENSG00000128917	-0.363825787199153
ENSG00000137815	0.0609303927500522
ENSG00000103932	-0.0465922022042954
ENSG00000103966	-0.0530751012610962
ENSG00000166887	-0.0598638044917145
ENSG00000092529	0.646037310139584
ENSG00000180979	-0.149274917056511
ENSG00000260490	0.0384023407448093
ENSG00000159433	0.123267108730136
ENSG00000137822	0.0852451654145786
ENSG00000168781	-0.0518245957513147
ENSG00000223572	0.0380715182689613
ENSG00000140264	0.0726722432979449
ENSG00000179523	0.140220873317097
ENSG00000166710	0.138387705760919
ENSG00000185880	0.0365397235450028
ENSG00000171766	0.204921648095997
ENSG00000104154	-0.075553328917566
ENSG00000104164	-0.260486311963135
ENSG00000137767	-0.0672161898817318
ENSG00000128951	0.0456019479357846
ENSG00000276593	-0.0198265260701585
ENSG00000285410	0.0667194461070618
ENSG00000128872	0.0622350977146011
ENSG00000138594	-0.0456261771673193
ENSG00000259556	-0.0457118170482897
ENSG00000259577	-0.0840241180588504
ENSG00000197535	-0.00071211034783553
ENSG00000231169	-0.0139249392752862
ENSG00000128989	-0.072085484901595
ENSG00000276533	0.0206701380502718
ENSG00000225973	-0.0240784016796127
ENSG00000247982	0.2569510430827
ENSG00000128849	0.0308767120392978
ENSG00000259250	0.362947835920888
ENSG00000245975	0.0349308127234087
ENSG00000182718	-0.189216092327989
ENSG00000273958	-0.23719430219568
ENSG00000259251	0.00700801397764095
ENSG00000205502	-0.547644888894029
ENSG00000171914	-0.0450426997172505
ENSG00000140416	-0.388214553370248
ENSG00000103642	-0.0464390209454819
ENSG00000140455	-0.0871147417306713
ENSG00000197361	-0.106028046690832
ENSG00000103657	-0.042226796651438
ENSG00000157734	-0.108263742639416
ENSG00000169118	-0.0621464544950342
ENSG00000180304	0.0389543138343623
ENSG00000241839	-0.218246907542865
ENSG00000166839	0.096542158183675
ENSG00000274383	0.0166709476796923
ENSG00000090487	0.138953591911706
ENSG00000186198	0.00951220878686909
ENSG00000277351	0.235823661528208
ENSG00000103710	0.166115378321939
ENSG00000090470	-0.0948281720290122
ENSG00000138617	0.0146484981027496
ENSG00000103742	-0.0427541363594264
ENSG00000138614	-0.0248698372971349
ENSG00000174446	0.115812572284774
ENSG00000174444	0.176505553987656
ENSG00000174442	-0.012067607716519
ENSG00000188501	-0.0125549173215304
ENSG00000137834	0.0588449605980451
ENSG00000103591	-0.117265793409085
ENSG00000189227	-0.105660807305522
ENSG00000188779	-0.0210975250243652
ENSG00000129007	0.0149686409595985
ENSG00000128973	0.10169954457955
ENSG00000260602	-0.130462417598078
ENSG00000103647	0.0299928256755871
ENSG00000137818	0.218482527698295
ENSG00000166173	0.226007683138564
ENSG00000259744	0.0386752056560467
ENSG00000166192	0.0291328425883032
ENSG00000067225	-0.195574769881789
ENSG00000137817	0.139690109024341
ENSG00000213614	0.116708200531463
ENSG00000067141	0.0743035100421574
ENSG00000156642	-0.221432313678086
ENSG00000260469	-0.00616650737470364
ENSG00000129038	0.0732735216603015
ENSG00000140464	-0.160764331617843
ENSG00000287543	-0.134777636715409
ENSG00000129009	-0.015555748158366
ENSG00000140459	-0.152769114078391
ENSG00000138623	-0.00209325109055512
ENSG00000138629	-0.00681982007504387
ENSG00000179335	0.0075368460499166
ENSG00000179151	0.0301992347155131
ENSG00000103653	0.0821136060821071
ENSG00000213578	0.167147809707651
ENSG00000140497	0.053665935272254
ENSG00000178761	-0.0699905025199072
ENSG00000140365	0.0675520286146817
ENSG00000260274	-0.00464427077179992
ENSG00000169375	-0.00616706422365373
ENSG00000169410	-0.0518574595969237
ENSG00000275454	-0.125269935663443
ENSG00000274515	0.41850813797662
ENSG00000173548	0.120401784378131
ENSG00000203392	-0.157747609926249
ENSG00000260685	-0.152947021002208
ENSG00000140374	-0.092314196857756
ENSG00000140391	0.0699475519618921
ENSG00000269951	0.05160409872805
ENSG00000173517	0.00912684511690823
ENSG00000167202	-0.0230788606554801
ENSG00000260988	-0.0232348353528358
ENSG00000103740	-0.0448353650754206
ENSG00000140403	-0.355861954619675
ENSG00000140395	-0.00166728637718868
ENSG00000041357	0.070613271376024
ENSG00000103811	0.177458772310792
ENSG00000058335	0.00281999785566504
ENSG00000278600	-0.28322091178544
ENSG00000259642	0.0552850746925834
ENSG00000140379	-0.145912819170889
ENSG00000103876	0.0413350118121426
ENSG00000259417	0.113223932147794
ENSG00000277782	-0.220450138347969
ENSG00000140406	-0.267872728507356
ENSG00000197978	0.138419785367507
ENSG00000182774	0.112214251625114
ENSG00000214575	0.15384875868752
ENSG00000156232	-0.0495466124438014
ENSG00000170776	-0.049769668418452
ENSG00000181026	0.0107092767345188
ENSG00000172183	-0.224079026156523
ENSG00000140511	-0.325449037357895
ENSG00000140545	-0.247234321018206
ENSG00000140526	-0.263771653518826
ENSG00000140522	0.118295685847744
ENSG00000140521	-0.0619065694064969
ENSG00000255571	0.0265130471744045
ENSG00000166819	-0.129032429412668
ENSG00000166821	0.215407991773295
ENSG00000166823	0.0743030262131835
ENSG00000273691	0.120425977232072
ENSG00000259291	0.118843570507936
ENSG00000182054	-0.127165811514026
ENSG00000185033	-0.197706577748604
ENSG00000185043	-0.024687282106652
ENSG00000213471	-0.0835610769302388
ENSG00000140577	0.0813140391199323
ENSG00000140564	-0.230995859189285
ENSG00000182511	-0.24343653041398
ENSG00000166965	0.134186910856823
ENSG00000198901	-0.0839162429816419
ENSG00000184056	-0.0659502000077954
ENSG00000185518	0.0670732993425603
ENSG00000260337	-0.0110455914911064
ENSG00000182175	0.0400369518153679
ENSG00000140443	-0.0424539151239781
ENSG00000278022	-0.0121060279201752
ENSG00000168904	0.0387857314167314
ENSG00000274294	0.586542021098835
ENSG00000259356	-0.35316072710919
ENSG00000140471	0.0619199685175481
ENSG00000131873	-0.344677432156347
ENSG00000131876	0.0795196618742715
ENSG00000007384	-0.213711139764552
ENSG00000206177	-0.26555791365768
ENSG00000188536	0.112653650144296
ENSG00000206172	-0.447238931037112
ENSG00000242173	0.0680516549736606
ENSG00000103202	0.0299572780972276
ENSG00000277142	-0.136860242855916
ENSG00000257108	0.171667988176174
ENSG00000127585	0.292916665534955
ENSG00000279255	-0.106980980246577
ENSG00000103260	0.0769385943580884
ENSG00000103253	0.104593799124616
ENSG00000103227	0.0130660161533773
ENSG00000276931	0.0465181715657709
ENSG00000005513	-0.06036220814739
ENSG00000116176	-0.0745505266523025
ENSG00000277010	0.214739523973941
ENSG00000090581	0.23703299343571
ENSG00000059145	-0.107205001876947
ENSG00000174109	-0.0749861656309503
ENSG00000197599	0.0676017575944809
ENSG00000103249	0.0287674898983308
ENSG00000131634	0.000337381440948928
ENSG00000138834	0.00765247767913692
ENSG00000261399	-0.0634032451647408
ENSG00000099769	0.0556889575112876
ENSG00000198736	-0.130793403346813
ENSG00000183751	0.00201465085943189
ENSG00000261790	-0.00316213986066211
ENSG00000167962	-0.0785845138114465
ENSG00000065057	0.0953135187147338
ENSG00000260260	0.260753335445135
ENSG00000131653	0.0537497820604571
ENSG00000167965	0.198647645027525
ENSG00000184207	0.016633135172933
ENSG00000167967	0.0164522022811751
ENSG00000167968	0.248077152581061
ENSG00000205937	0.00433785174671897
ENSG00000260778	0.145128448244475
ENSG00000167972	0.0299027951303888
ENSG00000162063	-0.0449796475785107
ENSG00000280402	-0.22033267326132
ENSG00000172382	0.207888974864378
ENSG00000205913	-0.0334305979652276
ENSG00000103363	0.0950465293307041
ENSG00000276791	0.251801204504105
ENSG00000059122	-0.219541642158533
ENSG00000131650	-0.107757255766371
ENSG00000213937	0.434893839568647
ENSG00000006327	-0.306992613910262
ENSG00000103145	0.125398503687385
ENSG00000131652	0.0904935686263876
ENSG00000008516	-0.0971623360722396
ENSG00000008517	-0.209252798829837
ENSG00000262370	0.0792219244494669
ENSG00000006194	0.0182130118797066
ENSG00000140993	-0.0534222695833417
ENSG00000162086	0.196067714644477
ENSG00000168158	0.155915392732747
ENSG00000167981	-0.028618874359413
ENSG00000213918	0.0807447044560672
ENSG00000263235	-0.0274455299054686
ENSG00000126602	-0.142033378458176
ENSG00000126603	-0.16317241292485
ENSG00000262246	0.0351972265297064
ENSG00000168140	-0.365462757832967
ENSG00000153406	0.130468230666634
ENSG00000103415	-0.0259000159563807
ENSG00000168101	-0.0607144491068045
ENSG00000103199	-0.0760433307679436
ENSG00000140632	-0.194563931148103
ENSG00000275056	-0.175898266709205
ENSG00000118900	-0.0600094792181274
ENSG00000103184	0.346522086860693
ENSG00000033011	-0.0242872970066404
ENSG00000153446	-0.119506712410931
ENSG00000280000	0.106134671360386
ENSG00000067365	-0.0196188232794198
ENSG00000140650	-0.0512368985579715
ENSG00000213853	-0.211481668744342
ENSG00000103274	0.0113431536019898
ENSG00000179583	-0.0455437192394019
ENSG00000182108	-0.0726300353542045
ENSG00000185338	-0.262564197347116
ENSG00000153066	-0.0542634119709324
ENSG00000122299	-0.121499977598358
ENSG00000237515	-0.0522545818401565
ENSG00000262097	-0.048983607598062
ENSG00000186260	-0.159951764707822
ENSG00000276564	-0.271256898875425
ENSG00000140694	-0.0347185912941754
ENSG00000261819	-0.0539389778842135
ENSG00000275910	-0.0981196287509218
ENSG00000085721	-0.159453125331148
ENSG00000166783	0.21938724409739
ENSG00000280206	0.302813909035876
ENSG00000134419	0.132212046674061
ENSG00000170540	0.0076943427124508
ENSG00000261357	0.438423062485357
ENSG00000205730	-0.0812462930715012
ENSG00000103528	0.0554247576202623
ENSG00000103544	0.0733193231086771
ENSG00000261195	0.379610441642485
ENSG00000167191	0.32474880660495
ENSG00000183549	0.177430323377394
ENSG00000261596	0.0491108740793308
ENSG00000140749	0.118120804527502
ENSG00000274460	0.332657022224848
ENSG00000103319	-0.0716513411578045
ENSG00000168434	0.0338242050940617
ENSG00000103353	-0.140269284374661
ENSG00000260751	-0.000525987035351152
ENSG00000006116	-0.0172449680177886
ENSG00000158865	0.326965072248017
ENSG00000262700	0.093550397884012
ENSG00000155592	0.0694807886253289
ENSG00000274925	0.386257764659047
ENSG00000169189	-0.031095735059535
ENSG00000077238	-0.511166239996844
ENSG00000077235	-0.0178673517358196
ENSG00000169181	-0.0606532565854781
ENSG00000169180	0.0716891939785501
ENSG00000188322	-0.031986490087692
ENSG00000176476	0.136461864798007
ENSG00000196502	-0.314688187305603
ENSG00000184110	-0.173590844935467
ENSG00000168488	0.0263075812061359
ENSG00000178952	-0.0259514442653445
ENSG00000177548	0.108828477095196
ENSG00000169682	0.0222378286582375
ENSG00000259807	0.0326907089690745
ENSG00000260953	-0.200118439546899
ENSG00000260727	-0.375141633482401
ENSG00000197471	0.0989792303928504
ENSG00000103485	0.307777711794906
ENSG00000185905	-0.201929132124061
ENSG00000079616	-0.111033544211908
ENSG00000013364	0.0254183691134043
ENSG00000278713	0.0453360881123771
ENSG00000174938	-0.0369864011805702
ENSG00000149932	0.0567550480441446
ENSG00000149929	0.0304893993401209
ENSG00000285043	-0.063481125414949
ENSG00000149925	-0.32384101421395
ENSG00000149922	0.24198145294917
ENSG00000090238	0.300666934550583
ENSG00000102886	0.192405979491399
ENSG00000261052	-0.0297982541222844
ENSG00000260219	-0.171006503310596
ENSG00000169221	0.0933688040278604
ENSG00000180096	0.151386617277969
ENSG00000179918	-0.273881085072068
ENSG00000005844	0.0220102519241978
ENSG00000169957	0.054771219404912
ENSG00000169955	0.0454565202318791
ENSG00000235560	0.119020756901354
ENSG00000229809	0.305030576399945
ENSG00000261840	0.216534208816414
ENSG00000102870	-0.027245125838123
ENSG00000260083	0.0777396251771459
ENSG00000150281	-0.0537175657699991
ENSG00000260852	0.0938011292586781
ENSG00000175938	0.0725295558740253
ENSG00000099377	0.370681785992265
ENSG00000103496	0.119476874609864
ENSG00000260911	0.234389851343283
ENSG00000167394	-0.154360570125054
ENSG00000103507	-0.104704310061875
ENSG00000262766	-0.166198677560026
ENSG00000089280	-0.0877412387399241
ENSG00000260304	-0.303671378123587
ENSG00000103490	0.733882047812954
ENSG00000169896	0.00556542681171416
ENSG00000176723	-0.104922181099297
ENSG00000261474	-0.0242372072780827
ENSG00000140688	-0.0226868174512863
ENSG00000260625	0.290193237810615
ENSG00000169877	-0.634059173592189
ENSG00000261131	0.00598057894200172
ENSG00000091651	0.0636007543870467
ENSG00000166123	0.152343743079428
ENSG00000102910	-0.0337667732994403
ENSG00000280067	-0.0432032038971213
ENSG00000102921	0.030258378068974
ENSG00000275155	-0.126231297207061
ENSG00000279356	-0.146226087073536
ENSG00000166164	0.128527265066402
ENSG00000167208	0.0225608772067188
ENSG00000261644	-0.138742597896146
ENSG00000083799	-0.10166010238872
ENSG00000103449	0.118584030108811
ENSG00000279722	0.06516605507674
ENSG00000087253	0.0681365269652084
ENSG00000272372	-0.0868314442328341
ENSG00000167005	-0.154059488224667
ENSG00000087263	-0.0735218082047688
ENSG00000125124	0.00540659791248264
ENSG00000087250	-0.112155525028445
ENSG00000125148	-0.50440863202773
ENSG00000260549	-0.396839794045177
ENSG00000169715	-0.1975864927148
ENSG00000205364	-0.339525710297792
ENSG00000255986	-1.04070974541044
ENSG00000205362	-0.797545117510753
ENSG00000198417	0.231169581116949
ENSG00000187193	-0.680051538233353
ENSG00000102900	-0.0689533599336232
ENSG00000051108	-0.0492660454371742
ENSG00000261270	-0.125385287675114
ENSG00000261114	-0.396909068486127
ENSG00000140853	0.0377082450206893
ENSG00000279019	0.0546795852181343
ENSG00000006210	-0.38572859726955
ENSG00000005194	-0.142323459918707
ENSG00000088682	-0.00700247684562415
ENSG00000102978	-0.0523829539193097
ENSG00000135736	0.0587045352525274
ENSG00000205336	-0.198744194723865
ENSG00000182885	-0.388858857416027
ENSG00000140859	0.00876724145395598
ENSG00000276166	0.0888832429170906
ENSG00000166188	-0.00445992019510342
ENSG00000103005	-0.0352944964767986
ENSG00000260927	0.0299370201855273
ENSG00000103021	-0.0385206977526507
ENSG00000181938	0.0566928149334361
ENSG00000103037	0.00611044053495496
ENSG00000286653	0.138032464786774
ENSG00000150394	-0.0395225733300599
ENSG00000260332	-0.205242776284847
ENSG00000269986	-0.0122917018428485
ENSG00000166548	0.000204953674666256
ENSG00000289353	-0.0147030194072427
ENSG00000183723	0.107415381926492
ENSG00000246777	-0.0425781861675948
ENSG00000172840	0.0801956471287742
ENSG00000166595	0.127473183397575
ENSG00000172831	-0.157952517239117
ENSG00000172824	0.0159755919492465
ENSG00000289415	0.0537362390569654
ENSG00000135722	0.173480477011359
ENSG00000140939	0.0381874766662405
ENSG00000179044	-0.0625410381677874
ENSG00000205250	-0.0608070391728809
ENSG00000280163	0.00294534895224373
ENSG00000239194	0.501367274787923
ENSG00000159714	0.012891306984631
ENSG00000159720	-0.109052244147745
ENSG00000270049	0.0653606134060962
ENSG00000102898	0.00819832052895099
ENSG00000038358	-0.0486117109218345
ENSG00000124067	0.00262267782787539
ENSG00000167261	0.0824816357574826
ENSG00000182810	-0.0248299100899613
ENSG00000103064	-0.0215059894013595
ENSG00000103056	-0.144123167351351
ENSG00000184939	0.135437775514791
ENSG00000103044	0.078440425933551
ENSG00000132612	-0.00908631050237186
ENSG00000213380	0.0331496499796154
ENSG00000132603	-0.0701513949432006
ENSG00000103018	-0.232757854714032
ENSG00000141101	-0.185103561777513
ENSG00000261556	0.176544088474781
ENSG00000090861	0.0325913627981189
ENSG00000157349	-0.0116431611759369
ENSG00000168872	-0.091579228259012
ENSG00000157353	0.0575406958298587
ENSG00000103051	0.0381827402152056
ENSG00000189091	-0.0808992283650958
ENSG00000157368	0.0196350785750555
ENSG00000132613	-0.204102128727764
ENSG00000279123	0.16501793167773
ENSG00000180917	-0.043987101085715
ENSG00000102984	-0.0271290797849941
ENSG00000263311	0.0603242272423474
ENSG00000102967	-0.101673507228581
ENSG00000140830	-0.0364721994275945
ENSG00000261701	0.253236655410516
ENSG00000260664	0.0629662429940357
ENSG00000271009	-0.064849391561604
ENSG00000275236	0.00528702969882353
ENSG00000090863	0.0446291601794747
ENSG00000168411	0.00146720002166268
ENSG00000168404	-0.372735521480537
ENSG00000186187	-0.0357284020393523
ENSG00000166816	0.00694733819760661
ENSG00000050820	0.00366297196239385
ENSG00000280152	0.0252310026921182
ENSG00000153774	-0.0129712245301337
ENSG00000274220	0.0318858786438653
ENSG00000166822	0.00943266115867539
ENSG00000183196	0.253204040069985
ENSG00000205084	-0.1583341896961
ENSG00000140876	-0.111384145574833
ENSG00000276007	0.0319357352442373
ENSG00000277954	0.390365361047021
ENSG00000178573	0.0554720900369166
ENSG00000166446	-0.0778589936599578
ENSG00000166473	0.0393388139796137
ENSG00000280182	-0.0773171179278699
ENSG00000289067	0.161639070403498
ENSG00000261609	-0.0237233700064781
ENSG00000153815	-0.0948145701111467
ENSG00000260788	0.435873150671362
ENSG00000259914	0.545630538895643
ENSG00000103150	0.00281466651003448
ENSG00000103175	-0.0615374324476205
ENSG00000140950	-0.000256463435327105
ENSG00000103187	-0.000324722020809533
ENSG00000135686	-0.0793630801772912
ENSG00000103196	-0.296161737388601
ENSG00000153786	-0.00298349462181443
ENSG00000131153	-0.0500149742568026
ENSG00000131143	0.112455702099447
ENSG00000140968	0.109937190009143
ENSG00000268388	-0.198090008446154
ENSG00000103241	-0.442345063765378
ENSG00000243697	-0.120541564375161
ENSG00000103248	0.00565791021937205
ENSG00000103264	-0.0576646620722308
ENSG00000154118	0.0724790660408611
ENSG00000260420	-0.0263943696679412
ENSG00000124391	-0.188338994893001
ENSG00000174177	0.102519873607093
ENSG00000103335	-0.176561171968209
ENSG00000167515	0.183022215896001
ENSG00000259877	0.113360287543811
ENSG00000197912	0.0268578781027681
ENSG00000167526	0.0611032313731495
ENSG00000167523	-0.00767420862182515
ENSG00000158792	-0.0391968968660212
ENSG00000141002	-0.100572318936018
ENSG00000258947	-0.0547039165584715
ENSG00000223959	0.116034434636195
ENSG00000262061	0.428732044664229
ENSG00000167699	0.011530245886808
ENSG00000262228	0.214425888165404
ENSG00000171861	-0.107219389159349
ENSG00000262133	-0.147001504746332
ENSG00000108953	-0.00484306675711087
ENSG00000236618	-0.153898699755818
ENSG00000174238	-0.0327648259658527
ENSG00000167703	-0.2733621180183
ENSG00000074660	-0.127918457882307
ENSG00000167705	0.155604754891228
ENSG00000277597	0.199672954649546
ENSG00000185561	-0.0576474024557329
ENSG00000186594	-0.526022263852072
ENSG00000167716	0.0257958556457462
ENSG00000132383	-0.0350797405005046
ENSG00000274758	-0.235024783218222
ENSG00000132361	-0.126549720960316
ENSG00000167723	0.268229179694323
ENSG00000196689	0.174596312806838
ENSG00000263338	-0.210244429530881
ENSG00000197417	0.209642102950038
ENSG00000213977	0.196170040615644
ENSG00000083457	0.0578528950992296
ENSG00000074755	0.00940431687477174
ENSG00000167740	0.0200549338039237
ENSG00000185722	0.0383886847577599
ENSG00000274363	0.239530317831018
ENSG00000183018	0.101220572733175
ENSG00000132382	-0.181792697745623
ENSG00000161920	0.396541358671197
ENSG00000280254	0.236847031977248
ENSG00000182327	-0.111685095037327
ENSG00000262165	0.0758805492481694
ENSG00000129219	-0.00306451953791195
ENSG00000108528	-0.101017222549147
ENSG00000108523	0.0277961485134385
ENSG00000108518	-0.0823449519882601
ENSG00000108515	0.211169922784473
ENSG00000091640	-0.0262224105016459
ENSG00000196388	0.117758342134152
ENSG00000180787	0.163676022766873
ENSG00000234327	0.247590178686952
ENSG00000180626	0.121419358527943
ENSG00000108561	-0.103301447466495
ENSG00000005100	-0.0761786148835075
ENSG00000179314	0.00450392766509258
ENSG00000141485	0.0851488373281866
ENSG00000132530	-0.0279694880685195
ENSG00000279296	0.065684688990364
ENSG00000267532	-0.0495504894226035
ENSG00000161940	-0.389776934945475
ENSG00000174327	-0.169290622395718
ENSG00000072778	-0.0257911675389283
ENSG00000004975	-0.0514735283092365
ENSG00000040633	-0.0864300871712313
ENSG00000170296	0.109009197788277
ENSG00000175826	0.0866552964872603
ENSG00000181856	-0.0097636452453435
ENSG00000132507	-0.094859328105842
ENSG00000132522	0.147879671695228
ENSG00000169992	-0.0427320214568162
ENSG00000181284	0.160114194484481
ENSG00000161958	-0.0551539862734103
ENSG00000170175	0.175927015587259
ENSG00000181222	-0.351987496916518
ENSG00000239697	-0.019802796222498
ENSG00000161955	-0.163259005865999
ENSG00000161960	-0.32426001401328
ENSG00000141504	0.280063251249936
ENSG00000129244	-0.140908817694817
ENSG00000141510	-0.235599355856971
ENSG00000170049	0.0216500448916739
ENSG00000179148	-0.0820694177967039
ENSG00000179111	-0.136697251764742
ENSG00000179094	-0.305055743075754
ENSG00000179029	0.0362274819313647
ENSG00000108961	0.204228210490626
ENSG00000161970	0.110836662280399
ENSG00000166579	-0.107700184708941
ENSG00000007237	0.0242755241736723
ENSG00000109063	0.122939582699984
ENSG00000264176	0.234513697903228
ENSG00000263429	-0.0279008747779978
ENSG00000065559	-0.016301359192466
ENSG00000006740	-0.0590086393656153
ENSG00000280168	-0.212192158038978
ENSG00000006744	0.0090314911488394
ENSG00000170425	-0.0121334414920903
ENSG00000214941	0.0792540417764518
ENSG00000011295	-0.0802550290814942
ENSG00000187688	-0.0290748171401389
ENSG00000181350	-0.0199757706167032
ENSG00000286743	-0.0303558871323398
ENSG00000141040	-0.0553469120217375
ENSG00000287910	0.136240630737884
ENSG00000278864	0.117100814829856
ENSG00000141030	-0.0496386751397158
ENSG00000141026	-0.126966795476691
ENSG00000108551	-0.728317091744073
ENSG00000108557	-0.0859650686150452
ENSG00000072310	0.233209170841962
ENSG00000175662	0.0691351037884679
ENSG00000197815	0.101823561659195
ENSG00000141034	-0.0602538849158861
ENSG00000108591	0.00494738440440416
ENSG00000266677	-0.144427141684244
ENSG00000091542	-0.0448192344178849
ENSG00000177731	0.119217049412724
ENSG00000177427	-0.0216420047506144
ENSG00000177302	-0.00887528876872657
ENSG00000176994	-0.0185446340746118
ENSG00000176974	0.0240938737282062
ENSG00000220161	-0.0978112898123198
ENSG00000072134	-0.0905499026442444
ENSG00000166482	-0.0996608014082556
ENSG00000189343	0.127765644411606
ENSG00000072210	-0.0100670742317605
ENSG00000262681	-0.16577093747063
ENSG00000270091	0.260735354503501
ENSG00000108599	0.0702325601925569
ENSG00000109016	0.01163746880749
ENSG00000274180	0.053623660647259
ENSG00000034152	-0.255489359181748
ENSG00000168961	0.154483297342442
ENSG00000232859	-0.0766376561684405
ENSG00000109083	0.18891099690399
ENSG00000109079	-0.151748736318846
ENSG00000004142	-0.0622548519369788
ENSG00000076351	-0.0525213322786473
ENSG00000109103	-0.124865262514312
ENSG00000087111	-0.103440606797286
ENSG00000109107	-0.155309924517991
ENSG00000167525	0.212587897189147
ENSG00000198242	0.042455177272492
ENSG00000160606	-0.372392894478653
ENSG00000160602	-0.300016827677439
ENSG00000076604	-0.311862959701228
ENSG00000265474	-0.00490852910759605
ENSG00000132589	-0.0806910870500726
ENSG00000109118	-0.0555429611152965
ENSG00000179761	-0.0704033364363131
ENSG00000108256	-0.0606920097892435
ENSG00000167543	0.0961751882215072
ENSG00000176390	-0.00369202254857225
ENSG00000266490	0.273255565254603
ENSG00000276250	0.352674808855356
ENSG00000181481	0.0377681547853582
ENSG00000126861	0.278373050045406
ENSG00000185862	0.238325026544393
ENSG00000108651	0.100421865477411
ENSG00000277511	0.121916297659648
ENSG00000214708	-0.382384256023207
ENSG00000278668	-0.0551995228459225
ENSG00000108671	-0.0510768319396094
ENSG00000176749	-0.242788430607716
ENSG00000263571	-0.0502293263451404
ENSG00000108691	-0.781152882686605
ENSG00000108700	0.219570393801248
ENSG00000132141	-0.0625312053849186
ENSG00000198783	0.0439891135614554
ENSG00000073536	-0.011942579156912
ENSG00000172716	-0.189729123418409
ENSG00000267547	-0.0644370855543872
ENSG00000267648	0.239687040795446
ENSG00000154760	-0.0607755357718661
ENSG00000267369	0.174546815959633
ENSG00000267321	0.147311125704589
ENSG00000108733	-0.0779704616601682
ENSG00000270885	0.123332338668708
ENSG00000271447	-0.122567126155383
ENSG00000271392	-0.0769946333074276
ENSG00000271503	0.0494177299651284
ENSG00000278259	-0.0121185375375061
ENSG00000278311	-0.120110735237487
ENSG00000278535	0.00758826411648699
ENSG00000276023	-0.227464972472688
ENSG00000276170	0.0350360655363031
ENSG00000273604	0.0398125425345873
ENSG00000275532	0.0762780664406457
ENSG00000277972	0.0599381758908343
ENSG00000277258	-0.0932489671299553
ENSG00000277791	0.0878181911775471
ENSG00000273559	0.0230461710655997
ENSG00000125691	0.165377316137816
ENSG00000002834	-0.00285027012034873
ENSG00000263874	0.125326150382314
ENSG00000108298	0.10951677160948
ENSG00000161395	0.0434874896031225
ENSG00000141736	-0.254825149297635
ENSG00000141741	0.195588778786097
ENSG00000141738	-0.173236666528386
ENSG00000172057	0.000112066343393999
ENSG00000108344	-0.112783776960914
ENSG00000108342	-1.9258755949196
ENSG00000008838	-0.0457067227665676
ENSG00000238793	0.0761196346034392
ENSG00000126368	-0.168129127685509
ENSG00000108349	-0.119192126118157
ENSG00000171475	0.0400389357382561
ENSG00000094804	-0.102043135034913
ENSG00000131759	-0.139843882782212
ENSG00000265666	-0.010781098145545
ENSG00000278918	-0.171564243768816
ENSG00000183153	-0.0355425339060228
ENSG00000141753	-0.252050435365032
ENSG00000213424	-0.203366023823736
ENSG00000173805	0.267640840165667
ENSG00000239542	-0.189721036780782
ENSG00000141696	0.115391600033877
ENSG00000141756	0.0221077121284144
ENSG00000168259	-0.0709032481259938
ENSG00000108771	0.1090391450159
ENSG00000108774	-0.221934702745501
ENSG00000167925	0.132914908747271
ENSG00000126561	0.12928569425618
ENSG00000168610	-0.301330131318103
ENSG00000033627	-0.0191827378989766
ENSG00000283929	-0.1832307519442
ENSG00000108784	0.195956915156282
ENSG00000108786	0.423494944001195
ENSG00000068120	0.0496471363658633
ENSG00000131470	-0.115335739595227
ENSG00000141699	0.0991711408568587
ENSG00000131462	-0.271786936922958
ENSG00000068137	-0.0450513971203608
ENSG00000273650	0.131781279337433
ENSG00000131477	-0.0294155862118397
ENSG00000183978	0.107805330149013
ENSG00000266967	0.0298408735540662
ENSG00000267060	0.0444174729551921
ENSG00000131469	0.126968406893558
ENSG00000068079	0.0438386387641593
ENSG00000184988	0.123082775213014
ENSG00000175906	-0.386603580762752
ENSG00000108861	0.0274294363225843
ENSG00000161647	-0.00140677625969595
ENSG00000161653	-0.128829362451366
ENSG00000141349	-0.0505493133886732
ENSG00000108840	0.192220193402713
ENSG00000087152	0.0560835355601412
ENSG00000108312	0.0101621400448606
ENSG00000260793	0.0415392589831749
ENSG00000288877	0.369382279085322
ENSG00000004939	-0.194854472794636
ENSG00000013306	0.042294635401285
ENSG00000180340	0.316092357186428
ENSG00000279879	-0.109744815704696
ENSG00000131097	-0.00735884806411383
ENSG00000108883	-0.00516152223467962
ENSG00000131095	0.695827829268196
ENSG00000172992	-0.17419737214424
ENSG00000161714	0.289934397125291
ENSG00000186834	0.265688606535805
ENSG00000184922	0.00438451567711685
ENSG00000006062	-0.260383087228806
ENSG00000225190	0.0256965499418518
ENSG00000185294	-0.223548342835972
ENSG00000279685	-0.0331606349656104
ENSG00000213326	0.316355176352177
ENSG00000262879	-0.0870284092580901
ENSG00000276790	0.252711434855473
ENSG00000264920	0.16299373428251
ENSG00000167182	-0.00870445371778897
ENSG00000108439	-0.0711809643579907
ENSG00000005243	0.0275095626123198
ENSG00000263412	0.0496235294039037
ENSG00000082641	-0.152060812808704
ENSG00000278765	0.309995550071849
ENSG00000173917	-0.125198877310254
ENSG00000136436	-0.0239229939478205
ENSG00000159210	0.0333838709365483
ENSG00000167083	0.0712477601532284
ENSG00000108798	0.145043881872937
ENSG00000173868	-0.192162103076843
ENSG00000248714	0.0521024944357492
ENSG00000064300	-0.139357942391006
ENSG00000121067	-0.052029235443164
ENSG00000121073	-0.11690160302926
ENSG00000108813	-0.12874223742993
ENSG00000005882	-0.0938520936257117
ENSG00000015532	-0.0736570794706538
ENSG00000108826	0.214369699994161
ENSG00000108829	-0.0926059138924497
ENSG00000167107	-0.0353216718645154
ENSG00000136449	-0.0805664493770191
ENSG00000006283	-0.0413679094919815
ENSG00000141232	-0.231164617591891
ENSG00000243678	0.116892079080669
ENSG00000262902	0.238292097377372
ENSG00000279059	0.221382354180024
ENSG00000108960	-0.250840266129446
ENSG00000166292	-0.42732587908988
ENSG00000141179	-0.0207357554761259
ENSG00000121060	-0.0462454962010521
ENSG00000153944	-0.128815598245604
ENSG00000181610	-0.139259461419986
ENSG00000180891	0.117268520042523
ENSG00000264112	0.0546276951215254
ENSG00000136450	0.00812426979081731
ENSG00000279207	0.0515587121882689
ENSG00000011143	0.0570671402451808
ENSG00000286788	-0.135886123290203
ENSG00000005381	0.0450487186064083
ENSG00000108375	-0.0192600623580278
ENSG00000108389	0.00355076040579349
ENSG00000182628	-0.0261960380277888
ENSG00000062716	-0.195792438823552
ENSG00000108423	0.0340850584494878
ENSG00000270264	-0.249170673743476
ENSG00000189050	-0.14372123211026
ENSG00000068097	0.0485555800494697
ENSG00000267248	-0.0432120668743663
ENSG00000167434	-0.0707681931621585
ENSG00000170836	-0.0422759186566457
ENSG00000279133	-0.19697758839791
ENSG00000011028	-0.00769700012681052
ENSG00000170921	-0.0345373014039181
ENSG00000265971	0.0537910285412854
ENSG00000136485	0.0457412663152738
ENSG00000270587	0.0175292179755756
ENSG00000266173	0.00862687670774809
ENSG00000087191	0.0414482587108762
ENSG00000108604	0.0728309515210751
ENSG00000007312	-0.073427394918892
ENSG00000108622	-0.27567548713197
ENSG00000261371	-0.348326960507412
ENSG00000256525	-0.00302134745485215
ENSG00000258890	-0.0124459150151182
ENSG00000108854	0.0168317520554738
ENSG00000214174	0.111141853222629
ENSG00000120063	0.00106739768662022
ENSG00000108370	0.11135386928426
ENSG00000154229	-0.0232671919573205
ENSG00000198265	-0.0103053297169844
ENSG00000154217	-0.117908751846948
ENSG00000186665	0.0162037739078606
ENSG00000182481	-0.225794692276084
ENSG00000278740	-0.105445778372315
ENSG00000274712	-0.0191523659978142
ENSG00000108932	-0.593529595172061
ENSG00000070540	-0.139534845937404
ENSG00000207561	-0.323014493247334
ENSG00000154265	0.0207446854068316
ENSG00000153822	-0.0376651064186594
ENSG00000271239	0.341178688230896
ENSG00000125398	-0.250828140092833
ENSG00000166685	-0.113502830562081
ENSG00000141219	0.157440884490916
ENSG00000179604	-0.12567329539422
ENSG00000172809	0.21614426143699
ENSG00000141540	0.249964628326989
ENSG00000196169	-0.0440638005297025
ENSG00000204347	-0.140413627999281
ENSG00000170412	-0.31976321304241
ENSG00000167851	0.0770323397864756
ENSG00000109062	-0.184849946677345
ENSG00000161509	-0.0899264750320837
ENSG00000161513	-0.0693348775955346
ENSG00000167861	0.284459510028335
ENSG00000167863	0.10248436054791
ENSG00000239607	-0.0638610456968434
ENSG00000125457	0.17816894265349
ENSG00000263843	-0.109672012051983
ENSG00000125454	0.00403270090200961
ENSG00000177885	-0.0621929265805713
ENSG00000177728	-0.0698509159503637
ENSG00000177303	-0.343005094211594
ENSG00000204323	0.0837035837713296
ENSG00000259120	0.0832061205694607
ENSG00000161526	0.100600254918236
ENSG00000132470	-8.89037058710044e-05
ENSG00000108479	0.0953400460126976
ENSG00000132471	-0.0343678168453343
ENSG00000132481	0.0937061765601846
ENSG00000267801	0.0200843957152101
ENSG00000141569	0.0862704338530335
ENSG00000161533	-0.236332873499503
ENSG00000167881	-0.104571036868969
ENSG00000228218	0.159481191242256
ENSG00000129646	0.10842212671439
ENSG00000161542	0.0679727510941485
ENSG00000176170	0.103938120931198
ENSG00000175931	-0.0334714270593403
ENSG00000129667	0.0230673057148354
ENSG00000163597	0.0244619038531826
ENSG00000286750	-0.0524012050480595
ENSG00000070526	-0.0650482691605901
ENSG00000277382	0.242782644708412
ENSG00000070495	-0.133873674920381
ENSG00000092931	0.043857994624206
ENSG00000184640	-0.0837990219469235
ENSG00000141524	0.226267039110568
ENSG00000167895	0.136540717171956
ENSG00000204278	0.261187942247972
ENSG00000184557	-1.5343635438501
ENSG00000279570	-0.124132396871659
ENSG00000108679	0.244841299198718
ENSG00000171302	-0.061198376952829
ENSG00000173894	0.0855104187834394
ENSG00000141582	-0.255405825327812
ENSG00000141543	-0.20749658046633
ENSG00000181523	-0.0446546926898859
ENSG00000173818	0.0309059758907803
ENSG00000262873	0.160202517819698
ENSG00000181409	0.513740362919721
ENSG00000167302	0.147966001451992
ENSG00000287431	0.0292168605805604
ENSG00000262223	0.449926018416111
ENSG00000262877	0.79685037561316
ENSG00000279692	0.0531884350291603
ENSG00000184009	-0.0114073091588732
ENSG00000182446	-0.0486394403486589
ENSG00000182612	0.136600090797866
ENSG00000185298	0.0546639558930992
ENSG00000185359	-0.0784245215223572
ENSG00000262049	0.0213642660203416
ENSG00000183048	0.0312643609533797
ENSG00000185624	-0.0245156460427177
ENSG00000141522	-0.262290189582485
ENSG00000263731	-0.108671430644626
ENSG00000183684	-0.312004498864282
ENSG00000185813	-0.0855689929624897
ENSG00000187531	-0.0804285134812132
ENSG00000197063	-0.0175091578790649
ENSG00000183010	-0.184483004502418
ENSG00000169696	0.0444952539285004
ENSG00000169738	0.0461900934723543
ENSG00000264569	0.113251311382169
ENSG00000169727	0.133806174479823
ENSG00000169710	0.135707812126253
ENSG00000141526	-0.0698465941945347
ENSG00000141551	-0.127756351600294
ENSG00000287737	0.177876425401348
ENSG00000173762	-0.464478585863853
ENSG00000141574	-0.201297414621366
ENSG00000181396	-0.0469111410066961
ENSG00000178927	0.0449619666449435
ENSG00000266236	-0.0650341621864571
ENSG00000141568	0.0166787283810486
ENSG00000141542	0.232102089146371
ENSG00000167363	0.179632063622925
ENSG00000262410	0.23822572710941
ENSG00000141556	-0.0514194719772348
ENSG00000274370	0.128872320625308
ENSG00000261888	0.142595906144794
ENSG00000101557	-0.0651399844504437
ENSG00000079134	0.155130291389854
ENSG00000263884	-0.0348365615822351
ENSG00000158270	0.2363733575915
ENSG00000176890	0.165376422025698
ENSG00000132199	0.111769938834824
ENSG00000101605	-0.0959811292862074
ENSG00000118680	-0.0506434533715322
ENSG00000177426	-0.103767874224304
ENSG00000177337	0.175541802441387
ENSG00000265069	0.0949209532157974
ENSG00000286649	-0.126906540150932
ENSG00000273368	-0.205736153477519
ENSG00000288939	0.787219230281661
ENSG00000273284	0.0818342260457262
ENSG00000017797	0.0952450188516971
ENSG00000168461	-0.0720142643630932
ENSG00000272799	-0.007929477575103
ENSG00000154856	-0.0418598586675671
ENSG00000255112	-0.0776352054037523
ENSG00000272703	-0.130835715735936
ENSG00000273141	0.573328040968564
ENSG00000141401	0.0488960552596755
ENSG00000176014	-0.28858411072019
ENSG00000141391	0.109753623792176
ENSG00000267249	0.171959281614658
ENSG00000175354	-0.0219128661249038
ENSG00000085415	-0.157755725899137
ENSG00000286926	0.0379968965938508
ENSG00000267690	0.0217726001132237
ENSG00000101654	-0.0193096455664077
ENSG00000175322	-0.0566423088247996
ENSG00000286293	0.271475098546265
ENSG00000265015	0.452226648340542
ENSG00000134508	-0.127003545308255
ENSG00000154065	0.000903589021290083
ENSG00000154040	0.00281108419952816
ENSG00000154059	-0.0823278576779478
ENSG00000277534	0.119771018255998
ENSG00000171885	-0.0966565820005761
ENSG00000170558	-0.0766836274415228
ENSG00000276282	0.214037145695921
ENSG00000134769	-0.0542356840834413
ENSG00000279989	0.579499477046779
ENSG00000274184	0.0982079372020146
ENSG00000268573	0.0363693287709137
ENSG00000257267	0.116547229530077
ENSG00000274918	0.329677376631407
ENSG00000172466	0.144952071263483
ENSG00000288917	0.446398287204527
ENSG00000134759	0.0433603890034942
ENSG00000134779	0.129368735567112
ENSG00000267651	0.0755166347314193
ENSG00000267088	0.0650949338365651
ENSG00000132872	0.00435259175849199
ENSG00000141469	-0.114233976432265
ENSG00000152223	0.0207712727157339
ENSG00000152234	-0.175006836252316
ENSG00000101638	-0.0153853614077234
ENSG00000280212	0.111613612903775
ENSG00000267724	0.249985780552219
ENSG00000167220	0.125371124383125
ENSG00000267541	0.545723073950446
ENSG00000265681	0.108772024721107
ENSG00000167315	-0.0992697328921452
ENSG00000141644	-0.0394105774274943
ENSG00000141639	-0.31451619613573
ENSG00000134042	-0.115889895818414
ENSG00000134046	-0.0576112734296834
ENSG00000196628	-0.066715544767143
ENSG00000177511	0.239522612796998
ENSG00000066926	-0.0858757088496102
ENSG00000049759	0.044269027773128
ENSG00000172175	-0.0695245421559242
ENSG00000141682	-0.354745274664047
ENSG00000101542	0.0536417356576359
ENSG00000176641	-0.0176503161341896
ENSG00000134444	-0.0588573525848679
ENSG00000141664	-0.0496651857118798
ENSG00000081913	0.0834816835959941
ENSG00000171791	-0.040264746356366
ENSG00000166401	-0.0719866602257972
ENSG00000081138	-0.0650609027762574
ENSG00000176225	-0.0132098498894849
ENSG00000278971	-0.279006265237315
ENSG00000166342	-0.0510410451105575
ENSG00000187773	0.26761701869795
ENSG00000287689	0.0449156953611553
ENSG00000133313	0.0234135709387114
ENSG00000278607	-0.0767440365819681
ENSG00000180011	-0.0473106502109349
ENSG00000287281	0.187708480416031
ENSG00000275763	-0.0405529035549096
ENSG00000278330	-0.063770074619355
ENSG00000263146	0.222397065289508
ENSG00000256463	0.119292488717769
ENSG00000060069	0.00158525058343834
ENSG00000226742	0.189389074071562
ENSG00000141759	0.0839977664307274
ENSG00000101544	-0.0321384260022409
ENSG00000267270	-0.0975699581839249
ENSG00000099866	0.0595580172421514
ENSG00000172270	-0.131692654256607
ENSG00000099822	0.189929894578155
ENSG00000070423	-0.00214257258583262
ENSG00000070404	0.0510865010632764
ENSG00000011304	-0.0702305828829549
ENSG00000172232	-0.0559421874977995
ENSG00000197561	-0.116460459808454
ENSG00000197766	0.0502105478763844
ENSG00000198858	-0.0869702958800531
ENSG00000116017	-0.057567699156357
ENSG00000064666	-0.353049293699129
ENSG00000064687	0.0398949433338856
ENSG00000099817	-0.0979327546181546
ENSG00000064932	-0.329932673438088
ENSG00000167470	-0.68768299077514
ENSG00000099622	-0.00133756872691598
ENSG00000267493	-0.227459051265189
ENSG00000099617	-0.124956094860291
ENSG00000130005	0.172774835979866
ENSG00000115268	0.229186853178918
ENSG00000115266	-0.0535348798647517
ENSG00000185761	0.0926260060086166
ENSG00000127540	0.158914914687754
ENSG00000267244	-0.283255505843196
ENSG00000227500	0.0993401970513462
ENSG00000213638	0.0692876609590032
ENSG00000133275	0.0273473964630571
ENSG00000099875	-0.298605274712387
ENSG00000172081	0.00654695999189675
ENSG00000099840	0.10275049420476
ENSG00000104885	0.0477203550189505
ENSG00000104897	-0.0213382333260741
ENSG00000104904	0.0538674124371991
ENSG00000005206	0.0481363903482917
ENSG00000099860	-0.890275304749357
ENSG00000176490	0.0394759782688154
ENSG00000261342	0.282980818127236
ENSG00000172006	-0.0648759678605772
ENSG00000186300	0.0639647276983574
ENSG00000287766	0.213407701332442
ENSG00000065717	-0.0455104287070893
ENSG00000104964	-0.0775396839533444
ENSG00000125910	-0.0756037301417992
ENSG00000125912	-0.00133966023484823
ENSG00000095932	0.247618969854423
ENSG00000105298	0.00419656011772997
ENSG00000167657	0.0197861847935599
ENSG00000167658	0.0284914663999651
ENSG00000105246	0.0972269735881495
ENSG00000141985	-0.025570848570304
ENSG00000167671	0.0396140472468862
ENSG00000167676	0.159299442779763
ENSG00000214456	-0.0713697320753646
ENSG00000171236	-0.425760310465128
ENSG00000185361	-0.0426042319011671
ENSG00000205790	-0.0416665396968204
ENSG00000287884	0.0600533238923169
ENSG00000176840	-0.00144851322406092
ENSG00000141965	-0.00661827021792245
ENSG00000127666	-0.171178753537533
ENSG00000105355	-0.0565630297111985
ENSG00000127663	-0.0213943870906542
ENSG00000105426	0.0628221413888881
ENSG00000212123	0.129946536486075
ENSG00000141994	-0.0215884817214675
ENSG00000105519	0.313812923633039
ENSG00000031823	0.0357862682138458
ENSG00000125656	-0.119655001332658
ENSG00000125650	0.0286087211557166
ENSG00000125651	-0.137454264780547
ENSG00000088247	-0.0575489190015275
ENSG00000275234	0.0127577518755461
ENSG00000104833	0.389020613315063
ENSG00000125657	-0.0908673355377806
ENSG00000276980	-0.281682884185273
ENSG00000125734	0.259370326914362
ENSG00000125733	-0.0379258563082643
ENSG00000141968	0.0229742410253992
ENSG00000130544	0.0171339162608451
ENSG00000198816	0.215977114518315
ENSG00000090674	0.148933222238763
ENSG00000032444	0.0837877779674698
ENSG00000076924	0.0369369103588015
ENSG00000229833	0.206639589634838
ENSG00000104918	-0.123130704371618
ENSG00000183019	-0.335082315085366
ENSG00000090659	0.121911378643869
ENSG00000066044	-0.154928954871119
ENSG00000090661	0.225845694728446
ENSG00000167775	0.128106608424401
ENSG00000233927	0.313095900862221
ENSG00000186994	-0.106406546303527
ENSG00000167772	0.0577786389178215
ENSG00000185236	0.10311706985689
ENSG00000099783	-0.170544070791261
ENSG00000133250	0.104619756526189
ENSG00000142347	0.0108513371277123
ENSG00000167785	0.0803675773852843
ENSG00000130803	0.0283007359381324
ENSG00000278611	0.0498764501322892
ENSG00000277587	0.413913628673891
ENSG00000127452	-0.00158345657335638
ENSG00000198258	0.152790868241786
ENSG00000127445	-0.0410604584226161
ENSG00000105088	0.0589058822377902
ENSG00000080573	0.208407368999203
ENSG00000130810	-0.165484865447231
ENSG00000130816	0.0014125638438376
ENSG00000105364	-0.114391035039448
ENSG00000090339	-0.634381745539738
ENSG00000161847	-0.0267004489961789
ENSG00000105401	-0.0982102473343511
ENSG00000079999	0.304282055051705
ENSG00000180739	0.134183544369725
ENSG00000130734	-0.0644420109194471
ENSG00000129355	-0.027197763118638
ENSG00000129353	-0.030461971625052
ENSG00000129351	-0.0197967908061051
ENSG00000099203	0.147361155789132
ENSG00000127616	-0.0861346145397348
ENSG00000130164	-0.342566742604376
ENSG00000183401	0.201550930730046
ENSG00000187266	0.178720176969526
ENSG00000198003	0.0407910114728587
ENSG00000198551	-0.0272520327909135
ENSG00000197044	-0.129649132269305
ENSG00000177599	-0.0651626036103216
ENSG00000171295	-0.0929713592706833
ENSG00000171291	0.0528656981375146
ENSG00000197054	-0.0446158534487422
ENSG00000197647	-0.174801651076244
ENSG00000223547	-0.167515240068305
ENSG00000242615	-0.0501223733793007
ENSG00000197857	-0.0204506603036786
ENSG00000188868	-0.114475118012522
ENSG00000198342	-0.316886652320143
ENSG00000180855	0.0216134907148188
ENSG00000249709	0.0674941220487018
ENSG00000173875	-0.0746121830587546
ENSG00000104774	0.318011927927285
ENSG00000105583	0.116714881662482
ENSG00000095059	0.0419610067225796
ENSG00000171223	-0.527085204327239
ENSG00000167815	-0.0977520586187798
ENSG00000105612	0.112157242982473
ENSG00000105607	-0.226909551801023
ENSG00000179218	-0.1439537496662
ENSG00000179262	0.00331548481685842
ENSG00000008441	-0.0103036860605164
ENSG00000104915	0.133509722759014
ENSG00000160888	-0.115940781297958
ENSG00000104957	-0.0412905454408446
ENSG00000267519	-0.228551439674783
ENSG00000132000	-0.0101532307760236
ENSG00000132017	0.083184208181147
ENSG00000104998	-0.0497005639180216
ENSG00000141858	0.139327747301489
ENSG00000072062	-0.110802252163593
ENSG00000267169	-0.0541476491886533
ENSG00000123136	0.123266002979858
ENSG00000132002	-0.404215057475156
ENSG00000099795	0.160563228284793
ENSG00000188269	0.111273842311705
ENSG00000141867	-0.103098393233785
ENSG00000105127	-0.0447198709143044
ENSG00000171903	0.0861883437770862
ENSG00000279198	0.0251939098808339
ENSG00000072958	0.0384100565352234
ENSG00000127528	0.203455282017358
ENSG00000127527	-0.14536312028474
ENSG00000105072	0.0188805178480634
ENSG00000085872	-0.13384719811384
ENSG00000269399	0.101629949218922
ENSG00000279748	0.00259099147392844
ENSG00000269044	-0.0593216457076342
ENSG00000188039	-0.0270913995076449
ENSG00000127511	-0.0984599269521771
ENSG00000127533	-0.287596576484096
ENSG00000053501	0.149153283750717
ENSG00000099330	0.236421427164238
ENSG00000105393	0.0872700992516679
ENSG00000130311	-0.0283836710130495
ENSG00000074855	0.0311842379982262
ENSG00000130303	0.187368873135523
ENSG00000282851	0.149470587659234
ENSG00000141971	0.103799378154904
ENSG00000269736	0.26663813852723
ENSG00000171773	0.0601222972066049
ENSG00000130304	0.233474179997514
ENSG00000130309	0.115531032088693
ENSG00000105639	0.00178145532916496
ENSG00000105640	0.107346934084026
ENSG00000007080	0.107090850097094
ENSG00000105643	0.0213966164613923
ENSG00000279172	-0.251801102334975
ENSG00000216490	0.0602615890957168
ENSG00000254858	-0.213398514770262
ENSG00000105649	-0.0317008344902513
ENSG00000130518	-0.059703788249904
ENSG00000130522	0.0913124138664357
ENSG00000130520	-0.000561041069577797
ENSG00000130517	0.0422514975037742
ENSG00000130513	-0.227684629335557
ENSG00000105655	-0.0481255874233696
ENSG00000105656	-0.132850752629182
ENSG00000105700	-0.00556569177909543
ENSG00000268030	-0.0144524798748079
ENSG00000221983	0.0273261406431825
ENSG00000006015	0.135409026876213
ENSG00000167487	-0.111701911644253
ENSG00000223802	0.207628024000885
ENSG00000269694	-0.266101659763159
ENSG00000105669	0.0355597923441591
ENSG00000105671	-0.0296242721277479
ENSG00000105676	-0.0267005769879611
ENSG00000288837	0.051523209502624
ENSG00000064545	0.0773424382317126
ENSG00000064490	0.0557191810266958
ENSG00000130287	-0.101749983375787
ENSG00000129933	0.100367597687326
ENSG00000167491	-0.133935029819222
ENSG00000064547	0.149564843736918
ENSG00000181896	0.0121027182820151
ENSG00000081665	-0.0965678149132468
ENSG00000267481	0.206118525146862
ENSG00000197124	-0.0611557102206715
ENSG00000280079	0.376644526429716
ENSG00000237440	-0.0101431889104233
ENSG00000182141	0.150671730986977
ENSG00000268322	0.106918671109631
ENSG00000270947	-0.133419271616389
ENSG00000269397	-0.127579364160844
ENSG00000268442	0.427106760290493
ENSG00000267683	0.0791168108483066
ENSG00000267014	0.140253550149822
ENSG00000187135	0.192608797093243
ENSG00000166289	0.0874344180180576
ENSG00000105176	0.0166012507198111
ENSG00000267692	-0.287355907307118
ENSG00000266910	0.0958702396904134
ENSG00000105186	0.103736584914549
ENSG00000131941	0.0207135385428073
ENSG00000076650	0.0497754641446294
ENSG00000130876	0.115290612776253
ENSG00000124299	-0.00530386195775252
ENSG00000153885	-0.0129849013944943
ENSG00000289539	-0.17293547238622
ENSG00000126249	0.109978564860202
ENSG00000268751	0.444515125126749
ENSG00000089335	0.257260204950846
ENSG00000274104	0.294421500739768
ENSG00000197841	0.227094638205194
ENSG00000270876	-0.0304433301499462
ENSG00000089351	-0.106254214513727
ENSG00000179066	0.0247662356757947
ENSG00000089356	-0.0666936921072272
ENSG00000153902	-0.0211340447006765
ENSG00000266964	0.230687602678388
ENSG00000221946	0.235913959203224
ENSG00000089327	0.00762920007905928
ENSG00000105699	-0.0218782006170302
ENSG00000105698	0.034375006925029
ENSG00000105697	-0.375088487706338
ENSG00000012124	0.685352289203352
ENSG00000126262	-0.13296973791272
ENSG00000188508	-0.0507227684689377
ENSG00000236144	0.0417674416912321
ENSG00000105677	0.134397255241646
ENSG00000249115	0.17388045215201
ENSG00000126246	-0.0219920642717314
ENSG00000004776	0.0410012769854597
ENSG00000167595	-0.173814125858008
ENSG00000126259	-0.0736932253202861
ENSG00000105290	0.34126955161522
ENSG00000167604	-0.140694679535662
ENSG00000280194	-0.0570369975553767
ENSG00000126243	-0.0760432036275113
ENSG00000267388	0.270300008086784
ENSG00000205138	0.11206244712172
ENSG00000239382	0.106389339048141
ENSG00000105270	0.0958817837748934
ENSG00000161277	0.16461394072886
ENSG00000105258	0.10412589315796
ENSG00000267091	-0.08621771727488
ENSG00000254004	0.090360755065759
ENSG00000186020	-0.0903534944309058
ENSG00000196967	0.11451735731576
ENSG00000245680	0.0865800610198822
ENSG00000181666	0.127620458110916
ENSG00000276846	0.206924184998359
ENSG00000171817	0.173418210573276
ENSG00000196381	0.0274005451483465
ENSG00000198182	0.0498395566560937
ENSG00000267640	0.0645606260475138
ENSG00000011332	-0.166924060063505
ENSG00000099337	0.152215858144655
ENSG00000099341	-0.127104641465052
ENSG00000188766	-0.217951891809384
ENSG00000171777	-0.067937805587565
ENSG00000268055	-0.0682272877608143
ENSG00000178982	0.0688574519373389
ENSG00000104823	0.145138671987507
ENSG00000269688	-0.197845132959538
ENSG00000269190	0.0156421414288956
ENSG00000183760	0.226662127385087
ENSG00000130669	-0.044350467733793
ENSG00000130755	-0.0261970712858882
ENSG00000179134	-0.101484550410742
ENSG00000006712	0.0340606162406372
ENSG00000063322	-0.0265409998530865
ENSG00000288919	0.0532386347110682
ENSG00000128016	-0.827231662759805
ENSG00000176401	0.142911790242238
ENSG00000176396	-0.0418095850851663
ENSG00000276445	0.106151122383269
ENSG00000105202	0.0713361421125421
ENSG00000275395	0.425478511438176
ENSG00000013275	-0.0180676692461316
ENSG00000128000	-0.00209997079342872
ENSG00000197782	0.116164426210677
ENSG00000174521	0.164419871294889
ENSG00000197019	-0.284681313490077
ENSG00000167565	-0.0792023725243499
ENSG00000160410	0.15766362026442
ENSG00000105245	-0.171091251210101
ENSG00000123815	-0.0156543793489895
ENSG00000086544	-0.550882960033926
ENSG00000188493	0.0711547252981727
ENSG00000261857	0.159736083568216
ENSG00000167578	0.147674023056649
ENSG00000167601	0.0556842975211874
ENSG00000105329	0.00365845443451764
ENSG00000123810	0.0586957034962447
ENSG00000248098	-0.03701972257207
ENSG00000204978	-0.0636166820264305
ENSG00000267107	-0.0876206755180206
ENSG00000269800	-0.0651690524026548
ENSG00000268355	0.031456292661898
ENSG00000270164	0.259110410567994
ENSG00000105372	0.147912049210041
ENSG00000105732	-0.0301402889987687
ENSG00000160570	0.00897284586005525
ENSG00000105722	-0.21056506727054
ENSG00000105427	0.385342655962082
ENSG00000079435	0.134184575348532
ENSG00000204936	-0.103288064031614
ENSG00000124466	-0.0138190880582531
ENSG00000105755	-0.0100133747184227
ENSG00000234465	0.226274266717604
ENSG00000167378	0.0189478287158693
ENSG00000105767	0.159041255575762
ENSG00000011422	-0.265148845167501
ENSG00000105771	0.102903152084275
ENSG00000104783	0.121431786487786
ENSG00000266921	0.105972306820014
ENSG00000159885	0.0176857008856017
ENSG00000178386	0.0616425175819005
ENSG00000256294	0.130678870559243
ENSG00000167380	0.125481643789857
ENSG00000131115	0.0893600151066271
ENSG00000267508	0.169828052170327
ENSG00000073008	-0.341768716545022
ENSG00000186567	-0.061658087694838
ENSG00000069399	-0.575914675651192
ENSG00000187244	-0.116387386841231
ENSG00000130202	-0.184656887790722
ENSG00000130204	-0.130927461226053
ENSG00000130203	0.0736245060541661
ENSG00000130208	0.323980657551369
ENSG00000104856	-0.301980041210915
ENSG00000007047	-0.097550516515463
ENSG00000007255	0.0643532952303094
ENSG00000104881	0.0343713585567254
ENSG00000125740	-0.20868975675784
ENSG00000125753	-0.123630439018373
ENSG00000125741	-0.0325772328340089
ENSG00000177464	-0.494277431965743
ENSG00000010310	0.149240692467221
ENSG00000177045	-0.053742996123546
ENSG00000170604	0.0955940045606462
ENSG00000008438	-0.110066849528138
ENSG00000268879	-0.0685880703375549
ENSG00000124440	-0.300399981184647
ENSG00000011485	-0.110118424230742
ENSG00000160013	-0.211250338078921
ENSG00000197380	0.205128556683334
ENSG00000090372	0.0222419418408968
ENSG00000105281	-0.0010067392722459
ENSG00000160007	-0.0467604955561056
ENSG00000105327	0.0391529142683665
ENSG00000197405	-0.113482650476491
ENSG00000134830	-0.0577767394037338
ENSG00000118162	0.0181390161569001
ENSG00000268061	-0.0387093082804616
ENSG00000105402	-0.0883951766899881
ENSG00000063169	-0.0390833308855954
ENSG00000024422	-0.0720434018744824
ENSG00000178980	0.122827460700423
ENSG00000105499	0.350946857986588
ENSG00000105483	0.0286373736068907
ENSG00000268583	0.321649347383138
ENSG00000268001	0.0789750864862396
ENSG00000142227	0.105960872565173
ENSG00000105447	0.018384652957023
ENSG00000182324	0.177336932677011
ENSG00000105443	-0.0319092190089524
ENSG00000063177	0.158656098026475
ENSG00000105516	0.0165129628881635
ENSG00000142233	0.116524472934504
ENSG00000176920	0.0281849206751955
ENSG00000105538	-0.111618652583337
ENSG00000174951	-0.0643063666448817
ENSG00000105552	-0.0300809070203542
ENSG00000087076	0.123010856658632
ENSG00000105559	0.190572259520521
ENSG00000087074	-0.507339988244914
ENSG00000104805	-0.0882463064622322
ENSG00000104808	-0.0833227049548444
ENSG00000104812	-0.25658339571088
ENSG00000183207	-0.0673811446538243
ENSG00000130528	-0.252769630175982
ENSG00000130529	-0.0232276433322373
ENSG00000104894	0.237644117390596
ENSG00000074219	-0.149848423681038
ENSG00000104872	0.122330377898679
ENSG00000161618	0.143102932129843
ENSG00000090554	-0.0305581597714864
ENSG00000142534	0.152848486976399
ENSG00000104870	0.130925132757573
ENSG00000142552	0.141138233851346
ENSG00000126458	0.0437690505867095
ENSG00000126461	0.0402167926995796
ENSG00000126457	-0.0756472889624951
ENSG00000224420	-0.231821183878136
ENSG00000196961	-0.107506725772373
ENSG00000010361	0.134998663587465
ENSG00000104973	0.0581720518440762
ENSG00000268006	-0.204470115737359
ENSG00000104960	0.0644686491422015
ENSG00000204673	0.0146722426808316
ENSG00000104946	0.143725752896378
ENSG00000104951	-0.0243442387216773
ENSG00000169136	-0.226908497108245
ENSG00000142528	0.0425561207476378
ENSG00000062822	0.00981238693768926
ENSG00000161671	0.0284995285728949
ENSG00000213023	0.0523180725646114
ENSG00000235034	0.178550215557028
ENSG00000167747	-0.124176956768918
ENSG00000167755	0.329291032159716
ENSG00000129450	0.0644441940842925
ENSG00000168995	0.092762534391069
ENSG00000160318	0.308678781013232
ENSG00000105374	0.0123387053830298
ENSG00000269959	0.148742599373865
ENSG00000182310	0.0308670715316751
ENSG00000105509	-0.0729410327254607
ENSG00000171051	-0.141235737713964
ENSG00000161551	0.19774292257159
ENSG00000256087	-0.0269372141078021
ENSG00000260160	-0.0611693664589656
ENSG00000204611	0.0941172872399905
ENSG00000105568	-0.0894848865510283
ENSG00000167555	-0.088918205789294
ENSG00000123870	0.112279788855815
ENSG00000288953	0.208594867828324
ENSG00000198538	0.0527428179216054
ENSG00000182986	-0.107286239787146
ENSG00000213793	0.0626858986268286
ENSG00000130844	0.0251559756691298
ENSG00000105605	0.051903730644765
ENSG00000170909	0.0233698319170475
ENSG00000105619	0.00384971027175568
ENSG00000170892	-0.0237835203718985
ENSG00000170889	0.175747019962499
ENSG00000204577	-0.295000791656586
ENSG00000235081	-0.121676015080684
ENSG00000244482	-0.289187007192037
ENSG00000105609	0.0430976667983552
ENSG00000131042	-0.214373398033948
ENSG00000187116	-0.332987908033971
ENSG00000239961	0.364175606634783
ENSG00000167613	0.0802467434286128
ENSG00000167614	0.0499999701949836
ENSG00000235681	-0.0630547806543918
ENSG00000275183	0.14792691641588
ENSG00000167617	0.010932321292335
ENSG00000104974	0.0996113149631529
ENSG00000225370	-0.0206534309333079
ENSG00000022556	-0.130060820921423
ENSG00000287170	-0.136039809756743
ENSG00000160469	0.121832892959526
ENSG00000108107	0.155661896479158
ENSG00000108106	-0.0290107864442341
ENSG00000197483	-0.088731657796665
ENSG00000179954	0.0208337247949179
ENSG00000179943	0.0276990228899005
ENSG00000171443	0.196629701121804
ENSG00000179922	0.232019722370693
ENSG00000213015	0.0307180807657125
ENSG00000173581	-0.0670981456166114
ENSG00000279794	0.0307023170481791
ENSG00000196263	0.0860541269402983
ENSG00000267224	0.39484884460422
ENSG00000197016	0.0883929768708525
ENSG00000268182	-0.0916662174878203
ENSG00000105146	0.27172394727807
ENSG00000204524	-0.196578278575263
ENSG00000131845	-0.244664316441039
ENSG00000256060	0.137789049506711
ENSG00000188785	-0.00749490622688989
ENSG00000186230	-0.0380874207378228
ENSG00000105136	0.170786459129129
ENSG00000083817	0.13509918618917
ENSG00000171649	0.00111611202647879
ENSG00000183647	-0.0347803916810427
ENSG00000204519	0.00543137453093927
ENSG00000083828	-0.000874654071139215
ENSG00000269343	0.0235556713156906
ENSG00000196724	0.279718421256563
ENSG00000152454	0.0840055538973309
ENSG00000166704	0.0665394656585738
ENSG00000152467	0.0159148324056237
ENSG00000121413	-0.102400706008328
ENSG00000269236	0.15575743740595
ENSG00000278129	0.0398095069306323
ENSG00000283103	0.0222761007969887
ENSG00000182318	0.00299447077872909
ENSG00000268049	0.114409159851557
ENSG00000269054	0.0836581504305526
ENSG00000083845	0.0352434825654208
ENSG00000171574	0.0446095649604639
ENSG00000083812	-0.118291912603296
ENSG00000083838	-0.00939562964791605
ENSG00000083807	0.0981401227193735
ENSG00000130726	0.0172068742249955
ENSG00000130724	0.0920301211834336
ENSG00000247315	0.193714444436554
ENSG00000286158	0.164029525980107
ENSG00000225377	-0.0740001724506388
ENSG00000125826	0.0401584240511389
ENSG00000125875	0.123213667659167
ENSG00000125878	-0.192242849927829
ENSG00000101276	-0.304059427405082
ENSG00000125775	-0.143315423787329
ENSG00000232528	0.0258492363469469
ENSG00000276649	0.0258361253947142
ENSG00000198053	0.188710188066067
ENSG00000125834	-0.0456987870428552
ENSG00000125835	0.0166006376459934
ENSG00000101361	-0.00559019101279112
ENSG00000215305	0.0417070309312737
ENSG00000132670	0.000832397899160747
ENSG00000185019	-0.0525090321810588
ENSG00000215251	0.023584290359898
ENSG00000198171	0.171922599435242
ENSG00000088854	-0.0195117481166075
ENSG00000149451	-0.100259207617572
ENSG00000088827	0.149672791467629
ENSG00000275491	-0.301176709739113
ENSG00000125843	-0.0468826738003281
ENSG00000125779	0.00950240015216565
ENSG00000101236	0.0149002407163435
ENSG00000088826	-0.197469862856033
ENSG00000089057	-0.0366747732343934
ENSG00000125772	-0.116981815204064
ENSG00000089199	-0.243770944100294
ENSG00000089195	-0.0801398102710009
ENSG00000125885	0.106977713591109
ENSG00000101311	-0.149556126020701
ENSG00000132639	-0.0249600523393709
ENSG00000289505	-0.0768995489712595
ENSG00000261411	0.132023451869634
ENSG00000101247	-0.0361515958978066
ENSG00000125848	0.00520482289169935
ENSG00000226229	0.0614710854343639
ENSG00000089006	0.10066066348782
ENSG00000125871	-0.00938242863654964
ENSG00000149474	0.0750551647356828
ENSG00000232388	0.141815658904574
ENSG00000125821	-0.0542514917700779
ENSG00000185052	-0.0349313233660414
ENSG00000132669	0.012488385964234
ENSG00000214535	-0.311288079274188
ENSG00000289590	0.0854386697022387
ENSG00000289431	0.0530331446361032
ENSG00000178726	-0.729908193880684
ENSG00000279447	-0.156923808499215
ENSG00000125810	-0.448470684001907
ENSG00000132661	-0.214137472241742
ENSG00000232645	0.197304172184348
ENSG00000101439	0.133390248645971
ENSG00000270001	0.351657147513785
ENSG00000225056	0.098445359023856
ENSG00000286117	-0.110818310097295
ENSG00000101463	0.0219209548155849
ENSG00000231015	0.078971421992978
ENSG00000274173	-0.189094648553093
ENSG00000077984	-0.220833115742497
ENSG00000154930	0.120837455349221
ENSG00000100987	-0.264996734421955
ENSG00000100994	-0.0295819962706557
ENSG00000100997	0.102150099972965
ENSG00000101306	0.0537074081102312
ENSG00000179772	0.204256527548263
ENSG00000149599	-0.137285231487726
ENSG00000260903	-0.0288701679622387
ENSG00000101331	0.0982048699878105
ENSG00000101336	-0.0196323832069847
ENSG00000101337	-0.0210314176964954
ENSG00000101346	0.0443403765471846
ENSG00000171456	-0.0219177785377363
ENSG00000286311	0.137624501263496
ENSG00000149600	0.023894082710029
ENSG00000101391	0.0466637538465489
ENSG00000101400	0.0295820707941162
ENSG00000101412	-0.0456174998842445
ENSG00000101417	0.0803411061568452
ENSG00000287853	-0.0837969975177857
ENSG00000277558	-0.0441194451561457
ENSG00000101460	0.0536702064134304
ENSG00000198646	0.0506120354936474
ENSG00000131069	0.203567426633981
ENSG00000100983	-0.0460381703990672
ENSG00000078814	0.149710412530657
ENSG00000100991	-0.0121176202877382
ENSG00000279253	-5.78429715263277e-05
ENSG00000244005	-0.107049037323598
ENSG00000088367	0.120863945331346
ENSG00000131043	0.0226924796766408
ENSG00000118707	-0.0354499739606151
ENSG00000149636	0.135723118268624
ENSG00000149639	0.110365101281238
ENSG00000101347	-0.208299876672817
ENSG00000118705	-0.0325173557901282
ENSG00000101363	-0.0586994931454028
ENSG00000198959	-0.337167208019456
ENSG00000149633	0.313692938193797
ENSG00000277829	-0.0352251213183106
ENSG00000196756	-0.11777954636163
ENSG00000174365	0.065127837830953
ENSG00000101442	0.189385996082084
ENSG00000101445	0.0977613032166479
ENSG00000101447	-0.158248611318395
ENSG00000274825	0.334217734793678
ENSG00000198900	-0.185823793503609
ENSG00000226648	-0.0333176962390552
ENSG00000124181	-0.0329990138777248
ENSG00000174306	0.00914699011361262
ENSG00000242748	-0.120472620290095
ENSG00000132793	-0.0624618614329875
ENSG00000183798	-0.421771584713777
ENSG00000233508	0.107468172035775
ENSG00000124193	0.192203626647146
ENSG00000101052	0.0133108669484191
ENSG00000223891	0.151943014192947
ENSG00000197296	0.184465260798997
ENSG00000196839	0.254381903319415
ENSG00000124102	-0.341121487479344
ENSG00000124107	-0.258910268413375
ENSG00000124145	-0.310245576621988
ENSG00000275894	0.307581696858488
ENSG00000204070	0.100894637903708
ENSG00000232880	0.103879750681002
ENSG00000124155	0.0785718365990764
ENSG00000101457	-0.0632831275237342
ENSG00000168612	0.171261357547286
ENSG00000149634	0.3018405543793
ENSG00000100979	0.313074562583369
ENSG00000100982	0.0181336311385629
ENSG00000198026	0.0757789021685732
ENSG00000100985	-0.184666889108004
ENSG00000124160	0.0526653125751371
ENSG00000101017	-0.0475307145950705
ENSG00000080189	-0.056912764379414
ENSG00000062598	-0.0786507658199883
ENSG00000197496	0.0537066882615563
ENSG00000196562	-0.160606614596288
ENSG00000124126	0.0959992475592179
ENSG00000177410	0.116402632722596
ENSG00000158470	-0.176950378855922
ENSG00000124216	-0.135595102622409
ENSG00000231742	-0.0227574192831448
ENSG00000172216	-0.212279463152812
ENSG00000196396	-0.149428142389822
ENSG00000124217	-0.102209356451096
ENSG00000171940	-0.111950562792553
ENSG00000101132	-0.0124032373949829
ENSG00000101134	0.0164620365189631
ENSG00000124098	0.00578596436397841
ENSG00000213714	-0.119777879833124
ENSG00000288946	0.0703177991904277
ENSG00000101144	-0.135132879325037
ENSG00000226308	-0.0570478969438561
ENSG00000101146	-0.0716190537226161
ENSG00000132819	0.00183438169250064
ENSG00000124225	-0.269309042844472
ENSG00000124164	-0.114082149456044
ENSG00000124172	0.154089084777632
ENSG00000124205	-0.0271896353385431
ENSG00000238194	0.205103401593865
ENSG00000132825	0.0324336503185324
ENSG00000286232	-0.127147162946751
ENSG00000149657	-0.092157758611262
ENSG00000101182	-0.0894188186885249
ENSG00000184402	0.00429454272729905
ENSG00000130703	-0.0527369304498096
ENSG00000130706	-0.132021097583533
ENSG00000130702	-0.330401457749173
ENSG00000273619	0.0491132979385305
ENSG00000171858	0.0953659578474837
ENSG00000101187	-0.631352156427145
ENSG00000232803	-0.0370459277820291
ENSG00000092758	0.0644946912460392
ENSG00000273759	0.531904863051335
ENSG00000101193	0.0294541668500557
ENSG00000225978	0.118526050765942
ENSG00000149658	-0.172129705109073
ENSG00000101198	-0.26413240693636
ENSG00000275620	0.189735939173879
ENSG00000101199	0.110373215282168
ENSG00000101210	0.0613175692031789
ENSG00000125534	-0.190806667867916
ENSG00000101213	-0.051637652993455
ENSG00000275812	0.190608483778405
ENSG00000130589	-0.177172541795562
ENSG00000101216	0.027494777815736
ENSG00000243509	-0.14156949693311
ENSG00000197114	0.0320355182395911
ENSG00000125520	-0.0282387293654413
ENSG00000101152	-0.0228941991092378
ENSG00000101161	-0.0653836268555254
ENSG00000203883	-0.116219200115129
ENSG00000171700	0.117230746497609
ENSG00000203880	-0.0664215655786081
ENSG00000275993	-0.917109041328244
ENSG00000185272	0.0342850906405319
ENSG00000280432	-0.113312382001072
ENSG00000226580	0.128219551249005
ENSG00000154639	0.0315409996847186
ENSG00000154640	-0.160141502228527
ENSG00000260583	-0.274599954573314
ENSG00000154721	-0.104992538175554
ENSG00000237731	0.228145378484339
ENSG00000154723	0.0869294316382407
ENSG00000166265	-0.127809447598932
ENSG00000154734	-0.749233420716938
ENSG00000217026	0.0458227507311956
ENSG00000156239	0.145824231808689
ENSG00000156261	-0.112184973403754
ENSG00000273464	0.134445871931726
ENSG00000174680	0.0225133780394921
ENSG00000156304	-0.0575162021184704
ENSG00000273091	-0.268590180576729
ENSG00000159055	-0.120716296885819
ENSG00000227256	0.0659232364476696
ENSG00000166979	-0.0373363774364143
ENSG00000159082	-0.0575019762341692
ENSG00000205927	-0.02700256704535
ENSG00000184221	0.0470514259024898
ENSG00000159128	-0.0263643002748051
ENSG00000142188	-0.0716797453294015
ENSG00000231355	0.26528325005463
ENSG00000159131	-0.164638585695656
ENSG00000159147	-0.0245702834983154
ENSG00000205726	0.058635977870892
ENSG00000241837	0.14377289548919
ENSG00000198743	-0.103460223633133
ENSG00000185917	0.12878469819412
ENSG00000289001	0.237045533889269
ENSG00000142197	-0.080850369232757
ENSG00000159256	0.0197076223696062
ENSG00000228107	0.16529294432343
ENSG00000159259	-0.105839874392518
ENSG00000224790	-0.0474623413587273
ENSG00000182670	-0.00438151347963611
ENSG00000289404	-0.803944494713991
ENSG00000157557	-0.541513578240201
ENSG00000232837	0.047974774628712
ENSG00000183527	-0.0226299185605464
ENSG00000205581	-0.0932860933982549
ENSG00000182240	-0.08891552303689
ENSG00000183486	-0.0531132770586668
ENSG00000157601	0.127465453564486
ENSG00000160179	-0.0128693115388771
ENSG00000160183	0.0207210485534921
ENSG00000160190	-0.0781394757401437
ENSG00000160191	0.036357020094309
ENSG00000283051	-0.123403901521475
ENSG00000160194	-0.042427091973833
ENSG00000224100	0.0931375188010674
ENSG00000160199	-0.016355935100062
ENSG00000160208	-0.0521252211127326
ENSG00000160213	0.120180264057959
ENSG00000160214	0.0946727223797613
ENSG00000215458	-0.161898384274349
ENSG00000226543	-0.276451637109942
ENSG00000160216	-0.0071600487013372
ENSG00000141959	0.0953527095153008
ENSG00000160233	-0.0834533211160665
ENSG00000227999	0.0941358213774396
ENSG00000184900	0.033625974234603
ENSG00000183255	0.0431758638566672
ENSG00000289009	-0.330061544909819
ENSG00000160256	-0.112683344061613
ENSG00000197381	-0.0649293886076949
ENSG00000223768	0.0670533923692102
ENSG00000173638	-0.090738011690737
ENSG00000280604	-0.0524731118823578
ENSG00000160307	0.221166054237703
ENSG00000160310	0.161111884454298
ENSG00000235478	-0.0167720661214287
ENSG00000069998	0.00307108377799115
ENSG00000236325	-0.272197107392988
ENSG00000099954	-0.0377373965708953
ENSG00000182902	0.052727510698015
ENSG00000236754	0.31104569420351
ENSG00000131100	-0.0435457328876746
ENSG00000015475	0.142778910588057
ENSG00000243156	0.161105640980752
ENSG00000184979	-0.0140891320170931
ENSG00000100033	-0.113991331806768
ENSG00000271275	0.291369250776095
ENSG00000273311	-0.245062054139828
ENSG00000100056	-0.0231895873670069
ENSG00000260924	0.163552231173426
ENSG00000242259	0.0240079471021533
ENSG00000070010	-0.00546735675934119
ENSG00000273300	0.0298127650393916
ENSG00000287652	-0.0767973359332779
ENSG00000184113	-0.259154725885616
ENSG00000093010	0.0875151287773393
ENSG00000128191	0.0586385958171805
ENSG00000099901	-0.118380669101487
ENSG00000128185	0.131682772569592
ENSG00000244486	0.0218885874947744
ENSG00000099917	0.0719821606773927
ENSG00000099942	0.0697391453610036
ENSG00000183773	0.300822721932089
ENSG00000161179	0.0612892402641301
ENSG00000100023	-0.0224348075695247
ENSG00000211644	0.346857129936934
ENSG00000211651	0.138950720347043
ENSG00000211653	0.557914162845301
ENSG00000211660	0.106537704987821
ENSG00000211662	0.104807282629119
ENSG00000211663	0.32510302519993
ENSG00000211666	0.0825462607995841
ENSG00000211668	0.14852000771799
ENSG00000278196	0.288068674804994
ENSG00000211673	0.189306856171755
ENSG00000211675	0.731058319546297
ENSG00000211677	0.486769950531146
ENSG00000211679	0.426503309755982
ENSG00000230701	-0.342990999452952
ENSG00000234928	0.104560263327045
ENSG00000225413	-0.268179291282068
ENSG00000099956	-0.140902596064245
ENSG00000099998	-0.163649556607967
ENSG00000128262	-0.0218992878936345
ENSG00000100014	-0.0132026776375134
ENSG00000100024	-0.0668407828340264
ENSG00000138867	0.00751822663916994
ENSG00000178026	0.0709167324819804
ENSG00000272977	0.295158859186791
ENSG00000100099	0.0354110729743219
ENSG00000100109	-0.0681149173377248
ENSG00000128294	-0.111955219639523
ENSG00000180957	0.0104509610543543
ENSG00000235954	0.0422485807888914
ENSG00000159873	-0.055726901901813
ENSG00000100219	-0.649572395358694
ENSG00000183579	-0.0790163418639505
ENSG00000100249	-0.222113211863628
ENSG00000186998	0.139397180551607
ENSG00000182944	-0.0999314190105338
ENSG00000185340	-0.0970428028179741
ENSG00000100280	-0.101762050810641
ENSG00000100285	-0.324751614544524
ENSG00000100296	0.0182840409906917
ENSG00000100330	0.00232146884877283
ENSG00000227201	-0.25860953246303
ENSG00000099985	-0.269208492539571
ENSG00000239282	-0.23156058858212
ENSG00000099992	-0.39647322260028
ENSG00000099995	-0.237220403658632
ENSG00000099999	-0.00103788490796082
ENSG00000242114	-0.364222081403995
ENSG00000100029	0.00299304465910254
ENSG00000185339	-0.245418226416248
ENSG00000100036	0.00905024548505037
ENSG00000250318	0.275683488757369
ENSG00000184792	0.0395459859692868
ENSG00000133422	-0.0290317015315873
ENSG00000185133	-0.0650477062083647
ENSG00000138942	0.0106532387404037
ENSG00000182541	-0.120643311202268
ENSG00000100100	0.169836879577041
ENSG00000100105	-0.0332643671940549
ENSG00000241878	-0.0298602601834301
ENSG00000128254	-0.0767411744708845
ENSG00000128245	-0.0974830207402819
ENSG00000100234	-0.256890515458917
ENSG00000100284	0.0136628389836838
ENSG00000221963	-0.159273847638985
ENSG00000128284	-0.114234932084335
ENSG00000100336	-0.238779600847567
ENSG00000128335	-0.0308035065624414
ENSG00000100342	-0.273936142550063
ENSG00000100348	-0.057067866602041
ENSG00000100350	0.390513171110521
ENSG00000286485	-0.13833342381824
ENSG00000100365	0.000235337512914524
ENSG00000100368	-0.0492647709849543
ENSG00000128311	0.19325098388096
ENSG00000201078	-0.0332409931350651
ENSG00000133466	0.118696913027493
ENSG00000278195	-0.0203762238443409
ENSG00000128340	-0.141637324697109
ENSG00000100060	0.156762002651312
ENSG00000241360	0.196720955657329
ENSG00000273899	0.139549672243055
ENSG00000100124	-0.0298204924102431
ENSG00000272582	0.050955256735982
ENSG00000273214	0.332390812131677
ENSG00000100151	0.125459789998711
ENSG00000185022	-0.409348879365072
ENSG00000198792	-0.0327272855573111
ENSG00000100196	-0.0388552798652062
ENSG00000100221	-0.0897520590310638
ENSG00000100226	-0.107199113162261
ENSG00000100242	0.183010001732432
ENSG00000273096	0.100605157522226
ENSG00000183741	0.0545404198198817
ENSG00000128383	-0.165557013074073
ENSG00000244509	0.0373546235333192
ENSG00000279833	0.277244109623014
ENSG00000100316	0.122869559993916
ENSG00000280216	-0.231350768757905
ENSG00000100324	0.0499496549586334
ENSG00000261202	-0.0106053971427867
ENSG00000239900	-0.0191197335776537
ENSG00000196588	-0.0655821964183659
ENSG00000128285	-0.0181649584815645
ENSG00000196236	-0.047818921287057
ENSG00000100387	0.164334125590277
ENSG00000213857	0.0457351404089761
ENSG00000100395	0.0789719325908447
ENSG00000100399	0.0682678640194362
ENSG00000100401	-0.0931132581048639
ENSG00000273424	0.222635351345927
ENSG00000183864	0.0563105049877591
ENSG00000100412	-0.218701209018536
ENSG00000196419	-0.0781727181425075
ENSG00000184208	-0.0958974991508735
ENSG00000198911	0.170381611119145
ENSG00000159958	0.0710390243044222
ENSG00000205704	0.155916005129289
ENSG00000198951	0.039694639764757
ENSG00000183172	0.114422122345858
ENSG00000100207	-0.0584233503399832
ENSG00000100227	0.0413883407396274
ENSG00000100243	0.0078054736823747
ENSG00000128274	-0.189192717301316
ENSG00000100266	-0.0825523568849551
ENSG00000100300	0.280064273758713
ENSG00000130540	0.0439276412204856
ENSG00000100347	-0.0430920868499678
ENSG00000188677	-0.139151259684092
ENSG00000138944	0.0599185316581032
ENSG00000186654	-0.193782569559821
ENSG00000056487	-0.0923729755905866
ENSG00000100364	0.158962896081882
ENSG00000077942	-0.106552637790966
ENSG00000188064	0.0543787017326507
ENSG00000273145	0.13908685613166
ENSG00000231711	-0.069263596809582
ENSG00000182257	-0.00429691899678172
ENSG00000273289	0.2754217045489
ENSG00000186951	0.0140535405306407
ENSG00000130943	-0.00817674853627571
ENSG00000075234	0.0672660522117392
ENSG00000100416	0.070495232117601
ENSG00000075240	0.00993434238907743
ENSG00000287225	0.121078014596656
ENSG00000205632	-0.119446469604281
ENSG00000100425	-0.0293506362922772
ENSG00000279345	-0.102605503290868
ENSG00000100426	0.0456410253157829
ENSG00000198355	-0.16143726648444
ENSG00000100427	0.17173601358867
ENSG00000073150	0.0573818302700215
ENSG00000273253	-0.0348916158375699
ENSG00000272836	-0.196731982172277
ENSG00000188130	-0.183446119603514
ENSG00000196576	-0.0416024681432423
ENSG00000100239	-0.0680796664991785
ENSG00000100241	0.17274051949059
ENSG00000025770	0.037001928423186
ENSG00000284194	0.103236520873104
ENSG00000025708	0.0604072835465841
ENSG00000177989	0.0430003168199046
ENSG00000100288	0.177838696353324
ENSG00000100312	-0.0376884928341018
ENSG00000185291	-0.101826157069896
ENSG00000169093	-0.0464247245962721
ENSG00000197976	0.106667965922702
ENSG00000214717	0.104000954848102
ENSG00000002586	0.0644829847589415
ENSG00000056998	0.121462156946091
ENSG00000006756	0.191155832983856
ENSG00000157399	0.0375938423537943
ENSG00000062096	-0.010611340477695
ENSG00000228459	-0.107092121756202
ENSG00000183943	-0.0113207548953389
ENSG00000101849	-0.0175874681689516
ENSG00000101850	-0.0484780739108806
ENSG00000047644	-0.00417327670932808
ENSG00000005302	0.0637415278331887
ENSG00000101911	0.0264686575860392
ENSG00000197582	0.542919598135262
ENSG00000196459	-0.0426682232835506
ENSG00000165195	-0.102770298944994
ENSG00000186312	0.099136381687673
ENSG00000169239	0.0376978058785107
ENSG00000279413	0.479923998776237
ENSG00000086712	0.032049613948189
ENSG00000169891	-0.0317979605041938
ENSG00000047634	-0.242137232765187
ENSG00000131831	-0.0546693467136676
ENSG00000008086	-0.0741927957435688
ENSG00000147010	0.0293803382598294
ENSG00000177189	-0.164274429745209
ENSG00000165186	-0.000146785219599248
ENSG00000123130	-0.0327099295221197
ENSG00000130066	-0.128902418382446
ENSG00000005889	-0.0489335420184374
ENSG00000067992	0.0224555419524585
ENSG00000004848	-0.0248963812152134
ENSG00000147027	-0.129771717649226
ENSG00000165168	0.264170083598348
ENSG00000165169	-0.11382768105149
ENSG00000156313	-0.241343326263219
ENSG00000165175	0.303664366917774
ENSG00000185753	0.000304110261313163
ENSG00000189221	-0.136384203379435
ENSG00000069535	0.104168771735651
ENSG00000124479	0.0465432693880528
ENSG00000270069	0.0250266744336063
ENSG00000230844	-0.159562703625249
ENSG00000147119	-0.151358477485449
ENSG00000130988	0.116415638036749
ENSG00000130985	0.0352684403547498
ENSG00000224975	-0.189664443118524
ENSG00000078061	0.000684144763405911
ENSG00000102265	-0.014803892375333
ENSG00000126759	-0.131771779680843
ENSG00000126756	0.249418283465178
ENSG00000017483	0.122862632035868
ENSG00000068438	0.0831813453054435
ENSG00000147155	0.115677943599929
ENSG00000102317	-0.182174243370769
ENSG00000101945	-0.0215097890720932
ENSG00000102103	0.0314578592535565
ENSG00000102100	-0.0578859135909141
ENSG00000102096	-0.00472577012326298
ENSG00000068308	-0.136232898839292
ENSG00000288908	0.0313157438069428
ENSG00000102057	-0.168328713062047
ENSG00000068323	-0.0771861455695974
ENSG00000243279	-0.0459309313850085
ENSG00000196998	0.0744618950244655
ENSG00000068394	-0.0948007687582439
ENSG00000102007	-0.0751851831562214
ENSG00000012211	-0.0404131720487886
ENSG00000102003	-0.0134371986550882
ENSG00000049769	0.0128105976264011
ENSG00000122824	0.0964900907745468
ENSG00000179222	-0.164969011499155
ENSG00000224781	-0.0943217161414002
ENSG00000184205	-0.326495099168371
ENSG00000126012	-0.118319339807546
ENSG00000233250	-0.369731005390679
ENSG00000184083	0.0417727067822268
ENSG00000158526	-0.110289082782048
ENSG00000102302	-0.0903742771284771
ENSG00000102316	-0.0109892116902167
ENSG00000169188	0.131406810764469
ENSG00000158578	-0.229454725400254
ENSG00000182518	0.130435940408348
ENSG00000256045	0.128701809983129
ENSG00000247746	0.00912018073833653
ENSG00000188021	0.068660862300839
ENSG00000204272	-0.0841743760369207
ENSG00000204271	0.00133103012031407
ENSG00000235437	-0.0373282804066957
ENSG00000102053	0.0297566479549493
ENSG00000228158	-0.381342511704978
ENSG00000147065	-0.103804896211471
ENSG00000274536	0.150321765169854
ENSG00000155659	0.37875171014144
ENSG00000089472	-0.0310768346492219
ENSG00000079482	-0.0537603783496226
ENSG00000130052	-0.137204572997278
ENSG00000090776	-0.121551322307085
ENSG00000130054	-0.0860797814660073
ENSG00000089289	0.115630997593778
ENSG00000147127	0.0925913907021596
ENSG00000147164	-0.0211884865198786
ENSG00000184481	0.11648018440998
ENSG00000147168	-0.179464470317213
ENSG00000196338	-0.0222051698832076
ENSG00000147162	0.0300777142353642
ENSG00000147174	0.0869311716496799
ENSG00000198034	0.189599974475603
ENSG00000125931	-0.202946876295739
ENSG00000067177	-0.00155063574802583
ENSG00000186288	-0.0333584171093909
ENSG00000204118	-0.0813084417515805
ENSG00000186462	-0.260498097034885
ENSG00000203397	-0.271767335143437
ENSG00000234969	0.00549607752584558
ENSG00000271533	-0.0981087951955951
ENSG00000147100	-0.0152050756123646
ENSG00000131269	0.0305986738525359
ENSG00000102390	0.0241654241724626
ENSG00000078596	-0.465488068617858
ENSG00000198157	-0.03990490438387
ENSG00000131171	-0.0580383866058146
ENSG00000147180	-0.194576636833062
ENSG00000186310	0.0975214937341062
ENSG00000000003	-0.0424089955382746
ENSG00000102359	-0.130709905105527
ENSG00000102362	0.0166567168519043
ENSG00000101811	-0.0526167646502179
ENSG00000241343	0.172494497193347
ENSG00000102393	-0.00825402245743908
ENSG00000196440	0.0140095496071724
ENSG00000102401	-0.118397251397682
ENSG00000286000	-0.0456438221172973
ENSG00000184867	0.174119739721241
ENSG00000184515	-0.226209054678494
ENSG00000125962	-0.122821596569008
ENSG00000271147	0.0260501759760303
ENSG00000198932	-0.130162531473279
ENSG00000158301	-0.141760862355447
ENSG00000133169	0.0781496184927715
ENSG00000204065	-0.140595638076995
ENSG00000133142	-0.0382768128413343
ENSG00000123562	-0.0172354167786861
ENSG00000179363	-0.00403150061440856
ENSG00000089682	0.0931836370441214
ENSG00000157514	-0.0670891333506418
ENSG00000176076	0.184728611215169
ENSG00000068366	-0.219364022294212
ENSG00000289365	-0.068252061774914
ENSG00000157600	-0.0543024185913502
ENSG00000101938	0.0351229152370857
ENSG00000126016	-0.00870493473528285
ENSG00000147251	-0.0377548115360438
ENSG00000131724	0.0501680185645237
ENSG00000077713	-0.0384859791851599
ENSG00000224281	0.219868301387483
ENSG00000005022	0.00535939636555636
ENSG00000186416	-0.0657359261783993
ENSG00000125352	0.119614983398715
ENSG00000125356	0.171921683715194
ENSG00000232149	0.166580952625355
ENSG00000232599	-0.147639967744665
ENSG00000122126	0.00731415790380789
ENSG00000171388	0.202497365524511
ENSG00000122122	0.0796446856691403
ENSG00000156697	-0.0192348708692061
ENSG00000085185	-0.0883903814565926
ENSG00000156709	0.000412048367621328
ENSG00000147256	-0.0209025000847965
ENSG00000076716	0.0120636291731899
ENSG00000203952	0.0134731717395315
ENSG00000165704	-0.134885611800311
ENSG00000223749	0.00948526251534938
ENSG00000156504	-0.14741920087592
ENSG00000184785	-0.0181626349809511
ENSG00000203950	0.176199671809953
ENSG00000196972	0.0564699473831549
ENSG00000173275	0.0177240983688824
ENSG00000178947	0.0465054217402396
ENSG00000102241	-0.0141665951134689
ENSG00000129675	0.0115805175370602
ENSG00000230707	-0.130940856517583
ENSG00000134595	-0.415652524196437
ENSG00000231686	-0.0314033301241663
ENSG00000197021	-0.0160357366520217
ENSG00000013619	-0.0498561241790791
ENSG00000171100	-0.0741258972438788
ENSG00000102181	0.0187160090718279
ENSG00000029993	-0.0247384352732725
ENSG00000102287	-0.238649915727361
ENSG00000198930	-0.0683663216091903
ENSG00000147394	0.0248591952150329
ENSG00000286939	-0.186507133840239
ENSG00000182492	0.0375860898898867
ENSG00000262919	0.0148103243808025
ENSG00000130821	0.0828653896622598
ENSG00000198753	0.284384243169234
ENSG00000067829	0.0741494379729722
ENSG00000067840	0.100949936920178
ENSG00000102032	0.303883657210626
ENSG00000177854	0.174101234776654
ENSG00000184216	0.166400274270819
ENSG00000169057	-0.0309938538894209
ENSG00000102119	-0.20906587111658
ENSG00000147403	0.167552805416275
ENSG00000013563	-0.244910540841345
ENSG00000071553	-0.0245748682317436
ENSG00000126903	-0.118942576297902
ENSG00000160211	-0.0974517537923694
ENSG00000269335	-0.0670272668981334
ENSG00000130830	0.00230790881163225
ENSG00000155961	0.103448091285728
ENSG00000155962	-0.115821023849504
ENSG00000114374	-0.0410569782706674
ENSG00000154620	0.0604565105346069
ENSG00000209082	0.0344846551117149
ENSG00000210100	-0.642694015163804
ENSG00000210117	-0.634120002437133
ENSG00000210140	-0.60513281174925
ENSG00000210144	-0.0603410578289458
ENSG00000198804	-0.0324557352956458
ENSG00000210154	-0.118487449118704
ENSG00000198938	0.0113257493457755
ENSG00000210164	-0.0524619350942162
ENSG00000210191	0.473029022802954
ENSG00000210194	-0.0651813861533098
ENSG00000210195	0.829297116989415
