Gene	Value
ENSG00000269981	0.358188272370941
ENSG00000237973	-0.214151302531327
ENSG00000225880	-0.466234957364605
ENSG00000223764	-0.301843833313183
ENSG00000188976	-0.139548892845644
ENSG00000187961	-0.127330795100597
ENSG00000187608	0.215272920469821
ENSG00000188157	0.222006541320434
ENSG00000217801	-0.319377191762452
ENSG00000131591	-0.0362153759251595
ENSG00000186891	-0.170937600522748
ENSG00000078808	-0.0238768146472393
ENSG00000176022	-0.309380627070964
ENSG00000184163	0.0436045410775172
ENSG00000230415	0.0789712564710283
ENSG00000162572	0.196596252630419
ENSG00000131584	0.103003395316931
ENSG00000169972	-0.28156003518405
ENSG00000162576	-0.053259312705509
ENSG00000224870	0.140508285321957
ENSG00000242485	-0.147010327839525
ENSG00000272455	-0.395290905933794
ENSG00000225905	0.216520503143727
ENSG00000225285	-0.38069302540086
ENSG00000197785	-0.288913333029332
ENSG00000228594	0.0806584500199573
ENSG00000286989	-0.1902746332565
ENSG00000272106	0.00270204933631296
ENSG00000248333	0.177075495748933
ENSG00000008130	-0.125509336155985
ENSG00000067606	-0.0952300268053063
ENSG00000287356	-0.198307144406939
ENSG00000269896	-0.179487109323289
ENSG00000157916	-0.0559817114876053
ENSG00000157911	0.216740519402778
ENSG00000149527	0.182416068988575
ENSG00000157881	-0.083318935290179
ENSG00000197921	-0.0235093422266454
ENSG00000238164	0.519890406911992
ENSG00000177133	0.00506643454960777
ENSG00000162591	-0.00934363119415983
ENSG00000238260	-0.775657507193004
ENSG00000116213	-0.145917864541142
ENSG00000227372	0.0259509577915759
ENSG00000235169	-0.0580981500044007
ENSG00000130764	-0.0976947635377228
ENSG00000272153	-0.406575575474495
ENSG00000169598	-0.0231019806690549
ENSG00000198912	-0.116171929034494
ENSG00000196581	0.125947334218594
ENSG00000116254	0.0270166398641896
ENSG00000226944	-0.0910534662252875
ENSG00000158286	-0.00562192672399029
ENSG00000158292	0.165372723348123
ENSG00000097021	-0.0849671886946256
ENSG00000271746	0.168012893862452
ENSG00000162408	-0.0203085679219805
ENSG00000162413	-0.0940809146454096
ENSG00000116273	-0.310551809198466
ENSG00000007923	0.0661192562577502
ENSG00000270171	0.468686557675181
ENSG00000269978	0.671793517875296
ENSG00000049246	0.149864700865859
ENSG00000142599	-0.0243368553069381
ENSG00000074800	-0.302410185129047
ENSG00000228526	-0.0105365310007985
ENSG00000171621	0.00621924368492442
ENSG00000171612	0.26915687375671
ENSG00000188807	0.0292217082896293
ENSG00000171608	0.00767845120856963
ENSG00000178585	-0.0204501274709016
ENSG00000173614	-0.034767296612264
ENSG00000284735	-0.0132437819525905
ENSG00000284642	-0.086646833502354
ENSG00000142657	-0.0376823057887478
ENSG00000120948	0.00184420952778448
ENSG00000009724	0.276652585735354
ENSG00000116649	-0.252165435859902
ENSG00000230337	-0.0748921640720831
ENSG00000284708	0.0157358029218822
ENSG00000116663	-0.112989325370346
ENSG00000116670	-0.330851024187795
ENSG00000177674	-0.0420605008449162
ENSG00000011021	-0.011197042052699
ENSG00000175206	-0.67532051629963
ENSG00000116691	-0.158907706215653
ENSG00000028137	0.375586701333639
ENSG00000048707	0.010010507869306
ENSG00000162496	0.165045464299628
ENSG00000288927	0.354677941239427
ENSG00000162493	0.174383669400916
ENSG00000142634	-0.660285464692399
ENSG00000132906	0.190998941136708
ENSG00000116771	-0.0955695949688494
ENSG00000197312	-0.0473314901782663
ENSG00000065526	0.195213868488097
ENSG00000116809	0.000827911873797064
ENSG00000183888	0.665958612625394
ENSG00000142632	-0.0681574748112065
ENSG00000157191	0.142794083630538
ENSG00000226029	0.1129976196554
ENSG00000080947	-0.128500595341645
ENSG00000179051	0.0808173183344457
ENSG00000117154	-0.0162555118769454
ENSG00000179023	-0.0360647291524578
ENSG00000159423	0.20951327848432
ENSG00000127463	-0.10721455425727
ENSG00000053372	-0.346660404654271
ENSG00000211454	0.0645910164616323
ENSG00000270728	0.196617591370861
ENSG00000053371	0.0633917863900822
ENSG00000040487	-0.0691848584665031
ENSG00000077549	0.0497298958570379
ENSG00000158747	-0.189930348121562
ENSG00000188257	-0.462671594505496
ENSG00000227066	-0.0590357106076805
ENSG00000162543	0.219341678284293
ENSG00000236963	0.0240087545247663
ENSG00000162545	0.0276372934201026
ENSG00000090432	-0.0694760785175715
ENSG00000183114	0.0745399758951862
ENSG00000158825	-0.113270837486548
ENSG00000117242	-0.0534011460309928
ENSG00000244038	0.0219319959395959
ENSG00000075151	-0.0430219506368276
ENSG00000117298	-0.0306417486578004
ENSG00000076864	-0.119409604455926
ENSG00000090686	0.0503586429046366
ENSG00000142798	-0.249994355082868
ENSG00000070831	-0.0877179487618437
ENSG00000184677	-0.116177399469232
ENSG00000070886	0.10998768113437
ENSG00000173372	0.525583630824633
ENSG00000159189	0.792544831432485
ENSG00000173369	0.663745331795804
ENSG00000261326	-0.185890464716305
ENSG00000249087	-0.221454086101299
ENSG00000088280	-0.00616249764618673
ENSG00000117318	-0.721589663211647
ENSG00000057757	-0.12185214315509
ENSG00000117308	-0.114471961558467
ENSG00000117305	0.154533713663559
ENSG00000189266	-0.056139182227322
ENSG00000185436	0.0656792579879708
ENSG00000001461	0.356855002042188
ENSG00000288982	-0.33964608560206
ENSG00000117602	-0.161312591974616
ENSG00000133226	0.165285439238668
ENSG00000233419	0.737219959639916
ENSG00000284602	-0.0382927114720361
ENSG00000117616	-0.0763791787277465
ENSG00000224183	-0.111107098282573
ENSG00000204178	-0.0935332954374795
ENSG00000117643	-0.133410468967826
ENSG00000162430	0.047360648240854
ENSG00000117640	-0.0447553166497798
ENSG00000117632	0.0484072607805617
ENSG00000229786	0.307066931648109
ENSG00000158008	-0.0614665795187112
ENSG00000197245	0.00139403162628604
ENSG00000130695	0.177777799685554
ENSG00000142669	0.0658735904312801
ENSG00000169442	0.0231727206573769
ENSG00000117682	0.0615522944637708
ENSG00000198830	0.121049385136933
ENSG00000117676	0.0803033759385801
ENSG00000260063	0.135236598374257
ENSG00000060642	-0.0951836558237216
ENSG00000204160	-0.164642896987058
ENSG00000175793	0.0247436135614612
ENSG00000142751	-0.0021692916414766
ENSG00000289554	0.571059950604862
ENSG00000090273	-0.173000102013414
ENSG00000253368	0.0606003552876618
ENSG00000158246	-0.796206268781341
ENSG00000090020	-0.164683356096672
ENSG00000142784	0.00974203009843277
ENSG00000243659	0.218023674472514
ENSG00000186501	-0.210414134217431
ENSG00000142733	0.0112795336127019
ENSG00000142748	-0.218576357123431
ENSG00000158195	0.191491716886365
ENSG00000126709	0.275205072560962
ENSG00000270031	-0.780603665598105
ENSG00000117751	0.0748505658546644
ENSG00000130775	0.401227582176788
ENSG00000117748	-0.137712898218634
ENSG00000158156	0.120557514100463
ENSG00000169403	0.116314619449052
ENSG00000130770	0.0798681523987485
ENSG00000130766	-0.498116153785155
ENSG00000130772	-0.34016684296805
ENSG00000180198	-0.380470717164019
ENSG00000242125	-0.460045926832172
ENSG00000200087	-0.550952671913229
ENSG00000197989	-0.165348758611654
ENSG00000278274	-0.332939095889918
ENSG00000120656	-0.196963349722377
ENSG00000188060	0.434555336010759
ENSG00000229388	0.101653783186342
ENSG00000198492	-0.131230683178237
ENSG00000116350	0.0476930485459226
ENSG00000116353	-0.0668626512188426
ENSG00000162511	0.633929474504981
ENSG00000121766	0.0490553332023293
ENSG00000168528	0.0693325677505215
ENSG00000162517	-0.168409981811377
ENSG00000134668	0.0595090450846519
ENSG00000184007	0.163745740188454
ENSG00000160051	-0.192751603328178
ENSG00000160055	-0.166148973708303
ENSG00000084623	-0.120042867257308
ENSG00000183615	-0.630857212950523
ENSG00000162526	0.0650833811785166
ENSG00000160058	-0.0224577093487554
ENSG00000273274	0.157525184011119
ENSG00000162521	0.121174497052745
ENSG00000162520	0.179409644912295
ENSG00000134684	-0.24791852524951
ENSG00000116497	0.0304035798722968
ENSG00000160097	0.36597485362766
ENSG00000116514	-0.0102846572897791
ENSG00000142920	0.252701013833959
ENSG00000278997	0.262888252439683
ENSG00000116525	0.224721429099099
ENSG00000160094	0.0402685876712594
ENSG00000225313	0.0538775799992458
ENSG00000134686	0.0612378824261954
ENSG00000121903	-0.139555254063359
ENSG00000163866	-0.105953351399787
ENSG00000116544	0.0278769548050718
ENSG00000241014	0.335042627562704
ENSG00000163867	0.0343419836935773
ENSG00000284640	-0.14769552908088
ENSG00000142687	0.00351573453695287
ENSG00000116819	0.0458142985072135
ENSG00000126067	-0.0635451445425706
ENSG00000142686	-0.240170880779185
ENSG00000134698	0.0448836601276251
ENSG00000092847	0.0664569183688612
ENSG00000116863	0.00774081047780307
ENSG00000171812	-0.292183459958015
ENSG00000054116	-0.142445412209233
ENSG00000116871	0.0432761195049023
ENSG00000214193	-0.0783178540501023
ENSG00000196182	-0.075161194152125
ENSG00000116885	-0.0312544907966388
ENSG00000119535	0.471732710965939
ENSG00000163877	-0.0183290733984606
ENSG00000237749	0.118737248905238
ENSG00000183317	-0.136436064985129
ENSG00000196449	0.055629406693206
ENSG00000183431	-0.0560417620889078
ENSG00000183386	-0.130409179710652
ENSG00000183520	-0.222676719666859
ENSG00000116954	-0.185318144800097
ENSG00000214114	-0.23137007691853
ENSG00000158315	0.129569536163031
ENSG00000183682	0.368131446944409
ENSG00000243970	0.030765903062425
ENSG00000116981	0.245612615610893
ENSG00000116983	0.400037775358031
ENSG00000131236	-0.095592609891665
ENSG00000117000	0.0372654432026639
ENSG00000259943	-0.0696832490940659
ENSG00000084073	-0.147430079444892
ENSG00000084070	0.266256520551682
ENSG00000260920	-0.288732094672792
ENSG00000279667	-0.251725227006686
ENSG00000164002	0.0626792111030725
ENSG00000117010	-0.0927839557794378
ENSG00000117016	0.231572429460619
ENSG00000066136	-0.0953541098571931
ENSG00000171793	-0.333017111302974
ENSG00000010803	-0.0930504815498697
ENSG00000230638	-0.0155638239299983
ENSG00000198815	-0.0357164316850089
ENSG00000066185	0.0703994235870477
ENSG00000171960	-0.0642006440225559
ENSG00000117385	-0.0812996303821375
ENSG00000164010	0.144444890661333
ENSG00000164011	-0.00508892324249889
ENSG00000117395	-0.229090093350001
ENSG00000117400	0.0774540917515729
ENSG00000234694	-0.191261295557315
ENSG00000288772	-0.29670821904079
ENSG00000159479	0.0845040972389278
ENSG00000126091	-0.160741216415812
ENSG00000132768	0.0339522587653074
ENSG00000117410	-0.188033610317226
ENSG00000117411	-0.0454270000492213
ENSG00000159214	0.124216137668289
ENSG00000117419	-0.0933141363542028
ENSG00000187147	-0.0503677633229063
ENSG00000198520	-0.0307561857187659
ENSG00000142937	-0.279702388404439
ENSG00000173846	0.222183250174848
ENSG00000222009	0.160885939976222
ENSG00000117425	-0.106005349194615
ENSG00000070785	-0.130247129814799
ENSG00000126107	0.0850435235620173
ENSG00000126088	0.0135961121656069
ENSG00000281912	0.314514425442415
ENSG00000186603	0.453648923194251
ENSG00000132781	0.0533631611753947
ENSG00000132773	0.232129428308225
ENSG00000132763	0.255197182191453
ENSG00000117448	-0.0177179664810851
ENSG00000132780	0.307640321736808
ENSG00000159588	-0.0513119961919657
ENSG00000159592	-0.142895454823104
ENSG00000159596	-0.139809920363673
ENSG00000197429	0.124129897847672
ENSG00000230896	-0.0275816750977328
ENSG00000086015	-0.0512357448840349
ENSG00000117472	-0.109056946986724
ENSG00000085998	-0.0410769049671757
ENSG00000085999	-0.0741948453602107
ENSG00000132128	0.0949237330002172
ENSG00000173660	0.184302359794292
ENSG00000117481	-0.11224401471418
ENSG00000117480	0.0709769772042418
ENSG00000162456	-0.247300885666556
ENSG00000123472	0.220467338083761
ENSG00000159658	0.257469371780176
ENSG00000186377	-0.225046333709443
ENSG00000224805	-0.0122619914387857
ENSG00000162366	-0.0301260551348656
ENSG00000162367	0.533501582534942
ENSG00000226252	0.205953067867287
ENSG00000162368	-0.0992579416950441
ENSG00000237424	0.036547721792063
ENSG00000272491	-0.0111426980228288
ENSG00000132122	0.0746640655537443
ENSG00000123080	-0.223814564133636
ENSG00000078618	-0.0656124304406249
ENSG00000169213	0.593024958788068
ENSG00000117862	-0.0237267165158222
ENSG00000198841	-0.0459472475735848
ENSG00000228407	0.195415591270962
ENSG00000134748	0.0733144779169565
ENSG00000134744	0.00407030294019959
ENSG00000116157	0.156989646194333
ENSG00000162377	-0.0607595059630288
ENSG00000121310	0.207831621547606
ENSG00000230953	0.459756180999403
ENSG00000162383	-0.0757407147938437
ENSG00000157184	0.0257114650858028
ENSG00000162384	-0.0962607761733476
ENSG00000162385	-0.130927739249094
ENSG00000058799	-0.139456070795672
ENSG00000081870	-0.183458010236168
ENSG00000116212	-0.12163090029484
ENSG00000116205	0.0519732109772679
ENSG00000116221	-0.178664737772732
ENSG00000184313	-0.00488084699597139
ENSG00000243725	0.159679679276892
ENSG00000116133	0.339026464584013
ENSG00000162402	0.102580069654751
ENSG00000162407	0.368236363530265
ENSG00000162600	-0.0770801812221885
ENSG00000177606	0.128858996034356
ENSG00000270457	-0.391464671807275
ENSG00000134716	0.252198163189941
ENSG00000162599	-0.100550166567433
ENSG00000162607	0.00210639466520019
ENSG00000116641	-0.00155835583953537
ENSG00000125703	-0.11013460704866
ENSG00000088035	-0.108196484374158
ENSG00000079739	0.0935572891490676
ENSG00000158966	-0.0392081283182111
ENSG00000162434	0.06447080348016
ENSG00000272506	-0.10112499340125
ENSG00000162433	-0.0585795677872383
ENSG00000213625	0.299981072760419
ENSG00000116678	-0.127857035953401
ENSG00000184588	0.103259872154536
ENSG00000198160	-0.174432195644813
ENSG00000116704	-0.205016261597999
ENSG00000142864	-0.142810216831493
ENSG00000116717	-0.262764045987448
ENSG00000116729	0.181282491514634
ENSG00000234383	0.00534056155858675
ENSG00000116745	0.242837004099556
ENSG00000287283	0.155131108616271
ENSG00000116754	0.0114266933070501
ENSG00000118454	-0.148544369113236
ENSG00000116761	-0.0111229132191627
ENSG00000271992	-0.0420282747355678
ENSG00000132485	-0.238712578662775
ENSG00000233894	0.00944506330699519
ENSG00000162623	-0.131962376119631
ENSG00000272855	-0.104474722308987
ENSG00000226084	-0.468522862474985
ENSG00000154027	-0.166319607881174
ENSG00000036549	-0.112021682705575
ENSG00000137959	0.623744133918911
ENSG00000137965	0.451512431530809
ENSG00000242598	-0.118579605634523
ENSG00000137941	-0.0699163526068116
ENSG00000271576	-0.186409380296028
ENSG00000142875	-0.150712581180201
ENSG00000174021	0.0682412543322628
ENSG00000117151	-0.0145150463246139
ENSG00000284882	-0.148946358863443
ENSG00000153904	0.168075283117442
ENSG00000117174	0.0139363973605397
ENSG00000016602	0.228472806136668
ENSG00000097033	0.0249374799627936
ENSG00000153936	-0.145938018661653
ENSG00000143013	-0.496641160659921
ENSG00000065243	-0.111830623605403
ENSG00000137947	-0.0513320170710486
ENSG00000137944	-0.0915394760417795
ENSG00000117228	-0.548537773778009
ENSG00000234518	-0.0740107162456523
ENSG00000162645	0.010631687539779
ENSG00000162654	0.603589870025214
ENSG00000154451	0.232246203657641
ENSG00000225492	0.169011646063178
ENSG00000231999	0.0198356036465326
ENSG00000272672	-0.0803051721361437
ENSG00000228175	-0.267007295775945
ENSG00000122482	-0.124397599723219
ENSG00000097046	-0.130149329947493
ENSG00000273487	0.189471689794778
ENSG00000207523	-0.414749272293661
ENSG00000289544	-0.0755325700293726
ENSG00000143033	-0.0881781776421291
ENSG00000223745	0.470820204897143
ENSG00000229635	0.282022219389273
ENSG00000137942	0.0293261801666888
ENSG00000137936	-0.0468083345252159
ENSG00000023909	-0.321300762005842
ENSG00000117528	0.0303871423808266
ENSG00000143036	-0.020773126349719
ENSG00000117519	-0.0905657792474744
ENSG00000235501	-0.0547646327023458
ENSG00000152078	-0.198115315293364
ENSG00000122481	-0.269543849608324
ENSG00000259946	-0.123589449306711
ENSG00000280040	0.24042454598754
ENSG00000162627	-0.0847782359727379
ENSG00000117600	-0.129672192896949
ENSG00000162688	-0.166688755804687
ENSG00000288826	0.0422256364114701
ENSG00000122435	0.0627445177098642
ENSG00000122477	-0.162923113315909
ENSG00000137992	-0.119009900735554
ENSG00000224616	0.100883138911544
ENSG00000162692	0.136761998270157
ENSG00000162695	-0.085766788218689
ENSG00000117543	-0.119082602836274
ENSG00000233184	-0.150372411270944
ENSG00000225938	0.0011175923652432
ENSG00000170989	0.258170162574771
ENSG00000183298	-0.174079930621488
ENSG00000185946	0.109479335719471
ENSG00000198890	0.279195544058791
ENSG00000162636	0.185284718603086
ENSG00000162639	-0.017962058706651
ENSG00000121957	0.181430334157863
ENSG00000121940	-0.0376704726349582
ENSG00000197780	-0.0967649175876182
ENSG00000273382	0.406303647306168
ENSG00000031698	-0.0562280446516345
ENSG00000143126	0.0830123916888384
ENSG00000134222	0.432627233727435
ENSG00000221986	-0.0385145740555067
ENSG00000134243	0.290666238361619
ENSG00000143106	-0.208190092725538
ENSG00000143028	-0.266744401159254
ENSG00000162650	-0.114743733221378
ENSG00000174151	-0.359571310590295
ENSG00000168710	0.486054893937185
ENSG00000143093	-0.0120361046264348
ENSG00000197106	-0.408688384843225
ENSG00000224965	0.506103892035582
ENSG00000162775	-0.130213853880076
ENSG00000273373	-0.434956071617905
ENSG00000259834	0.171313702377884
ENSG00000288803	0.100857860392448
ENSG00000143119	0.533563385258466
ENSG00000232811	-0.20649492582973
ENSG00000121931	-0.627643844592181
ENSG00000273010	-0.0379846490648508
ENSG00000156171	0.0398597121882176
ENSG00000162777	-0.123130068763518
ENSG00000064886	-0.689567009496034
ENSG00000085465	-0.188731633870873
ENSG00000233337	0.0440578887982823
ENSG00000116455	0.0855419455631211
ENSG00000116459	0.0319281527545687
ENSG00000171385	-0.0595912945984772
ENSG00000273483	0.0799032244686878
ENSG00000155363	0.453602441853545
ENSG00000155366	0.00490913561150026
ENSG00000155367	-0.125716437642138
ENSG00000155380	0.420172556827892
ENSG00000198799	0.12043918107512
ENSG00000081019	-0.243606837117502
ENSG00000188761	-0.0843822966992629
ENSG00000118655	-0.0890602800483712
ENSG00000163349	-0.0240865304575688
ENSG00000116774	0.17860619199425
ENSG00000197323	-0.0355876952278214
ENSG00000213281	0.0981443893641513
ENSG00000009307	0.166072779361707
ENSG00000271143	0.273616551771678
ENSG00000163399	-0.0351591084371605
ENSG00000134253	0.214294394450159
ENSG00000198162	-0.0940517784312154
ENSG00000183508	0.0456494600978017
ENSG00000196505	-0.127355169013636
ENSG00000065183	-0.146971854168413
ENSG00000260941	-0.315005314739102
ENSG00000134250	0.0622118835087449
ENSG00000270392	0.17189678036289
ENSG00000275131	-0.0479931922594321
ENSG00000281741	-0.16166418732013
ENSG00000198019	0.0940825125571559
ENSG00000265531	0.00448343622482289
ENSG00000265491	0.0245224341497339
ENSG00000186141	-0.0290630668601681
ENSG00000186364	0.137129696035544
ENSG00000131779	0.0596716315014387
ENSG00000211451	-0.213698313854413
ENSG00000265241	0.0647617246522048
ENSG00000271601	-0.111207666131435
ENSG00000272031	-0.209970980686006
ENSG00000121851	-0.0992901900789921
ENSG00000265972	0.335562572040994
ENSG00000287978	-0.611103850313827
ENSG00000180867	0.195751850780064
ENSG00000131781	-0.00484516178885009
ENSG00000162836	-0.151355571248513
ENSG00000207340	0.460103223824187
ENSG00000231551	-0.016006607090111
ENSG00000225871	0.439807028022915
ENSG00000178104	-0.104061768270759
ENSG00000289614	-0.278140623283348
ENSG00000150337	0.395663993752796
ENSG00000233030	0.0410372094193735
ENSG00000159164	-0.0945985841692598
ENSG00000285184	0.0899497547719769
ENSG00000136631	0.0291987241629949
ENSG00000023902	-0.0887393756372619
ENSG00000143401	-0.100130114942129
ENSG00000118298	0.440648409286579
ENSG00000117362	0.17995921626091
ENSG00000118292	0.0916903947766522
ENSG00000289041	-0.070050517974353
ENSG00000159208	0.100938387901312
ENSG00000163125	-0.00373531987139459
ENSG00000143382	0.299768942886865
ENSG00000143384	0.185156720439845
ENSG00000143420	0.0617677804720437
ENSG00000163131	0.25111873690927
ENSG00000143387	-0.00837791911252858
ENSG00000143363	-0.146735925877063
ENSG00000143443	-0.00302336426729172
ENSG00000213190	-0.109339898121397
ENSG00000143458	0.142366866936202
ENSG00000163154	0.173885683894784
ENSG00000163156	-0.0282041300131257
ENSG00000163159	-0.138443374271651
ENSG00000143373	0.294553467497838
ENSG00000143390	0.36056402519079
ENSG00000159377	-0.228867163402883
ENSG00000143442	0.364516347041903
ENSG00000143375	0.0459910108957607
ENSG00000143367	-0.016543697910044
ENSG00000143376	-0.0435588809891308
ENSG00000159409	0.182632244447576
ENSG00000143436	-0.0541185587704261
ENSG00000249602	-0.432142570847115
ENSG00000203288	-0.00248399908588947
ENSG00000269489	-0.348230619191185
ENSG00000225556	0.39080077889911
ENSG00000201134	0.740259206155612
ENSG00000196407	0.254546924484106
ENSG00000159445	-0.00339689879246726
ENSG00000197747	-0.309965973838063
ENSG00000163191	-0.143537064202843
ENSG00000186207	-0.0131982904435225
ENSG00000163209	-0.343906203469176
ENSG00000169469	-0.217684764199224
ENSG00000241794	-0.463440718433518
ENSG00000203782	-0.14283424377417
ENSG00000163220	-1.06754765912914
ENSG00000163221	-0.84490093173963
ENSG00000143546	-1.02092689001885
ENSG00000197956	-0.381441153968585
ENSG00000196154	-0.305671833783679
ENSG00000188015	-0.405460816266061
ENSG00000196754	0.0764926720074801
ENSG00000285867	0.00678716910159718
ENSG00000188643	0.260256823461159
ENSG00000189171	0.196209429476041
ENSG00000160679	0.0160066019666434
ENSG00000143553	-0.104253482454952
ENSG00000143621	0.067481424877798
ENSG00000143554	-0.00220312947973615
ENSG00000143614	0.144345486960424
ENSG00000284738	-0.0212352789287557
ENSG00000198837	0.13337912795476
ENSG00000143570	-0.00222815033602522
ENSG00000273026	0.156865561131795
ENSG00000143578	0.14176151904559
ENSG00000143545	0.055146583371075
ENSG00000143549	-0.0352261449941248
ENSG00000143575	-0.106162746689521
ENSG00000143515	-0.170066383806086
ENSG00000228013	0.415783364486778
ENSG00000160712	0.121122849983937
ENSG00000160714	-0.0600396769353424
ENSG00000160716	0.0748672057205481
ENSG00000160710	0.114811687147912
ENSG00000143603	0.364846370214552
ENSG00000163344	-0.0368992693277922
ENSG00000163346	0.197477248917073
ENSG00000163348	-0.148514864206611
ENSG00000160691	-0.0150007640492467
ENSG00000173207	-0.175785981226435
ENSG00000160688	-0.113214484128916
ENSG00000163354	-0.0350069202704873
ENSG00000232093	-0.400050183015235
ENSG00000243364	-0.166503885539326
ENSG00000169242	0.188711926229234
ENSG00000169241	-0.204857584153357
ENSG00000163462	-0.0249780132615716
ENSG00000185499	-0.177813515644139
ENSG00000231064	0.123747176826217
ENSG00000173171	0.0422867226661828
ENSG00000160766	-0.0431484037865976
ENSG00000236675	-0.0197372325711665
ENSG00000177628	0.244373530990065
ENSG00000160767	-0.266214078327814
ENSG00000116521	0.0287303037814286
ENSG00000143630	0.188006889980262
ENSG00000160752	0.118789348330715
ENSG00000160753	0.00120178620550974
ENSG00000116539	0.0560690191683178
ENSG00000235919	0.0167845083604018
ENSG00000125459	-0.0115369810007626
ENSG00000163374	0.0706738645003544
ENSG00000203761	0.0542543635858985
ENSG00000116580	0.0287220592451816
ENSG00000273002	0.00677655256858208
ENSG00000163479	-0.107009455865889
ENSG00000160803	0.0264802430806367
ENSG00000254726	0.160899069848278
ENSG00000160789	-0.0272703668789759
ENSG00000160785	0.135271779173403
ENSG00000160783	-0.0917070022550338
ENSG00000242252	0.023335765538962
ENSG00000163472	-0.0644492648495577
ENSG00000163468	-0.300330008903926
ENSG00000125462	0.101268392459285
ENSG00000163382	0.0574204212444352
ENSG00000160818	0.0960494365955677
ENSG00000272068	0.422667599519423
ENSG00000143319	-0.0445106490638413
ENSG00000143303	0.145734793240423
ENSG00000143294	-0.1314994582209
ENSG00000027869	-0.0962292160802458
ENSG00000132694	0.169182117327468
ENSG00000158473	-0.063022395149429
ENSG00000163563	-0.154444416024857
ENSG00000163565	0.0200219494835036
ENSG00000213088	-0.492948259865333
ENSG00000132693	-0.499701427061455
ENSG00000288775	-0.107486892883503
ENSG00000158716	-0.0374706891141473
ENSG00000158714	-0.172298127878258
ENSG00000272668	0.172981341086124
ENSG00000158710	-0.155260837677994
ENSG00000177807	0.402932649454375
ENSG00000162728	0.319196198253765
ENSG00000162729	0.156231513994202
ENSG00000018625	0.389062620038991
ENSG00000227741	0.0741332330904714
ENSG00000132716	0.050159197953216
ENSG00000228606	0.196845104664315
ENSG00000224261	-0.18392005942219
ENSG00000162735	0.155647029932915
ENSG00000122218	0.018170668094305
ENSG00000162738	0.250920264852257
ENSG00000066294	0.335345979692682
ENSG00000158769	0.279568103458573
ENSG00000158773	0.0210632325645903
ENSG00000289121	0.251364580134156
ENSG00000186517	0.217765011555954
ENSG00000143256	-0.0157927129953677
ENSG00000158796	-0.10906203734908
ENSG00000143258	-0.104199999916129
ENSG00000143224	-0.0510455531650766
ENSG00000158850	-0.104862343825338
ENSG00000158864	-0.0273705436043152
ENSG00000158869	0.452183783417112
ENSG00000158874	-0.203549505861025
ENSG00000158882	0.0472806284653076
ENSG00000158887	-0.344798178510253
ENSG00000289106	0.157148596829734
ENSG00000288670	0.259454783446968
ENSG00000215840	-0.0505579754885504
ENSG00000143226	0.326384806808278
ENSG00000173110	0.311537405620402
ENSG00000203747	0.337108426261517
ENSG00000244682	0.128433726766693
ENSG00000225217	0.975333029792175
ENSG00000162747	-0.647032523911831
ENSG00000072694	0.0342337185093737
ENSG00000132185	-0.128024528064168
ENSG00000118217	0.000261223355215892
ENSG00000162745	-0.216696173839971
ENSG00000239887	0.312278686965285
ENSG00000117143	-0.244535123560635
ENSG00000162733	0.246681046600909
ENSG00000132196	-0.259242161634328
ENSG00000117152	0.0612098522733624
ENSG00000143248	0.59146267081772
ENSG00000143149	0.17779417266278
ENSG00000143183	-0.0548081459486539
ENSG00000143179	-0.13819044640633
ENSG00000215835	0.0435372740085394
ENSG00000143157	0.257511321689212
ENSG00000225171	0.0029742795527207
ENSG00000143190	0.0517930106757765
ENSG00000273160	-0.302259656100312
ENSG00000143162	0.331830469971668
ENSG00000198771	0.0739845389786324
ENSG00000197965	0.193987665737459
ENSG00000143155	-0.235417727121646
ENSG00000213064	-0.129061604384392
ENSG00000143178	-0.200979310935695
ENSG00000143153	-0.174425594316888
ENSG00000289466	0.0122741852535568
ENSG00000117479	0.00412896665048741
ENSG00000188404	-0.135591400165594
ENSG00000007908	-0.319347393473333
ENSG00000000457	0.0486524033987189
ENSG00000120370	-0.0681946756240446
ENSG00000010165	-0.0727029315463216
ENSG00000287336	0.0137239635206003
ENSG00000135845	-0.127132842855584
ENSG00000094975	-0.0630664619063654
ENSG00000226375	0.0122665679838407
ENSG00000117586	-0.0878933605878844
ENSG00000117592	0.234376443801137
ENSG00000076321	0.00647901688479015
ENSG00000200674	0.282629274893173
ENSG00000120334	-0.00790998014683676
ENSG00000117593	-0.0266072866653783
ENSG00000224977	0.203396859264252
ENSG00000116161	-0.205717708382993
ENSG00000120333	0.201441971816852
ENSG00000235750	0.247866816707074
ENSG00000152092	0.059791458523611
ENSG00000198797	0.0468122133153581
ENSG00000120341	0.0228524874385877
ENSG00000213057	-0.183515340098565
ENSG00000186283	-0.00605556771369308
ENSG00000143322	-0.0641083574055444
ENSG00000057252	0.104322088321273
ENSG00000169905	-0.135811708256531
ENSG00000272906	-0.20462904063499
ENSG00000143337	0.112632648145056
ENSG00000135837	0.0652133412213155
ENSG00000116260	0.219822214829961
ENSG00000135835	-0.0908849862935514
ENSG00000153029	0.0678767172872392
ENSG00000289589	-0.0204760970767426
ENSG00000135821	0.0750973040129894
ENSG00000135828	-0.0655066196989951
ENSG00000143333	0.473493689942177
ENSG00000261504	0.313627977094585
ENSG00000135838	0.586518857730884
ENSG00000287808	0.150351161017768
ENSG00000135829	0.0209698885629652
ENSG00000116701	0.034260302945987
ENSG00000143344	-0.0915550662372409
ENSG00000198756	0.164103759344875
ENSG00000279838	0.260724884698191
ENSG00000116679	0.0334451267006239
ENSG00000047410	0.24195979918917
ENSG00000157181	0.15041356842851
ENSG00000233196	-0.87663762634226
ENSG00000073756	0.519831180249478
ENSG00000090104	1.56700363164145
ENSG00000162630	-0.29766860128396
ENSG00000000971	0.00201663877014609
ENSG00000081237	0.104523060430658
ENSG00000162702	-0.143570615738577
ENSG00000116852	0.220326366077486
ENSG00000116857	0.00614795133360757
ENSG00000224536	0.0539778185789713
ENSG00000198700	0.0726179597855227
ENSG00000176393	-0.0319639487757939
ENSG00000170075	0.499786978238503
ENSG00000133067	-0.00264637237522854
ENSG00000077152	-0.121058408859522
ENSG00000077157	-0.108668883097643
ENSG00000226862	0.144767465296962
ENSG00000183155	-0.160254951220494
ENSG00000117153	-0.173863283056997
ENSG00000159346	0.180497319900845
ENSG00000159348	0.089550549959649
ENSG00000143847	-0.13537419035546
ENSG00000133055	0.0686799200155793
ENSG00000133048	-0.40528502468966
ENSG00000159388	0.366583068151095
ENSG00000188783	0.106174080999351
ENSG00000143845	0.0501241943502342
ENSG00000133056	0.100227359583072
ENSG00000240219	0.0854568538047508
ENSG00000163531	0.189342540343192
ENSG00000184144	0.669005416644674
ENSG00000174529	-0.15325970278875
ENSG00000117222	-0.25128522456408
ENSG00000133069	0.0627412930682102
ENSG00000163545	-0.026823880291081
ENSG00000117266	0.638622254401562
ENSG00000158715	0.436757280499391
ENSG00000069275	0.0364629435902367
ENSG00000117280	0.07934114830184
ENSG00000133065	0.0881920378180998
ENSG00000174502	0.104691465401896
ENSG00000266028	0.165723487182381
ENSG00000263528	-0.0814967168620405
ENSG00000266094	0.00541419840406602
ENSG00000143486	-0.109260466309641
ENSG00000237605	-0.111947348295688
ENSG00000143479	-0.0306227832469128
ENSG00000162889	0.126395359553758
ENSG00000123836	-0.091780125797414
ENSG00000275392	-0.0743474339233125
ENSG00000196352	-0.294570517817938
ENSG00000289071	-0.258136809620949
ENSG00000174059	-0.30243596569958
ENSG00000076356	-0.223892669127531
ENSG00000123689	0.189023028929577
ENSG00000009790	0.127872284636007
ENSG00000162757	-0.0473416708210168
ENSG00000117597	-0.149587950869956
ENSG00000203706	-0.24366625551641
ENSG00000082497	-0.25699418124962
ENSG00000287354	0.0473020452535354
ENSG00000117625	0.028973989670399
ENSG00000153363	0.0834149414708957
ENSG00000123684	0.0110997542535127
ENSG00000143493	-0.124110365027599
ENSG00000066027	-0.0197127173105256
ENSG00000287445	0.109771772515962
ENSG00000162772	-0.054597735167372
ENSG00000123685	-0.0808311994921886
ENSG00000203705	0.00583228116033314
ENSG00000174606	0.0704054731820461
ENSG00000136636	0.137507095359136
ENSG00000067533	-0.18382411919256
ENSG00000092969	-0.160022799360043
ENSG00000136628	-0.0370923950413271
ENSG00000218283	0.15749074430312
ENSG00000117791	0.130174331438195
ENSG00000186205	0.174698149152011
ENSG00000238078	0.194854940713489
ENSG00000289142	0.0791285539056664
ENSG00000136630	-0.217291977297971
ENSG00000143498	-0.127791667312941
ENSG00000162819	-0.161284447492376
ENSG00000287338	0.186171197922394
ENSG00000187554	-0.0486107621124316
ENSG00000162909	0.0420995012922174
ENSG00000143514	0.254225798329065
ENSG00000272645	0.0411593420635622
ENSG00000185495	0.0818111816002297
ENSG00000232628	0.0451244805040678
ENSG00000143748	0.00759628377916946
ENSG00000143771	-0.0894170976181394
ENSG00000162923	0.0946512780860168
ENSG00000143815	0.0197702937363617
ENSG00000289602	0.293736009524899
ENSG00000143742	-0.092334726486333
ENSG00000143819	0.184769633224646
ENSG00000242861	0.535312868835122
ENSG00000196187	0.545263713560175
ENSG00000143811	0.0604122768368948
ENSG00000225518	-0.143953461493729
ENSG00000182827	0.0141503024403261
ENSG00000143772	0.0903747407164885
ENSG00000143801	0.0399642110938076
ENSG00000143776	0.040172192247291
ENSG00000081692	-0.11376104486183
ENSG00000287895	-0.119607837818438
ENSG00000280157	-0.624730987950692
ENSG00000203684	0.588778039025962
ENSG00000181873	-0.0267093820147933
ENSG00000196890	-0.115686122366055
ENSG00000279306	-0.117841893405309
ENSG00000177788	-0.0216353448174011
ENSG00000237481	0.654175313894355
ENSG00000154429	-0.0549861564715972
ENSG00000069248	-0.0181390940514939
ENSG00000135763	-0.101755102812433
ENSG00000228058	0.247061628116934
ENSG00000143641	0.00935974906890144
ENSG00000135775	-0.0229759935266369
ENSG00000135744	0.304514923768665
ENSG00000119283	0.0441181499681581
ENSG00000143633	-0.152761764158372
ENSG00000116906	-0.0572838859844357
ENSG00000116903	0.105562678927383
ENSG00000135766	0.0251495001488925
ENSG00000233461	0.0420307213463306
ENSG00000116991	-0.0698385426390043
ENSG00000212916	0.308097435265251
ENSG00000289305	0.366557751810688
ENSG00000135750	-0.0128141571595712
ENSG00000059588	0.0386049038986475
ENSG00000168264	-0.22882910590364
ENSG00000280587	-0.0233872827089103
ENSG00000054267	-0.0209076954651797
ENSG00000152904	0.0328599895930773
ENSG00000162885	-0.100150130106191
ENSG00000168243	0.118344775987046
ENSG00000116962	-0.030057905412348
ENSG00000077585	0.112032744175938
ENSG00000116977	-0.151919523426877
ENSG00000273058	-0.0352396869176594
ENSG00000119285	-0.0859767011594268
ENSG00000116984	0.0341087070703093
ENSG00000155816	0.0296864927162618
ENSG00000091483	-0.177796643465607
ENSG00000203668	-0.396232025511537
ENSG00000253326	-0.0130356995172398
ENSG00000054282	3.77349732735752e-05
ENSG00000179456	-0.315249644176523
ENSG00000203666	-0.198593275798056
ENSG00000162851	-0.240808639181087
ENSG00000153207	-0.126821533267154
ENSG00000188295	0.0601952016631193
ENSG00000221953	-0.118312926804534
ENSG00000259865	-0.741317217969903
ENSG00000289234	-0.211012170166861
ENSG00000162711	0.175859688535213
ENSG00000238243	-0.384494784836027
ENSG00000226191	0.088785912415439
ENSG00000175137	-0.25047971870923
ENSG00000171163	-0.204465475166956
ENSG00000184731	-0.254577960179174
ENSG00000035115	-0.0776392561059592
ENSG00000189292	-0.0274932785005165
ENSG00000151353	0.129950992179423
ENSG00000032389	-0.0930980184967514
ENSG00000171853	0.0130153081935398
ENSG00000225234	-0.257579085648637
ENSG00000182551	0.145834447824054
ENSG00000171865	0.0274294134014743
ENSG00000287126	0.108130945260159
ENSG00000289136	-0.0238826883929623
ENSG00000236106	-0.0650956147610282
ENSG00000232044	0.363353133682003
ENSG00000225964	0.165919806476384
ENSG00000134326	0.330925367828579
ENSG00000134321	0.435827276679547
ENSG00000271947	-1.01586700394933
ENSG00000228203	-0.182894514242336
ENSG00000151692	-0.0464974612583281
ENSG00000272002	-0.425424031449911
ENSG00000235092	0.0423668200271223
ENSG00000134313	0.0893959952304763
ENSG00000143797	0.131665801720076
ENSG00000119185	-0.101770679883072
ENSG00000134330	-0.0789285612385992
ENSG00000269973	-0.341834402154508
ENSG00000205795	-0.287426041173885
ENSG00000115756	0.0764909351329253
ENSG00000115758	0.114720283517087
ENSG00000257135	-0.0236025980340262
ENSG00000243819	0.272843793970502
ENSG00000143870	-0.174635641638232
ENSG00000169006	0.415745617616826
ENSG00000230044	0.353660779198188
ENSG00000134324	0.0905658401734212
ENSG00000228496	0.11019568551479
ENSG00000162981	0.133657397724121
ENSG00000079785	-0.132638148726634
ENSG00000134323	0.367372527192734
ENSG00000163032	-0.65005130642534
ENSG00000163029	-0.0734453286466472
ENSG00000178295	0.058580015030161
ENSG00000240857	-0.237900056834427
ENSG00000183891	-0.100029058808251
ENSG00000118965	0.0579525656783607
ENSG00000068697	0.12152757221659
ENSG00000115884	-0.513029342005007
ENSG00000118960	-0.123127769458328
ENSG00000269976	-0.72794193496805
ENSG00000173960	-0.0713694195812287
ENSG00000163026	-0.269179609138152
ENSG00000115128	-0.166253953240022
ENSG00000219626	-0.0409422310253613
ENSG00000176732	-0.0416006018181816
ENSG00000198399	-0.102160554861694
ENSG00000242628	-0.121541652025167
ENSG00000084676	-0.039640392944414
ENSG00000271936	-0.0418167934873008
ENSG00000119772	-0.0280618872869316
ENSG00000235072	0.0454775289590511
ENSG00000138101	0.00126540418743665
ENSG00000143970	-0.0777685419571506
ENSG00000084733	0.150570858575521
ENSG00000157833	-0.00563975189201376
ENSG00000084754	0.0442595334892095
ENSG00000138029	0.229782950271486
ENSG00000213699	-0.0556175359632143
ENSG00000157851	0.110749028051869
ENSG00000119777	0.0254500513355477
ENSG00000138080	-0.402740824492184
ENSG00000138030	-0.208900925551436
ENSG00000138028	-0.0936063356181995
ENSG00000138073	-0.194779900913587
ENSG00000138085	0.0646590750691904
ENSG00000084774	-0.0932564164750372
ENSG00000115204	0.126037461635833
ENSG00000115207	-0.0351795669506876
ENSG00000234072	-0.0689590398466406
ENSG00000115234	-0.145327146961254
ENSG00000163795	-0.17333249554971
ENSG00000115241	-0.229030188907635
ENSG00000115216	-0.125552797379718
ENSG00000138002	0.0232045848770326
ENSG00000115226	-0.270158502800782
ENSG00000243943	0.0170456474590695
ENSG00000176714	-0.0595117534382427
ENSG00000198522	0.11864756740422
ENSG00000223522	0.13256373318206
ENSG00000270640	-0.0170297308480673
ENSG00000189350	0.223938283653862
ENSG00000179270	-0.0744116779196514
ENSG00000213626	0.300104423710777
ENSG00000271228	-0.374596813493842
ENSG00000288937	-0.113528832883554
ENSG00000119820	-0.185710557232367
ENSG00000276517	0.27864856737824
ENSG00000152689	0.228299314733638
ENSG00000260025	-0.20021418572528
ENSG00000171055	-0.103814895395411
ENSG00000152133	-0.0632974082019122
ENSG00000055332	0.174831401672261
ENSG00000115825	0.0066620645569961
ENSG00000163171	-0.161155794881202
ENSG00000138061	-0.393915086754836
ENSG00000213553	-0.342297080625543
ENSG00000143889	-0.236889904354302
ENSG00000143891	-0.0824249889573031
ENSG00000115875	0.062702479600244
ENSG00000152147	-0.254973073095582
ENSG00000163214	-0.0285896855190095
ENSG00000115904	-0.0854596141901817
ENSG00000152154	-0.215940179579031
ENSG00000138050	-0.0769409065355354
ENSG00000162881	0.373893741318366
ENSG00000289082	0.100460267424371
ENSG00000226491	0.0420423674542319
ENSG00000286796	0.189685456736287
ENSG00000234936	-0.0129434575574432
ENSG00000223658	0.227557677340669
ENSG00000138036	-0.119870495280417
ENSG00000138032	0.0152737235200309
ENSG00000289272	0.841027102183235
ENSG00000170577	-0.15357551185669
ENSG00000231156	-0.204861241947983
ENSG00000119729	0.0453305202804528
ENSG00000151665	0.000267626235381087
ENSG00000119878	-0.0795481888870392
ENSG00000068724	0.0664908748216332
ENSG00000116062	-0.0458958264308312
ENSG00000233230	-0.105540817840539
ENSG00000170802	-0.0651301015285452
ENSG00000115239	-0.0632988175866551
ENSG00000143942	-0.176157086209512
ENSG00000119737	0.589103866774569
ENSG00000068878	0.0265063847392828
ENSG00000115310	-0.0551882577769802
ENSG00000162994	-0.136853429139306
ENSG00000085760	-0.00520292750530741
ENSG00000115355	0.0821467544405811
ENSG00000275052	-0.0768820586107453
ENSG00000138035	0.15078849971436
ENSG00000115380	0.428254648654685
ENSG00000115392	-0.076516826821186
ENSG00000115421	-0.211687783093447
ENSG00000162928	-0.149200395704891
ENSG00000212978	0.0777768198163984
ENSG00000173209	0.229253332722476
ENSG00000115464	0.0965071177347277
ENSG00000270820	-0.0858310989350961
ENSG00000082898	-0.209466350735361
ENSG00000170264	-0.21001872810233
ENSG00000115484	-0.262951882833426
ENSG00000186889	0.0886228480567997
ENSG00000115507	0.511856663571708
ENSG00000143952	-0.0358076506405614
ENSG00000197329	0.214346103214114
ENSG00000225889	0.105772705802574
ENSG00000119844	-0.159529563701871
ENSG00000179833	0.0303497563928521
ENSG00000115902	-0.0290271642906764
ENSG00000011523	0.0489763579792047
ENSG00000198369	0.109780116730473
ENSG00000143995	-0.0255986394767408
ENSG00000115946	-0.156274386832148
ENSG00000273064	-0.372141516046955
ENSG00000119865	-0.0279074289874955
ENSG00000115956	0.24936895818202
ENSG00000204923	-0.0999384799737063
ENSG00000169604	0.0455474921667224
ENSG00000198380	-0.205604757793874
ENSG00000196975	-0.0131556627314401
ENSG00000288869	0.0425332116302823
ENSG00000087338	-0.196159760474452
ENSG00000124380	-0.156740916592732
ENSG00000179818	-0.00398121814397826
ENSG00000169564	0.115769533735599
ENSG00000231327	0.0485983302415146
ENSG00000115998	-0.134096204788946
ENSG00000116001	-0.0378759158642433
ENSG00000163235	0.137256996107756
ENSG00000144043	0.152068965313442
ENSG00000124357	0.0820550337741913
ENSG00000124374	0.475894315873573
ENSG00000075292	-0.057235964158922
ENSG00000144040	-0.0697520081406473
ENSG00000135632	-0.126110244816211
ENSG00000135617	-0.334639555692413
ENSG00000135624	-0.155472548468189
ENSG00000163013	-0.10496708670451
ENSG00000135625	-0.200830266312519
ENSG00000230002	0.305620329813836
ENSG00000144034	-0.191170902028687
ENSG00000114956	-0.0765411572973844
ENSG00000187605	0.0112970506142283
ENSG00000257800	0.422109215618297
ENSG00000217702	0.36739877206136
ENSG00000225439	-0.275502135263932
ENSG00000114978	0.014895099970605
ENSG00000065911	-0.0995323612820378
ENSG00000204843	0.147814481366435
ENSG00000237737	0.0104844205955218
ENSG00000239779	0.13643925017044
ENSG00000115282	0.182375521394034
ENSG00000272183	-0.390314223243677
ENSG00000257702	-0.109673277976379
ENSG00000115289	-0.125369716649289
ENSG00000115307	-0.135869365538454
ENSG00000115318	0.326283160188996
ENSG00000115325	0.0449586503065183
ENSG00000159399	0.4246065206615
ENSG00000115350	-0.153209049870666
ENSG00000115364	-0.0236257713804664
ENSG00000005436	-0.124806089745119
ENSG00000271452	0.242128825527449
ENSG00000162951	0.0797583985406502
ENSG00000034510	-0.604061260059912
ENSG00000213399	0.107963636958409
ENSG00000152284	-0.0257902931998072
ENSG00000152291	0.141169297914143
ENSG00000115459	-0.0594548327542405
ENSG00000042493	0.303488861458296
ENSG00000286011	-0.0272007884647284
ENSG00000152292	-0.00548881705822748
ENSG00000229648	-0.0196115059253803
ENSG00000286532	0.131030506845688
ENSG00000118640	0.0360998797207056
ENSG00000168899	0.16249199760856
ENSG00000168894	-0.00323936376063904
ENSG00000168883	-0.0142549281137
ENSG00000168887	0.179911030473093
ENSG00000168878	0.118454282649693
ENSG00000168874	0.0109984136859348
ENSG00000115525	0.0511635469442136
ENSG00000272564	0.467321487964987
ENSG00000068654	-0.0462275149220732
ENSG00000132305	0.0421278410782242
ENSG00000115548	0.222243427275987
ENSG00000153561	-0.0960304092239533
ENSG00000172086	-0.152436241043367
ENSG00000163586	-0.209108358733295
ENSG00000234028	0.209091001376183
ENSG00000153574	-0.189596953593296
ENSG00000211592	-0.235863659505746
ENSG00000243466	-0.0938513587295102
ENSG00000239951	0.388245227925698
ENSG00000286156	-0.113101699954908
ENSG00000233850	-0.118671099106766
ENSG00000144029	-0.108637904849181
ENSG00000144026	0.0194113301542146
ENSG00000275111	-0.146656830655107
ENSG00000289370	0.0156067108234529
ENSG00000115041	-0.0708564232342555
ENSG00000115042	0.00524556384860683
ENSG00000232931	0.254095330881809
ENSG00000231584	0.149313722817067
ENSG00000186281	-0.0125816588738506
ENSG00000274286	-0.360402033416311
ENSG00000158050	-0.0980515929759667
ENSG00000084090	0.0316115165176333
ENSG00000204685	-0.0794843453281467
ENSG00000135956	-0.148039095645311
ENSG00000144021	-0.071822828000492
ENSG00000144028	0.0562245635628401
ENSG00000198885	-0.165609338578273
ENSG00000196843	0.179803016305245
ENSG00000114982	0.024923612222837
ENSG00000114988	-0.121094678028253
ENSG00000273265	0.361975549028792
ENSG00000289135	-0.0244143530333374
ENSG00000168763	0.0355810653468026
ENSG00000188383	0.134475311963384
ENSG00000279791	0.173140083606899
ENSG00000228970	-0.0804622166894126
ENSG00000228486	-0.0404887041819114
ENSG00000183513	0.0928621494424135
ENSG00000071073	0.00471193238286304
ENSG00000226791	-0.0816799241963907
ENSG00000144182	-0.0143238795665363
ENSG00000158411	-0.139528942711701
ENSG00000158417	0.204577522312439
ENSG00000115526	-0.00664384182160091
ENSG00000115539	0.118115246201382
ENSG00000170485	-0.0746515019396931
ENSG00000163162	-0.0251399546091615
ENSG00000175874	-0.603105566816045
ENSG00000115594	-0.0660973447917284
ENSG00000115602	-0.76905470193199
ENSG00000115604	0.0802643017640962
ENSG00000234389	-0.122158471110995
ENSG00000235597	0.118052405854357
ENSG00000228528	-0.10415427158236
ENSG00000279904	-0.583669231782099
ENSG00000234177	0.0282993578747233
ENSG00000233639	-0.107105516746681
ENSG00000198914	0.0824867629194433
ENSG00000289498	-0.521386175594789
ENSG00000287135	-0.0199703236594001
ENSG00000226508	0.598029302730849
ENSG00000272861	-0.41527087342803
ENSG00000135966	-0.0033779136995681
ENSG00000272994	0.15315317244603
ENSG00000135974	0.162786520779788
ENSG00000071051	-0.0767034477605792
ENSG00000115652	-0.138551014739866
ENSG00000144057	0.0286710959052745
ENSG00000198203	0.0739168786461162
ENSG00000198075	0.805203625040617
ENSG00000169756	0.152993136765306
ENSG00000153201	0.0103115399907812
ENSG00000259863	0.172658506374017
ENSG00000282033	-0.0472596686640828
ENSG00000204588	-0.242050831891418
ENSG00000144061	-0.0715544439387939
ENSG00000175701	-0.173926776670869
ENSG00000236330	0.0070521746884351
ENSG00000153094	0.203581257039261
ENSG00000230499	-0.300998065937472
ENSG00000236307	-0.199020463949889
ENSG00000153208	0.0915629737647405
ENSG00000153214	-0.116250286578172
ENSG00000188177	-0.0958375658018194
ENSG00000114999	-0.0502605740611337
ENSG00000243389	-0.248535759837394
ENSG00000237753	-0.343201672258624
ENSG00000144136	-0.116563062993805
ENSG00000184492	-0.00415014008402844
ENSG00000144134	-0.210457785114055
ENSG00000270019	-0.162703381515983
ENSG00000115091	-0.188261822015839
ENSG00000236255	0.0882459796740346
ENSG00000163064	1.15945049748579
ENSG00000115107	-0.438235170863879
ENSG00000115109	0.15483009804942
ENSG00000236878	-0.36162571615714
ENSG00000163083	-0.158518651915742
ENSG00000115112	0.337254466345012
ENSG00000265451	-0.0211966475643929
ENSG00000236859	0.0328427679635881
ENSG00000155438	-0.175085042403245
ENSG00000211460	-0.0351539588644604
ENSG00000186684	0.0731466940459586
ENSG00000163161	-0.0814960799995229
ENSG00000169967	-0.0704147313182266
ENSG00000236682	-0.114640013469761
ENSG00000287742	0.160121200093742
ENSG00000115718	-0.00895285848970876
ENSG00000144230	1.07212064544401
ENSG00000136709	-0.0667448342956235
ENSG00000274010	-0.107374120526875
ENSG00000144233	-0.0696451639472473
ENSG00000286873	0.256987679311573
ENSG00000136715	0.0683214854063467
ENSG00000136731	-0.0366186417557297
ENSG00000213225	-0.553891728388602
ENSG00000136710	0.0554429909486404
ENSG00000136698	-0.279740184983091
ENSG00000178171	-0.310659429611252
ENSG00000233221	0.0985731197340969
ENSG00000152102	0.0184876810546071
ENSG00000233087	-0.184843420252074
ENSG00000150551	-0.110814139480176
ENSG00000152127	0.00634537712796942
ENSG00000076003	0.0147639165066189
ENSG00000115866	-0.123493435505345
ENSG00000121966	0.407398786628197
ENSG00000230037	-0.449560059880217
ENSG00000150540	0.135454280795075
ENSG00000144228	-0.062996676025755
ENSG00000121964	-0.0391536655729748
ENSG00000238057	0.204451852992856
ENSG00000168280	0.212460275344016
ENSG00000187123	0.0541142743415876
ENSG00000184898	0.222136321242269
ENSG00000123609	0.0184773223539143
ENSG00000080345	-0.163253281791799
ENSG00000157827	0.293407456647567
ENSG00000287085	-0.0524936715201372
ENSG00000286207	0.847615511666116
ENSG00000177917	-0.067180761291947
ENSG00000153234	0.0884352579467659
ENSG00000115159	-0.0312403143775028
ENSG00000136541	0.642434678450591
ENSG00000144283	0.179843445133196
ENSG00000243792	-0.0825355159331587
ENSG00000251491	-0.223853228308842
ENSG00000115183	-0.0550558238079905
ENSG00000196151	-0.0723478749174429
ENSG00000123636	-0.0116517186569329
ENSG00000136536	-0.193515324151515
ENSG00000153250	-0.160827859082378
ENSG00000115267	0.274529714054101
ENSG00000115271	-0.119927243016006
ENSG00000153253	-0.0961713923088132
ENSG00000163072	0.0853686637464646
ENSG00000073737	0.313351294914242
ENSG00000081479	0.34988409579294
ENSG00000163093	0.0520795882212678
ENSG00000138399	-0.132884466964052
ENSG00000138398	-0.0343541358685744
ENSG00000213160	-0.115770816249749
ENSG00000138382	-0.0878254165536517
ENSG00000222033	-0.0656744548768857
ENSG00000128692	-0.228221745323913
ENSG00000128683	0.634217333036531
ENSG00000286611	0.35539937354513
ENSG00000115806	-0.077682362469665
ENSG00000115827	-0.0983695956543585
ENSG00000071967	0.0376568187204661
ENSG00000128708	-0.0909798310882114
ENSG00000288048	0.439798257298519
ENSG00000278924	0.0609225459076393
ENSG00000091409	0.000590869369216502
ENSG00000152256	0.0561157012340256
ENSG00000172845	-0.08936187596006
ENSG00000289296	0.280493924070056
ENSG00000235655	-0.291736877547783
ENSG00000233131	0.105183528344623
ENSG00000224189	0.361534146461258
ENSG00000226363	0.624821882934355
ENSG00000128645	0.63356839686948
ENSG00000218175	-0.171995964059692
ENSG00000116044	1.15173643861497e-06
ENSG00000222043	0.128028332598978
ENSG00000280374	0.0127225155990729
ENSG00000196659	0.0686307229047389
ENSG00000197557	0.271535653266536
ENSG00000204311	-0.0903504061626898
ENSG00000238082	0.070710812538771
ENSG00000163510	-0.0899073994419054
ENSG00000260742	0.0138834718777094
ENSG00000138434	0.00263996720718249
ENSG00000163002	-0.13188991391618
ENSG00000177855	-0.152133343441369
ENSG00000138449	0.218575887517473
ENSG00000138381	-0.278126581274859
ENSG00000128694	-0.103107172915989
ENSG00000273240	-0.159901423900001
ENSG00000064933	-0.0260635165896483
ENSG00000198130	0.00228585779976318
ENSG00000151689	0.0792906058036175
ENSG00000151690	0.0701283661937286
ENSG00000272979	0.441799512403126
ENSG00000138386	-0.064644695543922
ENSG00000115419	-0.492635117955242
ENSG00000115415	0.158211198952587
ENSG00000173559	0.00836151221475144
ENSG00000168497	0.750230681866038
ENSG00000144339	-0.0725411015125945
ENSG00000196950	-0.12680014883863
ENSG00000081320	-0.0256158405961552
ENSG00000119041	-0.0893219569727624
ENSG00000187944	-0.191651545901367
ENSG00000197121	-0.158334411787252
ENSG00000115524	0.174704557396279
ENSG00000115520	-0.140622381586198
ENSG00000144381	0.105689029332163
ENSG00000115540	-0.207584079851763
ENSG00000162944	-0.046234294863692
ENSG00000247626	-0.15725325145025
ENSG00000115896	-0.00169464255421633
ENSG00000238217	0.0167634120786679
ENSG00000162972	-0.0894048836229546
ENSG00000196141	0.0421293842211467
ENSG00000155729	-0.057190106631081
ENSG00000237166	-0.171703430361083
ENSG00000013441	-0.347056490600724
ENSG00000115942	-0.139155110184862
ENSG00000235579	0.155610577649047
ENSG00000003400	0.168260335485613
ENSG00000064012	0.0278925887370893
ENSG00000082146	-0.059444163130583
ENSG00000155755	-0.107840362966759
ENSG00000230799	-0.26588603638441
ENSG00000231903	0.0648477199095523
ENSG00000055044	0.0164656733358286
ENSG00000272966	0.0258358713108242
ENSG00000163596	-0.0530427698981795
ENSG00000138442	-0.111676205864304
ENSG00000138380	0.0592465365484309
ENSG00000138443	0.0626543554310213
ENSG00000118257	0.0785809521947589
ENSG00000227946	-0.390463283677196
ENSG00000138400	-0.041927079669213
ENSG00000118246	0.101550160447746
ENSG00000225916	0.0252998429240695
ENSG00000118260	-0.0565122496747529
ENSG00000163249	-0.0382262670716479
ENSG00000163251	-0.136951200378672
ENSG00000118231	0.165457262643971
ENSG00000188674	-0.142262664390062
ENSG00000138413	-0.0165335285945242
ENSG00000078018	0.279161733096307
ENSG00000144445	-0.0486206950328689
ENSG00000272807	-0.297717347660383
ENSG00000115361	-0.0484018757879122
ENSG00000115425	0.0497324530550771
ENSG00000079246	-0.0507349719656778
ENSG00000279348	0.13586450777765
ENSG00000260804	-0.0184825908098557
ENSG00000138375	-0.162686844008943
ENSG00000241520	0.310992829014809
ENSG00000115461	0.575350181085968
ENSG00000163466	-0.0916093866789318
ENSG00000135926	0.0804665155647612
ENSG00000018280	0.593908750324749
ENSG00000115556	0.108671919887519
ENSG00000074582	0.0369361788219283
ENSG00000163481	-0.0822662361484017
ENSG00000171450	0.722744356007912
ENSG00000158552	-0.169494636398653
ENSG00000163516	0.168932708867376
ENSG00000163521	0.0247209105203169
ENSG00000115661	0.0334646436908744
ENSG00000127824	0.184692607336074
ENSG00000054356	0.374402772480342
ENSG00000123992	0.0215173780256195
ENSG00000072182	0.741701842300338
ENSG00000268896	0.265842162255449
ENSG00000163082	-0.0871276870995584
ENSG00000116120	-0.14231412784418
ENSG00000235225	-0.306898022998946
ENSG00000123983	0.0291923286934512
ENSG00000152049	-0.12091958621414
ENSG00000171951	0.668567690637298
ENSG00000085449	-0.0425841104685134
ENSG00000135900	-0.166700039672659
ENSG00000135919	0.349065100631382
ENSG00000036257	-0.0605842562585978
ENSG00000273301	-0.310920558583961
ENSG00000144468	-0.0368456880757795
ENSG00000173744	-0.0033308387304634
ENSG00000135917	0.0468935391847878
ENSG00000153832	-0.00922515022991471
ENSG00000135899	0.0735103459912573
ENSG00000067066	0.0940584342028455
ENSG00000243650	0.840258297488529
ENSG00000135916	0.14504001435942
ENSG00000173692	-0.146393499712602
ENSG00000156966	0.803041519304939
ENSG00000115053	-0.0411109244624162
ENSG00000283312	0.0197169809364498
ENSG00000289018	0.208665806579191
ENSG00000187514	-0.002479876174871
ENSG00000144524	-0.0196353278007456
ENSG00000261096	0.0504581347596641
ENSG00000163273	0.306407188313037
ENSG00000171551	0.896161552671441
ENSG00000221944	-0.0373709700875144
ENSG00000204120	0.0146476836602613
ENSG00000182600	0.1742800078862
ENSG00000168918	0.197030388991421
ENSG00000077044	0.00780279621908831
ENSG00000085982	0.119287334696217
ENSG00000188042	0.126398040643029
ENSG00000130147	0.12877685269705
ENSG00000157985	-0.0210831872483861
ENSG00000132321	0.0723789790509687
ENSG00000270540	-0.511401632904921
ENSG00000198612	0.130695051456076
ENSG00000124831	-0.182412267895264
ENSG00000132329	-0.00753236828031368
ENSG00000184182	0.0741729270912358
ENSG00000132326	0.0396182174235755
ENSG00000065802	0.17349980637252
ENSG00000178586	0.241010597939277
ENSG00000178602	-0.37678442595689
ENSG00000063660	-0.476993397055695
ENSG00000218416	0.0321437936316003
ENSG00000144504	-0.0129601466385447
ENSG00000142327	-2.15629550932919e-05
ENSG00000260942	-0.302915586205929
ENSG00000130294	0.19623176708344
ENSG00000162804	0.254977620918516
ENSG00000122085	0.0882225092223119
ENSG00000115677	0.0222459159257428
ENSG00000168385	0.154396551866371
ENSG00000289555	0.141557726740606
ENSG00000176720	0.118292453819974
ENSG00000273113	-0.469691509094509
ENSG00000204099	0.986377098808413
ENSG00000261186	-0.18346543910255
ENSG00000224318	-0.105935170087943
ENSG00000271870	-0.182811716624969
ENSG00000175928	-0.00898330696852735
ENSG00000170364	-0.0736651226884588
ENSG00000231249	-0.688560846252867
ENSG00000134109	0.0121190128146526
ENSG00000071282	-0.0964947087139205
ENSG00000180914	0.568635975584233
ENSG00000134077	0.0458074329440825
ENSG00000156983	-0.0382478607620849
ENSG00000114026	-0.10197216085352
ENSG00000171148	-0.153261168606246
ENSG00000241553	-0.306366234414309
ENSG00000214021	0.381584626943309
ENSG00000171135	-0.049307958975094
ENSG00000163702	0.0916315263046225
ENSG00000163703	-0.243301690574092
ENSG00000206567	0.0267110053785988
ENSG00000186162	-0.010953119805058
ENSG00000134070	-0.0156663671742986
ENSG00000157014	-0.141564039413662
ENSG00000157020	-0.0324642765916443
ENSG00000132164	0.627113663844558
ENSG00000157103	0.674517729113431
ENSG00000144560	-0.0307701372748662
ENSG00000144559	-0.068144824951441
ENSG00000154743	-0.0971533349171716
ENSG00000075975	0.0694457695811706
ENSG00000132155	0.0738311716466329
ENSG00000132182	0.0201116073650983
ENSG00000163517	0.134355352767395
ENSG00000154764	-0.0599794178066096
ENSG00000163528	0.0512502040961584
ENSG00000170876	-0.198749175571386
ENSG00000131389	0.171891668497348
ENSG00000225733	0.143118490016084
ENSG00000131381	0.118385808608823
ENSG00000131375	-0.0634274795766072
ENSG00000144597	0.0661692602882067
ENSG00000206561	-0.158035874934843
ENSG00000131373	0.0418743113398578
ENSG00000206560	-0.0382666603405938
ENSG00000224728	-0.196527934203387
ENSG00000131386	0.210081442493889
ENSG00000131378	-0.239706238647831
ENSG00000131374	0.00162432029741839
ENSG00000183960	0.089165920119779
ENSG00000144566	0.0780815347244693
ENSG00000289138	0.569015803366359
ENSG00000114166	0.213759741227197
ENSG00000174748	-0.132865253055872
ENSG00000174738	-0.11444549708295
ENSG00000077097	0.0280700533137913
ENSG00000151092	-0.120810105327212
ENSG00000225386	-0.0377173136102961
ENSG00000033867	-0.107115705546893
ENSG00000271943	0.145052102809141
ENSG00000163513	-0.0728894289536508
ENSG00000261468	0.211860326475791
ENSG00000288926	0.0432799421633559
ENSG00000153551	0.00651563283292
ENSG00000091317	0.0569917495232039
ENSG00000144635	-0.138552653623788
ENSG00000182973	-0.107006918641824
ENSG00000170266	0.00230552426096929
ENSG00000170275	0.0933571368260642
ENSG00000173705	0.152492955539364
ENSG00000163539	0.0168473054188099
ENSG00000271993	-0.598465817526097
ENSG00000231449	-0.12578182230867
ENSG00000271653	-0.740003088537272
ENSG00000270194	0.52965765579774
ENSG00000144674	-0.0490506551847991
ENSG00000144677	-0.102201134570178
ENSG00000187091	0.201806955419375
ENSG00000060971	0.0910323693174567
ENSG00000172936	0.216454386484928
ENSG00000114739	-0.0249056968568849
ENSG00000114742	-0.0477049984027207
ENSG00000114745	0.096148959697406
ENSG00000168026	-0.071925371477656
ENSG00000283849	-0.017416971650363
ENSG00000168334	0.379111691434523
ENSG00000168329	0.4779548418244
ENSG00000144659	-0.0419826966799882
ENSG00000289279	0.270008418892419
ENSG00000230274	0.0603446355062283
ENSG00000177873	-0.00230424932887206
ENSG00000177842	0.150350804615793
ENSG00000172888	0.131324594545834
ENSG00000168036	0.00552390460611793
ENSG00000187094	-0.549202534181821
ENSG00000093183	0.0933562023240102
ENSG00000008324	-0.314999515642258
ENSG00000114853	0.175083952384346
ENSG00000010282	0.41886478027329
ENSG00000173811	0.191340472412236
ENSG00000240747	0.0798810600777068
ENSG00000182983	0.285000433082158
ENSG00000144649	0.0788864742922628
ENSG00000160746	-0.0492531675398673
ENSG00000280435	0.980767915633405
ENSG00000261786	0.292602835663832
ENSG00000271937	0.0068360521335846
ENSG00000179152	-0.116195193217125
ENSG00000185219	-0.0770354853693051
ENSG00000186448	-0.0158226069114473
ENSG00000169981	-0.162106181883429
ENSG00000272077	0.258304991165815
ENSG00000186446	-0.0358585422616609
ENSG00000169964	-0.112402532964457
ENSG00000075914	-0.0469034152001676
ENSG00000011376	0.149107589103749
ENSG00000163818	-0.145832835125691
ENSG00000163820	-0.159689319233052
ENSG00000163823	0.05899441466917
ENSG00000160791	0.0108201139819684
ENSG00000121797	0.219425220327038
ENSG00000181585	-0.203475476723684
ENSG00000283706	-0.142376706017615
ENSG00000236409	0.107046011016856
ENSG00000181555	0.0358004349440903
ENSG00000114648	-0.0908493234847304
ENSG00000280173	0.178308019082413
ENSG00000271161	1.05355327073445
ENSG00000114646	0.474368089513613
ENSG00000173473	0.0806963192709923
ENSG00000132153	-0.0754546569198129
ENSG00000164045	0.0483552548127959
ENSG00000164047	-0.138236315398665
ENSG00000229759	0.719904004745853
ENSG00000172113	-0.0322380727573936
ENSG00000289043	-0.0384735786525571
ENSG00000164053	-0.123286298474411
ENSG00000164054	0.0724769983310113
ENSG00000225697	0.128857100547356
ENSG00000008300	-0.179889179830664
ENSG00000068745	-0.100101080087544
ENSG00000114302	-0.137285809997356
ENSG00000224424	0.230922619916839
ENSG00000178537	0.10463724121072
ENSG00000221883	0.295386277091612
ENSG00000177479	0.0904618553694298
ENSG00000285416	-0.0785505565877232
ENSG00000178149	-0.149262241271054
ENSG00000178035	-0.228875447612348
ENSG00000198218	0.0307749375541105
ENSG00000172053	0.053185018524854
ENSG00000177352	0.0277042668970928
ENSG00000188315	-0.0134567676166082
ENSG00000233276	0.0855812277601657
ENSG00000145022	0.160002298633593
ENSG00000145020	0.382883682763293
ENSG00000145029	-0.0495505535560402
ENSG00000173402	0.0930203469933074
ENSG00000226913	0.0886918307139135
ENSG00000164068	0.046963204798925
ENSG00000173540	-0.255247335064977
ENSG00000185614	0.172409809025246
ENSG00000182179	0.769863398299708
ENSG00000164076	0.0431617351479024
ENSG00000004534	-0.031970058068509
ENSG00000001617	-0.218731494376495
ENSG00000188338	0.489160516646293
ENSG00000230454	0.389391956455078
ENSG00000012171	0.760346772748469
ENSG00000179564	0.11313692217178
ENSG00000214706	-0.193538511701888
ENSG00000068001	0.0909934800630632
ENSG00000281358	0.376044216246859
ENSG00000114388	-0.069294171634652
ENSG00000126062	-0.104456472383318
ENSG00000007402	0.104100215072999
ENSG00000114735	0.111781650963185
ENSG00000114737	0.216432201462004
ENSG00000114738	-0.0359595330016909
ENSG00000273356	-0.000609799828071729
ENSG00000145050	-0.686266268396507
ENSG00000145041	-0.127671942197345
ENSG00000164080	0.13520671027075
ENSG00000164081	-0.0405425045344424
ENSG00000287707	-0.0220893145883103
ENSG00000114767	-0.182675216952719
ENSG00000041880	0.146048523111159
ENSG00000280422	0.171242418372013
ENSG00000114779	0.0674619402703012
ENSG00000248487	-0.00239367139371805
ENSG00000162244	-0.125647000700472
ENSG00000164086	-0.196261589615947
ENSG00000023330	0.0402740728338869
ENSG00000239732	0.0572399875228454
ENSG00000247596	-0.117874090933125
ENSG00000168237	0.0174217295748311
ENSG00000114841	0.145925574592843
ENSG00000010322	0.142774774634099
ENSG00000010327	0.0237387851371394
ENSG00000163938	-0.12424438596225
ENSG00000016864	0.0381248557932127
ENSG00000114904	-0.0333847269794786
ENSG00000272573	0.957915598388914
ENSG00000279144	0.24587645019697
ENSG00000289519	-0.130301901576654
ENSG00000163933	-0.0310708304160341
ENSG00000163932	0.224430279459599
ENSG00000163931	0.110963933408892
ENSG00000272886	-0.00356994619410928
ENSG00000016391	0.0846691010046435
ENSG00000271976	0.0241511056734943
ENSG00000113812	0.125561593384115
ENSG00000114251	0.314052695797508
ENSG00000163946	-0.0419377216442123
ENSG00000144730	0.0285867368839544
ENSG00000157500	-0.176620743341251
ENSG00000287502	-0.559032699621156
ENSG00000174840	-0.11395708946197
ENSG00000168374	-0.114313088180467
ENSG00000174839	-0.016959544292865
ENSG00000163686	-0.0250496684028995
ENSG00000272182	0.387283994215584
ENSG00000168306	-0.0615615121030756
ENSG00000168309	-0.133940040299056
ENSG00000243384	0.14137098449113
ENSG00000226360	-0.498669227375149
ENSG00000163635	-0.0316011460349947
ENSG00000163636	-0.0177927212510989
ENSG00000272181	-0.0213802113761387
ENSG00000163637	-0.0251825191324484
ENSG00000163638	-0.403731662223047
ENSG00000241158	-0.184864555670689
ENSG00000270059	0.0381767027457504
ENSG00000144749	-0.0330088926682126
ENSG00000163376	-0.062618389088932
ENSG00000172340	-0.0680019528894627
ENSG00000163378	0.172063561744318
ENSG00000144747	-0.203990151911043
ENSG00000114541	0.0278440807154377
ENSG00000287595	-0.126139531080316
ENSG00000163605	-0.279853548322001
ENSG00000163320	-0.0698245587324959
ENSG00000179021	-0.0269446037551669
ENSG00000178700	0.147040847347643
ENSG00000080200	0.0821723838274482
ENSG00000170854	0.013423054572661
ENSG00000080822	0.39380759103136
ENSG00000286602	-0.118319346045706
ENSG00000080819	-0.0439830335972683
ENSG00000036054	-0.058306633789221
ENSG00000114354	0.0849603228672627
ENSG00000242299	-0.530083189973645
ENSG00000289629	-0.474800290256671
ENSG00000066422	-0.172949166405149
ENSG00000256628	0.135439434332977
ENSG00000244119	0.0479392286153595
ENSG00000182504	-0.107037985022777
ENSG00000144802	0.0430353193274439
ENSG00000170017	-0.104389975285711
ENSG00000288848	-0.317772659496456
ENSG00000288557	-0.031595268252143
ENSG00000243701	0.00972569253862677
ENSG00000241218	-0.0661341755021996
ENSG00000272597	-0.797027058378656
ENSG00000138483	-0.181418582535133
ENSG00000114439	0.0385593574045103
ENSG00000114446	-0.128126066378819
ENSG00000144834	-0.0615200579210219
ENSG00000163607	-0.0872510396070792
ENSG00000144857	0.110396621800661
ENSG00000176542	-0.0424299567534156
ENSG00000121579	0.0782039265195076
ENSG00000178075	0.0548062931912315
ENSG00000241889	0.421739748801495
ENSG00000163617	0.0131151311301085
ENSG00000172020	0.0087564053338317
ENSG00000240393	0.0485320447924601
ENSG00000144847	0.136253118002335
ENSG00000121578	-0.00145851406355863
ENSG00000031081	0.213256682639635
ENSG00000272662	0.127001352190895
ENSG00000113845	0.0996266958437031
ENSG00000144843	0.00615728968341536
ENSG00000144837	0.0976824488398898
ENSG00000138495	-0.128477992867056
ENSG00000183833	-0.0883457490210943
ENSG00000163428	0.0366475690992888
ENSG00000153767	-0.0264617672260505
ENSG00000173230	0.0552142781973707
ENSG00000163406	0.0298937589090421
ENSG00000114013	0.2346969667324
ENSG00000121552	-0.182957728231783
ENSG00000196981	0.0391865289399236
ENSG00000114030	-0.0678863506990899
ENSG00000138496	0.148146535764501
ENSG00000163840	0.0680270018678499
ENSG00000173193	0.471411811168362
ENSG00000138463	0.142079268317176
ENSG00000121542	-0.126490439711313
ENSG00000173175	-0.0623219714897888
ENSG00000206527	0.0366584863979157
ENSG00000273123	-0.0901193842354131
ENSG00000114491	-0.146518429487312
ENSG00000163848	-0.185549576799247
ENSG00000144909	-0.0825389984726089
ENSG00000284624	0.270053313713836
ENSG00000239804	-0.178820008147765
ENSG00000287617	0.139316227389969
ENSG00000144908	0.144453435542035
ENSG00000246022	0.0207738706855015
ENSG00000250934	-0.000736330491328121
ENSG00000251448	0.040275521194931
ENSG00000163884	0.124694838024081
ENSG00000279328	-0.144684361884477
ENSG00000159685	-0.0987627054093543
ENSG00000114554	-0.15197032470579
ENSG00000163870	-0.178598324290228
ENSG00000114626	-0.240567379970733
ENSG00000058262	-0.0866312243619265
ENSG00000175792	-0.147729590390738
ENSG00000244300	-0.141599367073727
ENSG00000239405	0.0489250534501328
ENSG00000163902	-0.133015615291171
ENSG00000075785	0.0692919606657688
ENSG00000261159	-0.243743422855617
ENSG00000287110	-0.116346480717069
ENSG00000177646	-0.0203449046527703
ENSG00000172780	0.00355281648178018
ENSG00000240682	-0.163419192302816
ENSG00000273437	-0.524245891228957
ENSG00000169714	0.106071237067333
ENSG00000181789	-0.00959029888174739
ENSG00000183624	-0.0293444411560408
ENSG00000163913	-0.0835830090617511
ENSG00000129071	0.120048843607929
ENSG00000203644	0.416818899922312
ENSG00000271270	-0.193050144154995
ENSG00000253540	-0.175203920247245
ENSG00000246082	0.304065086696709
ENSG00000198585	0.293941690053437
ENSG00000138246	0.010652201826678
ENSG00000091527	0.0778998627748674
ENSG00000163781	-0.0524947051195435
ENSG00000091513	0.725742182519608
ENSG00000244062	0.601425255068725
ENSG00000144867	0.00641736293950167
ENSG00000163785	-0.142217279097011
ENSG00000260633	0.288844579491383
ENSG00000114019	0.0448419983778705
ENSG00000174579	-0.181853083595905
ENSG00000261758	-0.0577858126629121
ENSG00000168917	0.0674675537948214
ENSG00000273486	0.476872263779848
ENSG00000158092	-0.130319423812714
ENSG00000158186	-0.0551546316158843
ENSG00000114107	0.0414222980348679
ENSG00000183770	-0.174314431905225
ENSG00000206262	-0.00535349340857563
ENSG00000184432	0.0824956499364216
ENSG00000114115	0.179369889908331
ENSG00000177311	-0.208298354482664
ENSG00000069849	-0.0479075201809067
ENSG00000233597	0.0420238062470124
ENSG00000114127	0.0968863736754623
ENSG00000175054	0.00896959029554957
ENSG00000144935	-0.105717160477545
ENSG00000181744	-0.232356998493645
ENSG00000152952	-0.080844826420116
ENSG00000114698	-0.141940983740699
ENSG00000279320	-0.256193689412571
ENSG00000188313	-0.183320317388678
ENSG00000163754	0.154173139812064
ENSG00000163755	0.219531564674051
ENSG00000047457	0.0825813646961431
ENSG00000169908	-0.309093207835619
ENSG00000241313	-0.169851650657703
ENSG00000224831	-0.0495585571152602
ENSG00000286501	-0.14963842201706
ENSG00000196428	-0.199388114202357
ENSG00000120742	-0.0533394371922851
ENSG00000144895	-0.168275864741663
ENSG00000240137	-0.0154463296972545
ENSG00000181788	-0.445239479150809
ENSG00000169313	0.290409362300867
ENSG00000198829	0.0942270817047698
ENSG00000152601	-0.256691678106039
ENSG00000169860	-0.0323552834148672
ENSG00000241912	0.00100086743815291
ENSG00000240068	0.0658377673046267
ENSG00000243069	-0.0713443447916742
ENSG00000114790	0.0250668231438929
ENSG00000169359	-0.227305508972217
ENSG00000114850	0.169137163217565
ENSG00000118855	0.13473426997675
ENSG00000279311	0.0763135422757464
ENSG00000068885	0.365338429584419
ENSG00000113810	-0.0441966404569909
ENSG00000186432	-0.206390296262829
ENSG00000229320	-0.258073755572134
ENSG00000260572	0.146863646247917
ENSG00000163590	-0.0945439927199541
ENSG00000169255	-0.111292539980166
ENSG00000169251	-0.0728195664476604
ENSG00000114200	0.154852466695559
ENSG00000163536	0.166217574004816
ENSG00000173905	-0.0184685854996251
ENSG00000213178	-0.379548268056347
ENSG00000269889	-0.00463874396675432
ENSG00000269984	0.175296494950293
ENSG00000171757	0.0942539035348165
ENSG00000270096	-0.248037226827029
ENSG00000008952	0.081296655379934
ENSG00000213174	-0.175683852587871
ENSG00000244738	-0.0135753102847091
ENSG00000154310	-0.00326084500810388
ENSG00000279673	0.141748184280374
ENSG00000075651	0.103509243289881
ENSG00000121858	0.755043136960486
ENSG00000114346	-0.17760352350054
ENSG00000121864	-0.15099645258742
ENSG00000114450	0.0602828774294187
ENSG00000272699	-0.379491472475993
ENSG00000058056	-0.0583122877300455
ENSG00000114757	0.0763283732193177
ENSG00000114416	-0.093715919740039
ENSG00000181449	0.0133694388662537
ENSG00000043093	-0.0950129405156614
ENSG00000172578	0.171692351729369
ENSG00000114796	0.0259843061661336
ENSG00000180834	0.255287099959387
ENSG00000175193	-0.0204599547634854
ENSG00000114770	-0.0811698025792025
ENSG00000145191	-0.0526046981879935
ENSG00000161202	0.100652675195856
ENSG00000214160	-0.00586102435368369
ENSG00000163888	0.426344583409637
ENSG00000114867	0.0527815997245889
ENSG00000163882	-0.111226676095641
ENSG00000272970	-0.0780305853567187
ENSG00000272922	-0.279496572143274
ENSG00000187068	0.0947994235587474
ENSG00000113790	0.0178635354465426
ENSG00000163904	0.0437505389944054
ENSG00000058866	0.0525250090714944
ENSG00000090520	-0.43605202767221
ENSG00000232233	0.0213189471491605
ENSG00000073849	0.297848747744052
ENSG00000175077	-0.138555288328698
ENSG00000136514	0.288992310005191
ENSG00000157005	1.38568398219842
ENSG00000113916	-0.339435063590367
ENSG00000270959	0.405873695172623
ENSG00000163347	0.0578943695235476
ENSG00000196083	0.0210121839521503
ENSG00000127249	0.137505596919474
ENSG00000114315	-0.140999974743087
ENSG00000231770	0.00212264069958094
ENSG00000288979	0.184855459521209
ENSG00000041802	-0.0246191745263184
ENSG00000185112	-0.524467740366531
ENSG00000189058	0.402997488400096
ENSG00000283426	-0.0343980793328701
ENSG00000176945	-0.167544916064999
ENSG00000286004	-0.0190127184865493
ENSG00000231464	0.0981409490414574
ENSG00000072274	0.484576979080386
ENSG00000161217	0.028829317900507
ENSG00000163960	0.0581448453178131
ENSG00000273013	0.574257808278421
ENSG00000185798	-0.151352531676751
ENSG00000174013	-0.113967528360753
ENSG00000288990	-0.0234721701471499
ENSG00000174004	0.0798364253528785
ENSG00000180370	0.127238953236608
ENSG00000230732	-0.146598084779368
ENSG00000114503	0.0445327962503125
ENSG00000225578	-0.0502472714103826
ENSG00000119227	0.237407423080355
ENSG00000228109	-0.0287576863738258
ENSG00000161267	-0.00207183671912036
ENSG00000213519	-0.765062654805808
ENSG00000249626	-0.10139279911468
ENSG00000145016	0.058856607652411
ENSG00000273375	-0.251031995944074
ENSG00000114473	-0.0258493287602266
ENSG00000272602	-0.0817829711717386
ENSG00000275426	-0.671561388180705
ENSG00000251188	-0.26309659335541
ENSG00000131127	-0.0644156915663726
ENSG00000248564	0.312863207749569
ENSG00000182903	-0.104304784773413
ENSG00000273238	0.0222041000185074
ENSG00000283183	-0.0650344365032994
ENSG00000133256	0.380735436552496
ENSG00000169026	-0.129784600254753
ENSG00000185619	-0.123381987582257
ENSG00000249592	-0.217062683324388
ENSG00000272783	-0.045633746117164
ENSG00000163950	-0.234416419169696
ENSG00000013810	0.0675328261308153
ENSG00000068078	0.187209929099032
ENSG00000123933	-0.0555626714467795
ENSG00000159733	-0.0655336274337673
ENSG00000063978	0.00473478010118001
ENSG00000168884	-0.354123810137579
ENSG00000087266	0.186935596403542
ENSG00000087274	0.0845615663615766
ENSG00000249673	0.0423322723723034
ENSG00000087269	-0.0931801028456969
ENSG00000197386	-0.12518466770283
ENSG00000250986	0.0603344134378142
ENSG00000184160	-0.0721252829657901
ENSG00000145220	-0.413875524120012
ENSG00000168826	-0.00674171377168577
ENSG00000170891	0.256102378787233
ENSG00000074211	0.306525995940659
ENSG00000178988	0.0106911113917112
ENSG00000170871	0.0448932915699243
ENSG00000132405	0.00944470517522825
ENSG00000287104	-0.000482772423711478
ENSG00000173011	-0.142505695675659
ENSG00000109519	-0.13494326627482
ENSG00000245468	0.154684362690521
ENSG00000251615	0.0219454351322826
ENSG00000205959	-0.0877543710150224
ENSG00000242034	-0.341950591203038
ENSG00000071127	-0.221920585131481
ENSG00000157869	-0.0806550613190319
ENSG00000038219	-0.00425377285937071
ENSG00000048342	0.00666945344052668
ENSG00000237765	0.0623767576954164
ENSG00000169762	-0.0771682307004291
ENSG00000151552	0.309282641275866
ENSG00000002549	-0.018695939918694
ENSG00000118579	-0.0434342527428389
ENSG00000163257	0.21207215411658
ENSG00000163138	-0.156994066029917
ENSG00000272995	0.41493414305388
ENSG00000152990	-0.152019977074657
ENSG00000244538	0.0717551314314929
ENSG00000109819	0.0309232785489893
ENSG00000261121	-0.0311509871054074
ENSG00000109610	0.0405590735233565
ENSG00000181982	-0.0933863432515162
ENSG00000153012	-0.129315656432178
ENSG00000109618	0.0948917415200351
ENSG00000038210	-0.0520756043705983
ENSG00000271172	-0.136963776119298
ENSG00000053900	-0.0129801760507822
ENSG00000250317	-0.0291371749031512
ENSG00000168214	-0.00471080020371534
ENSG00000163394	0.190831083175819
ENSG00000286596	-0.0464699021969346
ENSG00000047365	-0.0345154870240221
ENSG00000181826	-0.195606300495501
ENSG00000169299	-0.131646971657573
ENSG00000065882	-0.138356826858216
ENSG00000231160	0.16011810843658
ENSG00000174123	0.0450281922622615
ENSG00000174125	0.359673325807319
ENSG00000174130	0.100631027043242
ENSG00000157796	-0.0935467742876708
ENSG00000035928	-0.018427144705632
ENSG00000224097	-0.354177708497347
ENSG00000287262	-0.225782213280702
ENSG00000121892	-0.161885318669229
ENSG00000260296	-0.138853359265085
ENSG00000154277	-0.0234704148058401
ENSG00000064042	0.238489745319101
ENSG00000272862	-0.567669271977772
ENSG00000188848	-0.0150779058796099
ENSG00000178343	1.01107005693898
ENSG00000124406	0.0810886803424751
ENSG00000163281	-0.164642550075006
ENSG00000163285	0.0456160102965336
ENSG00000145246	-0.00945337769687455
ENSG00000145248	0.615949276727211
ENSG00000182223	0.0795907716928873
ENSG00000075539	0.0503416361798031
ENSG00000145247	0.172114473050143
ENSG00000272576	0.0874786759694552
ENSG00000163071	-0.238909465303664
ENSG00000109189	0.101061164650554
ENSG00000248866	0.185417908192938
ENSG00000226887	-0.0270016290486459
ENSG00000109220	-0.184674418765354
ENSG00000134853	0.669614342235134
ENSG00000273257	-0.03116812266314
ENSG00000239040	0.72966663679976
ENSG00000157426	-0.0606906199050243
ENSG00000269921	0.327324373957701
ENSG00000128059	-0.0993796842514425
ENSG00000128050	0.130700384231844
ENSG00000171476	-0.138395752901666
ENSG00000288944	0.120403674425245
ENSG00000084093	-0.089154454278637
ENSG00000047315	0.000841845580199892
ENSG00000279464	-0.225786694571246
ENSG00000250656	0.0130162215280031
ENSG00000083896	0.160284096812831
ENSG00000162840	0.154615167236664
ENSG00000132467	0.0781692520100791
ENSG00000272986	0.177884022787441
ENSG00000132463	-0.0251073874253826
ENSG00000289019	-0.0116245970346121
ENSG00000173542	-0.0763517999551011
ENSG00000080493	-0.128473485223286
ENSG00000163626	0.0239067608911981
ENSG00000163736	-0.166804828201815
ENSG00000163735	-0.151476920268908
ENSG00000288019	-0.0656636354519897
ENSG00000269559	0.255943026422493
ENSG00000174796	-0.074128450997764
ENSG00000174792	-0.224695856143953
ENSG00000138769	-0.248813759627672
ENSG00000198301	-0.155947088257055
ENSG00000138755	0.26414400882277
ENSG00000169245	1.09593712683096
ENSG00000169248	0.305248059271706
ENSG00000138758	0.00138541906411461
ENSG00000234036	0.0761509173894772
ENSG00000118816	0.0817115328867155
ENSG00000289496	0.289678948424446
ENSG00000138764	-0.0580832574354266
ENSG00000138767	-0.0211472520347873
ENSG00000138772	-0.0536995537617841
ENSG00000251442	0.38182221370123
ENSG00000138756	0.0737908955826293
ENSG00000248719	-0.0741699847070802
ENSG00000138668	0.110651943612206
ENSG00000152795	0.0885192211584823
ENSG00000249242	-0.0360814764821231
ENSG00000138674	-0.0757219562408622
ENSG00000168152	0.0240351377596609
ENSG00000189308	-0.118692557212126
ENSG00000173085	-0.0239461641962659
ENSG00000173083	0.314189968405362
ENSG00000163312	0.0251066691741672
ENSG00000163625	0.114501510158289
ENSG00000180769	0.171712395944274
ENSG00000163629	0.146837489789683
ENSG00000284968	0.252884182310215
ENSG00000172493	0.0700852870344392
ENSG00000145332	-0.161479584779569
ENSG00000198189	0.00182578159488962
ENSG00000170502	-0.169211481355531
ENSG00000272856	0.350012007079822
ENSG00000152583	-0.0739776988460377
ENSG00000118785	0.662983350007793
ENSG00000118762	0.176988907759282
ENSG00000163644	0.0220799640233224
ENSG00000246375	0.0359990322373875
ENSG00000138642	0.148173362967189
ENSG00000138646	0.292822291816306
ENSG00000177432	0.222743659320961
ENSG00000180346	0.0211475821987638
ENSG00000145335	-0.210215362805237
ENSG00000163110	-0.103231220224892
ENSG00000271474	0.314075574521166
ENSG00000242697	-0.291313461322152
ENSG00000289532	0.0881192590035971
ENSG00000260641	0.205175165406425
ENSG00000164024	-0.135998000686757
ENSG00000197894	-0.0791595438307338
ENSG00000164032	-0.458768307895803
ENSG00000145358	-0.623375527931646
ENSG00000138821	-0.0857437487784864
ENSG00000109320	-0.0513953737912069
ENSG00000109323	0.0907968692931619
ENSG00000246560	-0.108910764932991
ENSG00000164038	-0.083068246387084
ENSG00000164039	-0.0214198333966864
ENSG00000168769	-0.0140184284663156
ENSG00000168743	0.391621209731323
ENSG00000245293	0.255624322182775
ENSG00000155016	0.0331677714405213
ENSG00000138796	-0.138664953829117
ENSG00000198856	-0.359637221616584
ENSG00000164089	0.580937574855115
ENSG00000250185	0.0351845688624623
ENSG00000249465	-0.207020865967738
ENSG00000138802	-0.0298142277660967
ENSG00000138794	-0.115711443783553
ENSG00000123739	0.053685774326688
ENSG00000205403	-0.246339984169113
ENSG00000109534	-0.532547382106721
ENSG00000170522	-0.0299324988879851
ENSG00000145365	-0.280112198340444
ENSG00000174720	0.0596451428010489
ENSG00000145349	-0.145231202462202
ENSG00000174607	0.24817893183837
ENSG00000250215	0.693955163918673
ENSG00000174599	-0.00830088849183759
ENSG00000248213	-0.0672103851075588
ENSG00000281731	0.0179682614199951
ENSG00000145388	0.122810000428769
ENSG00000150961	-0.128211372973138
ENSG00000145390	0.0466200716287219
ENSG00000164096	0.243020660139146
ENSG00000283050	0.06856738239521
ENSG00000164111	0.242366166313984
ENSG00000123737	0.0522634501507881
ENSG00000145386	-0.395002743571869
ENSG00000138686	-0.123954218809229
ENSG00000138685	-0.157740658553391
ENSG00000273007	-0.00307567128358109
ENSG00000164066	0.310824318110688
ENSG00000164070	-0.190600004522268
ENSG00000142731	-0.0170399846419981
ENSG00000138709	-0.168393334253728
ENSG00000077684	-0.130275277650908
ENSG00000250241	0.08711030749656
ENSG00000254535	-0.000708780223409853
ENSG00000151012	0.112002893769455
ENSG00000151014	0.144969882224147
ENSG00000109381	0.0107085328839579
ENSG00000164134	-0.160292918487407
ENSG00000273247	-0.0657746724563227
ENSG00000145391	0.300894972242109
ENSG00000286896	0.122436358146473
ENSG00000109436	-0.125339474054438
ENSG00000273472	0.0302470505988389
ENSG00000109445	-0.0665570651428801
ENSG00000109458	-0.0483421919704925
ENSG00000243175	0.0968333613918524
ENSG00000245112	0.509373006840876
ENSG00000153147	0.0767082866414954
ENSG00000236296	0.0783238818873968
ENSG00000249741	0.531846937128531
ENSG00000164161	0.164949030518361
ENSG00000289314	0.256354375978285
ENSG00000170365	-0.306708366502895
ENSG00000151612	0.0112794910508605
ENSG00000279845	-0.66756186872941
ENSG00000288998	0.218300257559165
ENSG00000151617	-0.0355567413455416
ENSG00000169989	0.164788783710884
ENSG00000164144	-0.0882820494739865
ENSG00000231841	0.321249588006366
ENSG00000137460	-0.163030131781672
ENSG00000109654	-0.07493598679222
ENSG00000248208	-0.0334933455363431
ENSG00000137462	0.655128601734814
ENSG00000171566	0.139433986370681
ENSG00000121207	0.014503928905762
ENSG00000287730	0.107411545011165
ENSG00000120251	-0.14827443225499
ENSG00000164125	0.126208065110012
ENSG00000248429	-0.00108755573620099
ENSG00000205208	0.0219406930586871
ENSG00000171503	0.099123021232278
ENSG00000171497	-0.289936124863523
ENSG00000052795	-0.0829644350300528
ENSG00000183439	-0.0545911932124307
ENSG00000250486	0.00943607331375475
ENSG00000170088	0.0189265197544206
ENSG00000109466	-0.0854919546478134
ENSG00000109472	-0.0129484079515127
ENSG00000196104	0.0998209501839535
ENSG00000137628	0.155815610177804
ENSG00000137601	0.0069601477835072
ENSG00000289508	-0.268784717637189
ENSG00000164104	0.2992440488998
ENSG00000288728	-0.148149994212597
ENSG00000272870	0.0231574792340362
ENSG00000164106	0.557401099705086
ENSG00000164117	-0.061784266321434
ENSG00000164118	0.0314676637136919
ENSG00000289392	-0.411051675338098
ENSG00000150625	-0.119399708470288
ENSG00000129128	-0.18293519485814
ENSG00000286119	-0.56565761428839
ENSG00000272646	-0.287738482539004
ENSG00000151718	0.0305758805028893
ENSG00000168564	-0.0134525039877077
ENSG00000272744	-0.324648907458184
ENSG00000182552	-0.00347256403321343
ENSG00000168538	0.0390271757698356
ENSG00000173320	0.0351251192478203
ENSG00000168310	-0.0999023751910397
ENSG00000270426	0.0132518108645871
ENSG00000271646	0.374147628002627
ENSG00000271538	-0.0742618415550462
ENSG00000164305	-0.193881695906724
ENSG00000164306	-0.0216950776623226
ENSG00000151726	-0.00848329525651297
ENSG00000109771	0.148717986480177
ENSG00000154553	-0.210531400855859
ENSG00000164342	0.406416184289904
ENSG00000145476	0.0263578603163878
ENSG00000164344	-0.103842169118219
ENSG00000083857	0.023333793093015
ENSG00000248925	0.091382688542946
ENSG00000250848	-0.0602994734888302
ENSG00000221990	-0.248537068627085
ENSG00000225138	-0.216223774876391
ENSG00000171368	-0.0119269717513974
ENSG00000206077	0.202493526461965
ENSG00000288930	0.512210148331418
ENSG00000028310	-0.0800370068585638
ENSG00000272347	-0.303630089264065
ENSG00000049656	-0.212094031351231
ENSG00000286388	0.150422929554019
ENSG00000279908	0.0895496784268456
ENSG00000142319	1.11944253178606
ENSG00000185986	0.0625315484155124
ENSG00000249966	-0.411710330664658
ENSG00000289075	-0.109127549641294
ENSG00000170549	0.165631582741255
ENSG00000164151	-0.0719701113785337
ENSG00000133398	-0.286954890684841
ENSG00000215218	-0.178048945934117
ENSG00000037474	-0.0342676092023288
ENSG00000145545	0.168045327007824
ENSG00000112941	-0.0740032227198792
ENSG00000250668	0.0158728101631418
ENSG00000272417	-0.0382460670356611
ENSG00000150753	-0.274259280155366
ENSG00000164237	-0.124712650746277
ENSG00000112977	-0.0941989579313443
ENSG00000038382	0.0399160187058177
ENSG00000145569	0.227629516174014
ENSG00000154124	-0.116667109310029
ENSG00000286970	0.813553951823563
ENSG00000145555	0.104986774893642
ENSG00000176788	-0.0578844752588289
ENSG00000213430	-0.181038158194389
ENSG00000113360	0.0144946400654141
ENSG00000082213	-0.149258631924347
ENSG00000113384	-0.0759296972573504
ENSG00000056097	0.0542231724135869
ENSG00000113407	-0.157017771927892
ENSG00000182631	0.127617266769958
ENSG00000272323	0.125801221849968
ENSG00000250140	0.167293184792428
ENSG00000168724	-0.0846393285915996
ENSG00000168685	-0.0650897485031333
ENSG00000145604	-0.00721609576694878
ENSG00000152620	-0.233480019225783
ENSG00000164188	-0.0465225346095573
ENSG00000079215	0.270170324784717
ENSG00000285967	0.0111700129242731
ENSG00000164190	-0.0921815272947962
ENSG00000113569	-0.0311852701456337
ENSG00000113594	0.0425822088074807
ENSG00000145623	0.0270367467427574
ENSG00000164327	-0.0378483278802745
ENSG00000082074	0.000970020487066462
ENSG00000153071	0.101705462595177
ENSG00000171522	-0.148819960678694
ENSG00000132356	-0.178670562110505
ENSG00000288911	0.0479333936037528
ENSG00000132357	-0.173346390351998
ENSG00000205765	0.0235547338781761
ENSG00000151876	-0.102012790746656
ENSG00000198865	-0.00620870448246267
ENSG00000272234	0.225311335139011
ENSG00000286656	0.446247871037116
ENSG00000271788	0.123461773462239
ENSG00000177721	-0.0742676572698031
ENSG00000215068	0.0887874271173321
ENSG00000272144	0.250874823944545
ENSG00000172262	-0.131199009523909
ENSG00000177453	-0.0554719250855646
ENSG00000248092	-0.120914202812044
ENSG00000279557	-0.268797232441508
ENSG00000251141	-0.0878489058258081
ENSG00000272335	-0.0190686315114869
ENSG00000170571	0.237330448873405
ENSG00000247796	-0.0508132421837067
ENSG00000272416	-0.118102019068752
ENSG00000280159	0.256852822274832
ENSG00000227908	-0.0578690740737053
ENSG00000095015	0.0286790672798506
ENSG00000155542	-0.07212872561741
ENSG00000155545	-0.110070646873548
ENSG00000062194	-0.0356326785816303
ENSG00000152932	0.0777533128401375
ENSG00000164181	0.0691051741613174
ENSG00000049167	-0.0691245586282478
ENSG00000276945	0.530435526829767
ENSG00000188725	-0.159756370066116
ENSG00000130449	0.0667270714127881
ENSG00000178722	0.0958016749877757
ENSG00000068796	-0.0326814073952351
ENSG00000086189	-0.0332091938677494
ENSG00000178394	-0.192185984885997
ENSG00000153006	-0.193271380669663
ENSG00000253251	-0.348718357119642
ENSG00000123213	-0.0581803653555332
ENSG00000112851	-0.118741284704566
ENSG00000153914	-0.0773636922138395
ENSG00000229666	0.0656508603708734
ENSG00000134061	-0.0465635403170921
ENSG00000145675	0.200046736541583
ENSG00000145740	-0.292702710507284
ENSG00000280187	0.0711120515360673
ENSG00000153044	-0.140820381461328
ENSG00000152939	-0.161227138678625
ENSG00000131844	0.137738486283455
ENSG00000285804	0.115041088296439
ENSG00000131711	0.0876457982712334
ENSG00000113048	-0.100969566725524
ENSG00000049883	0.0561143481561625
ENSG00000083312	-0.164184395406708
ENSG00000157107	-0.127017096933963
ENSG00000251493	0.30640156657254
ENSG00000272525	-0.189994198957472
ENSG00000164331	0.140622227735098
ENSG00000164338	-0.0550497485160241
ENSG00000049860	-0.015958504657747
ENSG00000164347	0.00517651682021299
ENSG00000164346	-0.134640747315477
ENSG00000198780	0.135434025944941
ENSG00000271714	0.193868633324946
ENSG00000289639	-0.284794460469969
ENSG00000272040	-0.244177214835654
ENSG00000164220	0.32403277880531
ENSG00000181104	-0.0332988966670052
ENSG00000164251	0.14373887776564
ENSG00000145708	0.0381013215549689
ENSG00000132846	0.578684991299467
ENSG00000132842	-0.0176514378130103
ENSG00000145685	0.115662884229002
ENSG00000152409	-0.0851188768093892
ENSG00000164329	0.00400304693817937
ENSG00000164309	-0.0142951867523194
ENSG00000251050	-0.236703561809551
ENSG00000288741	0.422199444058227
ENSG00000251450	0.125456910978687
ENSG00000113319	0.0554160148405706
ENSG00000247572	0.011701901902555
ENSG00000131730	0.239554819783295
ENSG00000131732	-0.250295540757618
ENSG00000145687	-0.0706325631830443
ENSG00000186468	0.237759154624241
ENSG00000205464	-0.153709037216389
ENSG00000281327	0.0346472988984209
ENSG00000271862	-0.0412431875678304
ENSG00000287783	0.469276160391171
ENSG00000289462	0.639683254711911
ENSG00000247828	-0.0447971039342957
ENSG00000245526	0.215115675608637
ENSG00000153140	-0.152075401284476
ENSG00000113369	0.179995078944466
ENSG00000249958	-0.153791278918762
ENSG00000237187	-0.00115588933408201
ENSG00000175745	0.0402171171917766
ENSG00000251023	0.025604136270456
ENSG00000164292	0.152709935639528
ENSG00000173221	-0.198651527973393
ENSG00000236882	0.358685434883876
ENSG00000118985	-0.0140335084566961
ENSG00000175426	-0.0213357250135565
ENSG00000153113	-0.182993593719575
ENSG00000145721	0.500467875664743
ENSG00000248489	-0.0950626973403583
ENSG00000271207	-0.108842118226152
ENSG00000113532	-0.0991830732467752
ENSG00000283462	0.399838130157418
ENSG00000289260	0.437207626149538
ENSG00000112893	0.133965492700468
ENSG00000202512	0.553204122765637
ENSG00000171444	0.0529350084377863
ENSG00000047188	0.0305490759443161
ENSG00000152503	-0.221841402438215
ENSG00000164219	-0.0917825770581944
ENSG00000164221	-0.0641708388336054
ENSG00000145780	0.00422961759602433
ENSG00000243414	-0.242243651031519
ENSG00000249249	0.162679911448107
ENSG00000272265	0.135186704325215
ENSG00000271918	-0.0640195008613286
ENSG00000092421	0.414526387015478
ENSG00000133835	0.1204096518298
ENSG00000113083	-0.18897668520285
ENSG00000263432	-0.447381841732762
ENSG00000168944	-0.0771641066105615
ENSG00000168916	0.0248389887693229
ENSG00000155324	0.0654565395275801
ENSG00000164904	0.287505091339392
ENSG00000164902	-0.0429717130107347
ENSG00000113368	-0.121046604120523
ENSG00000173926	-0.0841808015966161
ENSG00000249577	0.0355424394998944
ENSG00000164244	0.000644341819880254
ENSG00000205279	-0.0572186201010687
ENSG00000064651	0.105106495410703
ENSG00000158985	-0.145196228495584
ENSG00000217128	-0.0794039215763742
ENSG00000223548	0.568331049793064
ENSG00000072682	-0.122181032609393
ENSG00000131435	0.16853254568881
ENSG00000233006	-0.0737842560782663
ENSG00000197375	0.0283607539263986
ENSG00000125347	-0.00963829838652145
ENSG00000113522	-0.0279450800107183
ENSG00000205089	0.255084372108123
ENSG00000164402	0.235896169986777
ENSG00000198944	-0.327748245448915
ENSG00000272203	0.113323647883812
ENSG00000164403	0.220981014327365
ENSG00000164404	-0.00700899452965578
ENSG00000072364	0.00975742295594609
ENSG00000155329	-0.271846387119355
ENSG00000170606	-0.0889065697201681
ENSG00000279691	-0.180691662626549
ENSG00000270177	0.0941338238483325
ENSG00000043143	-0.0189590369146856
ENSG00000113615	-0.140076887334105
ENSG00000145833	-0.046611243779061
ENSG00000181904	-0.4275944181753
ENSG00000132570	0.0950010068791085
ENSG00000249119	-0.728416172202053
ENSG00000113648	-0.0816129126822289
ENSG00000270021	0.598130298735867
ENSG00000145832	0.0459900149146791
ENSG00000120708	-0.375312680903296
ENSG00000113658	-0.159046372049804
ENSG00000271824	0.0696317381476188
ENSG00000250284	0.249997582234649
ENSG00000146021	0.0351828833091373
ENSG00000177733	0.0539222998581927
ENSG00000287067	-0.0181989592408088
ENSG00000270697	-0.651177122739106
ENSG00000031003	0.00109055563874206
ENSG00000112983	-0.00787354414203193
ENSG00000120733	0.11679017282214
ENSG00000120738	-0.0238858074615906
ENSG00000113013	-0.0262671179405158
ENSG00000015479	-0.0973518130651242
ENSG00000228672	0.248092562295631
ENSG00000170464	-0.034028030032742
ENSG00000249751	-0.255669143682419
ENSG00000184584	-0.13961367756288
ENSG00000286403	0.661060367164791
ENSG00000272255	0.69278278717014
ENSG00000146005	0.49108237935963
ENSG00000182700	-0.0411696396275309
ENSG00000120306	-0.056641812194755
ENSG00000113073	0.0593541491622442
ENSG00000213523	0.151927169063338
ENSG00000243056	-0.315643755860874
ENSG00000176087	0.121396152500036
ENSG00000170458	-0.127873919924311
ENSG00000113119	0.0990882897884452
ENSG00000120314	0.029552244189138
ENSG00000170445	0.124110973817545
ENSG00000112855	-0.0482432329509998
ENSG00000204963	-0.0244881695522624
ENSG00000248383	0.11523769679502
ENSG00000081818	-0.0662634630276682
ENSG00000178913	-0.0117497912048925
ENSG00000288095	-0.0918332260829033
ENSG00000081853	0.186040135658284
ENSG00000254245	-0.109082208757874
ENSG00000262209	0.119003267428201
ENSG00000276547	0.309145046952551
ENSG00000253305	0.32458966457511
ENSG00000253846	0.0601227195805349
ENSG00000254122	0.305728374538608
ENSG00000131504	-0.170214424155796
ENSG00000164620	-0.0424502613111642
ENSG00000113578	0.332778258650067
ENSG00000145819	-0.0574688592791251
ENSG00000091009	-0.0362937350645938
ENSG00000091010	0.0240411598631061
ENSG00000173250	0.560248126033097
ENSG00000156475	0.0273809998141979
ENSG00000169302	0.351747068439437
ENSG00000272239	0.155118829287704
ENSG00000176049	-0.095947524905316
ENSG00000145868	-0.0290452243565746
ENSG00000169247	0.450330446536937
ENSG00000164284	-0.290137566673687
ENSG00000183111	0.172622483984332
ENSG00000155850	-0.0854054064241731
ENSG00000164296	0.212800164063329
ENSG00000113716	0.155905041059393
ENSG00000182578	0.528139614587834
ENSG00000011083	-0.135018309741003
ENSG00000070808	-0.607579326071034
ENSG00000183876	-0.101955070845873
ENSG00000070814	-0.141382013520282
ENSG00000019582	0.822512088866237
ENSG00000256235	0.431979948713656
ENSG00000145908	0.0291269804154082
ENSG00000197083	0.124253141610968
ENSG00000211445	-0.0248641137486101
ENSG00000145901	-0.0789833160450661
ENSG00000123643	0.00445743944740255
ENSG00000113140	0.580026768986337
ENSG00000145907	-0.0383651946953238
ENSG00000270978	0.103769686126316
ENSG00000055147	-0.153431072900048
ENSG00000037749	-0.154121197072004
ENSG00000164576	-0.0297881219315285
ENSG00000155506	-0.00469915043757106
ENSG00000170271	0.595565217689434
ENSG00000082516	-0.111648050749369
ENSG00000082515	-0.163011203327032
ENSG00000135077	0.377865858641022
ENSG00000251405	-0.15085434914292
ENSG00000279204	0.26154400361034
ENSG00000145860	-0.19294449494037
ENSG00000288764	0.147833834940134
ENSG00000254373	0.644193932822816
ENSG00000221886	-0.482376565078192
ENSG00000118322	0.150288187498189
ENSG00000022355	0.0599928347342279
ENSG00000113328	-0.172013635914712
ENSG00000170584	-0.0239414747492434
ENSG00000113645	-0.0706950667199812
ENSG00000188573	-0.0498281379263762
ENSG00000043462	0.266313395947792
ENSG00000072803	0.0506560138445127
ENSG00000072786	0.0098803458336268
ENSG00000168246	-0.169812214916606
ENSG00000174705	-0.0739988285098533
ENSG00000253683	-0.668469048928541
ENSG00000213386	0.0916295234217088
ENSG00000120129	0.404583568751711
ENSG00000113732	0.179466004432251
ENSG00000164463	-0.249083406863123
ENSG00000113734	-0.117778945974727
ENSG00000113739	0.161162926781675
ENSG00000253955	0.0479319714814614
ENSG00000170091	0.152260351705999
ENSG00000145920	0.36437429529644
ENSG00000122203	0.0373103079863327
ENSG00000175414	-0.263437047622991
ENSG00000048162	-0.38799733323683
ENSG00000175416	-0.280287462002038
ENSG00000113194	-0.0278709725923942
ENSG00000169258	-0.122529787519256
ENSG00000074317	0.0627212282356457
ENSG00000048140	-0.235548734589147
ENSG00000160883	-0.410085342660184
ENSG00000087206	-0.0503989092741749
ENSG00000113761	-0.063900807955203
ENSG00000165671	0.0074598270278294
ENSG00000169228	-0.205654728788263
ENSG00000169230	-0.148819831471305
ENSG00000169223	-0.200629918778032
ENSG00000131187	-0.400383087030387
ENSG00000198055	-0.175224761273277
ENSG00000146094	0.166708300665392
ENSG00000184840	-0.146990013329738
ENSG00000027847	-0.092883837001214
ENSG00000145911	-0.202626685673463
ENSG00000197451	-0.2109461513357
ENSG00000113240	-0.254168423736132
ENSG00000169131	-0.169829411140721
ENSG00000198939	-0.183135923352842
ENSG00000253869	-0.109388996361123
ENSG00000272431	-0.286175162096234
ENSG00000234284	-0.184127788532813
ENSG00000177932	-0.0227313313574351
ENSG00000176783	-0.106484610463017
ENSG00000127022	-0.0811498122005525
ENSG00000225051	-0.122455156869514
ENSG00000213316	0.537612948049658
ENSG00000161011	0.230047954791396
ENSG00000245317	-0.157985944550294
ENSG00000197226	0.242662285203028
ENSG00000050748	-0.274791284805294
ENSG00000248367	-0.278180857133673
ENSG00000113300	-0.0711947595545843
ENSG00000131446	0.0267681933918113
ENSG00000278970	-0.116461112998743
ENSG00000245060	0.00120757376173862
ENSG00000196670	0.0779914447775582
ENSG00000165810	0.630166254807029
ENSG00000146063	0.248620536348328
ENSG00000204628	-0.0897564343183118
ENSG00000233937	-0.115446304593917
ENSG00000183718	-0.14362308214247
ENSG00000112679	-0.079636326747699
ENSG00000164379	-0.167820169831678
ENSG00000261730	0.168023769356603
ENSG00000280916	0.11082502505835
ENSG00000021355	0.223141304429886
ENSG00000124570	0.0299869756605191
ENSG00000137275	0.0969101453142247
ENSG00000228170	-0.0952516280022083
ENSG00000137267	0.14600364183376
ENSG00000137285	0.354361544636721
ENSG00000180822	-0.0879140787920122
ENSG00000219992	0.174955742477472
ENSG00000279926	-0.0706168681539302
ENSG00000198721	-0.134561864283844
ENSG00000124787	-0.434649908187963
ENSG00000219607	0.15393772157032
ENSG00000214113	-0.0395623908653901
ENSG00000216360	-0.129611619988807
ENSG00000124785	-0.597964755570058
ENSG00000124491	-0.239392678151276
ENSG00000112799	0.0445777833825675
ENSG00000124784	-0.207215525091545
ENSG00000168566	-0.276658147401928
ENSG00000239264	-0.117317129891933
ENSG00000188428	-0.143191436458951
ENSG00000124786	0.00489069956639681
ENSG00000285278	-0.135210940430523
ENSG00000111845	-0.135392895207849
ENSG00000137210	0.0329718316518755
ENSG00000235051	-0.213915380024269
ENSG00000197977	0.204140656755093
ENSG00000224531	-0.20119017143298
ENSG00000111859	-0.0319956941795111
ENSG00000145990	-0.122521001449874
ENSG00000225921	-0.00819547633260056
ENSG00000010017	0.0882531346039955
ENSG00000272209	-0.165848455981724
ENSG00000112149	0.380052890068787
ENSG00000137198	0.241150574682247
ENSG00000124788	-0.0731041856879151
ENSG00000229931	0.285299817370247
ENSG00000137177	0.0283399275086129
ENSG00000165097	-0.0479134571378662
ENSG00000124795	-0.198969097135745
ENSG00000137393	0.198530143936203
ENSG00000172201	-0.287806881306717
ENSG00000112242	-0.100482722420423
ENSG00000124766	0.40566544212147
ENSG00000260455	-0.0107109236322134
ENSG00000152954	0.181430419107638
ENSG00000112294	0.0831232622627232
ENSG00000137261	-0.013452339607893
ENSG00000112308	0.0201233235101075
ENSG00000288851	0.82184427053229
ENSG00000112312	0.350748711806627
ENSG00000112343	0.264367006027605
ENSG00000187837	0.689601598796027
ENSG00000180573	0.449888877751959
ENSG00000158373	0.152992172291403
ENSG00000274750	0.418341086702495
ENSG00000275713	0.419994270953432
ENSG00000186470	0.430153781458367
ENSG00000026950	0.478909786495779
ENSG00000124549	-0.0504759399933663
ENSG00000111801	0.286028759534318
ENSG00000112763	0.179224438999177
ENSG00000228223	0.245816497396078
ENSG00000182952	-0.0353610977687543
ENSG00000146109	-0.0342635806344487
ENSG00000124635	0.0439790110384593
ENSG00000271755	-0.132217025038523
ENSG00000096654	-0.291104213596143
ENSG00000196812	-0.0895698848124681
ENSG00000219392	0.581311723413226
ENSG00000261839	-0.0164795909222024
ENSG00000198315	0.471250228521385
ENSG00000226314	0.176137139158348
ENSG00000280107	0.220989758315737
ENSG00000187626	-0.0099322755608319
ENSG00000197062	0.0963322858184727
ENSG00000189298	-0.0509025468684272
ENSG00000158691	0.0720864990048031
ENSG00000225173	0.405852611183525
ENSG00000204709	0.40801127787802
ENSG00000232173	-0.072635046698113
ENSG00000204657	0.0553036290803837
ENSG00000235238	0.36407450737233
ENSG00000204655	0.704262447369466
ENSG00000204644	0.571321465046526
ENSG00000204642	0.206732048751352
ENSG00000239257	-0.686937878888434
ENSG00000235821	0.145591211085385
ENSG00000204632	-0.215467464670234
ENSG00000206341	-0.0474079506262858
ENSG00000230795	0.764718025699725
ENSG00000206503	0.221742846429689
ENSG00000204622	0.076535275471378
ENSG00000237669	-0.198388102607626
ENSG00000233892	-0.00911777099969508
ENSG00000243753	0.0107752074137455
ENSG00000280128	0.279214764903537
ENSG00000231074	0.154819709355573
ENSG00000204599	0.0471731951145874
ENSG00000241370	-0.180360908470081
ENSG00000204592	0.517717657665255
ENSG00000204574	0.0998439191937544
ENSG00000204560	-0.00647091590517536
ENSG00000146112	-0.0802116296910787
ENSG00000137404	-0.138013396839312
ENSG00000196230	-0.385650149323088
ENSG00000272540	0.060524936248858
ENSG00000137312	-0.223280853417485
ENSG00000137331	0.579333922848218
ENSG00000213780	0.0444601711898834
ENSG00000204536	-0.234382869104677
ENSG00000137310	-0.0177984203930791
ENSG00000206344	-0.0773847450587307
ENSG00000204525	0.40467730100885
ENSG00000234745	0.264961621015775
ENSG00000272221	0.104772714475893
ENSG00000206337	0.215053058027508
ENSG00000204516	0.115798135289934
ENSG00000198563	0.104763991119464
ENSG00000204498	-0.150212767163648
ENSG00000226979	-0.256497937231487
ENSG00000232810	-0.221417057557117
ENSG00000227507	-0.339150495093186
ENSG00000204482	0.396007110253409
ENSG00000204472	0.363043912216308
ENSG00000204444	0.0916192226713705
ENSG00000204439	0.0706628464526683
ENSG00000240053	0.549629625507981
ENSG00000204427	0.0930736478879275
ENSG00000213719	-0.182274457186376
ENSG00000228727	-0.0236672322515194
ENSG00000204394	-0.091601421266705
ENSG00000204390	-0.146445855040216
ENSG00000204389	0.121217612012813
ENSG00000204388	-0.215118680348192
ENSG00000204386	-0.00183717550350792
ENSG00000237080	-0.13657090083465
ENSG00000204371	-0.0135419162294657
ENSG00000166278	0.0620491175555205
ENSG00000204366	-0.11042378768168
ENSG00000243649	0.176844446907906
ENSG00000204344	-0.0842649091426725
ENSG00000204338	-0.155229166420461
ENSG00000231852	-0.147667679344221
ENSG00000168477	-0.352990028661476
ENSG00000204315	-0.0588032910046929
ENSG00000241404	0.136006730878295
ENSG00000204308	0.132339437803222
ENSG00000213654	0.434708955675023
ENSG00000204287	0.780113456122588
ENSG00000198502	0.228398496297414
ENSG00000229391	0.00752990065129939
ENSG00000196126	0.580329620541794
ENSG00000196735	0.6126366677242
ENSG00000241106	0.283326225984943
ENSG00000204267	0.233829347030416
ENSG00000204264	0.0191122116909847
ENSG00000204261	0.0480567175554745
ENSG00000240065	0.128270333066111
ENSG00000168394	0.120982299771834
ENSG00000289559	-0.0905610855571294
ENSG00000242574	0.682775062621403
ENSG00000204257	0.46078010033398
ENSG00000204252	0.771625837796666
ENSG00000231389	0.852327535202754
ENSG00000223865	0.580806623134207
ENSG00000224796	0.745142569666483
ENSG00000204248	0.926716933097619
ENSG00000204231	-0.0271599601008579
ENSG00000112473	0.1890678037535
ENSG00000204228	0.182977628849632
ENSG00000288751	0.0657570183288717
ENSG00000232940	-0.105298028626254
ENSG00000223501	0.312059085674677
ENSG00000227057	-0.137044426095829
ENSG00000237441	0.166226093670555
ENSG00000231925	0.211748375247223
ENSG00000204209	-0.179671764412263
ENSG00000213588	-0.0500382456945946
ENSG00000030110	-0.0340399257963005
ENSG00000096433	0.0313522604517651
ENSG00000161896	0.268206375512416
ENSG00000137309	0.105875969992636
ENSG00000186577	-0.210313218670441
ENSG00000124507	-0.0804128851308944
ENSG00000124664	-0.120126659155653
ENSG00000124562	0.000208878808709193
ENSG00000065060	0.0851841079062774
ENSG00000064999	0.0395167210653242
ENSG00000272374	-0.112176560831351
ENSG00000065029	-0.00888861898722451
ENSG00000112033	0.20491017864164
ENSG00000007866	-0.237042682303905
ENSG00000096060	0.394388837683106
ENSG00000287458	-0.101416114021197
ENSG00000157343	0.0333407559110234
ENSG00000271304	-0.0265971813912375
ENSG00000112062	-0.151691462249148
ENSG00000237719	0.0378883740239342
ENSG00000246982	-0.125957654477662
ENSG00000096070	-0.0713743138723238
ENSG00000112078	0.0495233798179926
ENSG00000112079	-0.220056558181413
ENSG00000124762	-0.190362887955363
ENSG00000198663	0.0591943950708137
ENSG00000137409	-0.0915980256112611
ENSG00000137193	-0.221495459062801
ENSG00000156639	0.0108920719688086
ENSG00000124767	0.00181653663044426
ENSG00000112167	-0.128041862816069
ENSG00000146122	0.525078683727505
ENSG00000235033	0.279249091641062
ENSG00000124615	0.00350504319703075
ENSG00000124602	0.227456557943038
ENSG00000001167	0.149777296333916
ENSG00000287678	-0.233114306952352
ENSG00000161911	0.313183523652252
ENSG00000095970	0.642145003270157
ENSG00000124731	-0.156396693225865
ENSG00000137218	-0.0912771023800827
ENSG00000278224	0.0185854629724499
ENSG00000214736	-0.0920211266097801
ENSG00000164663	-0.0368861147650548
ENSG00000124641	-0.0682739587298708
ENSG00000112578	-0.32275003290702
ENSG00000112576	-0.0651717887323309
ENSG00000137413	-0.0344145685131676
ENSG00000112599	-0.0650215267994644
ENSG00000024048	0.063393364054322
ENSG00000112619	-0.0740057316323579
ENSG00000124659	-0.111191087591437
ENSG00000112624	-0.0574451927601791
ENSG00000146223	-0.148747250657814
ENSG00000221821	0.203151110234237
ENSG00000137161	0.298420565104038
ENSG00000231113	0.109974794366785
ENSG00000124587	-0.2110776641132
ENSG00000124541	0.0729934794044978
ENSG00000137171	-0.0211304215655636
ENSG00000146216	-0.110189189488046
ENSG00000171467	-0.0429508511647923
ENSG00000171462	-0.107209218382647
ENSG00000137221	0.300514162660752
ENSG00000171453	-0.196554770342835
ENSG00000271754	0.352998670134052
ENSG00000124571	-0.116621396649077
ENSG00000170734	-0.157165282858393
ENSG00000172432	0.126866801162223
ENSG00000124688	-0.0963057093337042
ENSG00000287562	0.120262232675269
ENSG00000180992	-0.167166048849328
ENSG00000112759	0.140225890287312
ENSG00000096384	-0.182356106394269
ENSG00000146232	0.0764138703215404
ENSG00000124608	0.0171381832684364
ENSG00000096401	-0.0612593766366458
ENSG00000112796	0.604741095061787
ENSG00000172348	-0.176349501482846
ENSG00000153291	0.300256877104938
ENSG00000180113	-0.213557427710637
ENSG00000146070	0.129301822783309
ENSG00000146072	0.476239601512557
ENSG00000198087	-0.0727593292054064
ENSG00000146085	-0.0844531197932281
ENSG00000112118	-0.137261178057169
ENSG00000170915	0.382229832736248
ENSG00000096093	-0.0231526775744629
ENSG00000216775	-0.00433872490648125
ENSG00000170899	-0.00275159536642589
ENSG00000242865	-0.235476312058759
ENSG00000001084	0.0802887178165031
ENSG00000137269	-0.124508121901876
ENSG00000271218	0.0201567046111376
ENSG00000112200	-0.114359741321251
ENSG00000112208	-0.458687495277996
ENSG00000112210	0.0402272262137603
ENSG00000272541	-0.187434426414915
ENSG00000271761	-1.08551373630765
ENSG00000215190	0.17749463506537
ENSG00000118482	0.047574225219668
ENSG00000230910	0.080017625343372
ENSG00000112280	0.341608903075705
ENSG00000082269	-0.136557326132562
ENSG00000271967	-0.309419072014666
ENSG00000218350	0.327011967707936
ENSG00000119900	-0.0105333292776927
ENSG00000233237	0.0369473775561278
ENSG00000229852	-0.0173880171111294
ENSG00000203908	-0.1935706075263
ENSG00000164430	-0.158873030032692
ENSG00000135297	-0.0869340668635128
ENSG00000156508	-0.0277513036655623
ENSG00000119899	-0.0351753403998548
ENSG00000231652	0.0512568762323055
ENSG00000111799	0.00133868682434926
ENSG00000196586	0.0658661002561178
ENSG00000146247	-0.0972418868729529
ENSG00000118418	-0.29376034618514
ENSG00000270362	-0.0526877225154607
ENSG00000083123	-0.0421671738723202
ENSG00000260645	-0.0586046156231729
ENSG00000146250	-0.181698648573559
ENSG00000065615	-0.106905969348546
ENSG00000135315	-0.0801646058218835
ENSG00000188994	-0.0592707930798839
ENSG00000146282	0.0278653075874763
ENSG00000135334	-0.043245043405434
ENSG00000118432	-0.0955884030394237
ENSG00000271931	-0.101373987728028
ENSG00000146278	-0.184350298685984
ENSG00000146281	-0.366235232500927
ENSG00000198833	-0.105731165178019
ENSG00000025039	-0.00588411604856072
ENSG00000083099	0.117259478842713
ENSG00000118412	-0.0735643566789738
ENSG00000014123	-0.102816091616904
ENSG00000283010	-0.181420419490176
ENSG00000184486	0.27450236566305
ENSG00000112234	-0.143824759080212
ENSG00000132424	-0.0292904640621365
ENSG00000279170	0.116172929369878
ENSG00000085377	-0.0856127660863087
ENSG00000130348	-0.00958500521940053
ENSG00000112320	0.0236017633839602
ENSG00000112333	0.422354413589234
ENSG00000112335	-0.0206000195919232
ENSG00000118689	-0.0240405209395975
ENSG00000080546	-0.115661437737483
ENSG00000183137	-0.109872295403606
ENSG00000135587	-0.190473544988556
ENSG00000135596	0.186468859032826
ENSG00000112365	-0.107124486820141
ENSG00000112290	-0.234965989894682
ENSG00000203797	0.0806023306235331
ENSG00000155111	0.0810708055049753
ENSG00000123505	-0.249812614428556
ENSG00000155115	-0.0686940473609491
ENSG00000197498	-0.303866208157574
ENSG00000009413	-0.0915301721190906
ENSG00000231889	-0.0638123048835085
ENSG00000056972	0.277642101516338
ENSG00000255389	-0.324727219664303
ENSG00000010810	0.0390127230822367
ENSG00000289256	0.0154171580321756
ENSG00000112769	0.01231938734191
ENSG00000227502	0.3432615881171
ENSG00000111817	-0.0318979974203312
ENSG00000111834	0.0109043774999382
ENSG00000153975	-0.105381974944936
ENSG00000183807	0.167099203287607
ENSG00000047932	-0.149818397300761
ENSG00000111875	0.0929451540878281
ENSG00000111885	-0.138941684004113
ENSG00000152661	0.347344506218619
ENSG00000111897	0.19879997404924
ENSG00000172594	0.0376209061761034
ENSG00000146373	-0.158067314160586
ENSG00000111907	-0.220027205635614
ENSG00000111912	-0.107030170167546
ENSG00000111911	0.00708263795968371
ENSG00000118518	0.088489664922004
ENSG00000146376	-0.0759867798089864
ENSG00000079819	0.240701533681213
ENSG00000118507	-0.0691546298950898
ENSG00000112282	-0.0538832633584513
ENSG00000079950	-0.0102732882637907
ENSG00000286663	0.0733769219170124
ENSG00000179073	-0.223908815195427
ENSG00000146409	0.145297417119639
ENSG00000146411	0.113058284162057
ENSG00000118515	0.405950775931797
ENSG00000218772	0.166748839737038
ENSG00000135541	-0.165753254171961
ENSG00000029363	-0.0156697318152582
ENSG00000260418	-0.0666194397878304
ENSG00000197442	-0.0456600112081721
ENSG00000286646	0.673254647241996
ENSG00000016402	0.0596104404670969
ENSG00000027697	0.395962682405346
ENSG00000118503	0.475837945719247
ENSG00000112379	-0.027460101248099
ENSG00000135540	0.0406162447618071
ENSG00000225177	0.309411441328619
ENSG00000135597	-0.028305595937668
ENSG00000112406	-0.0414770878079662
ENSG00000010818	-0.0609176171265289
ENSG00000146416	-0.033511232108394
ENSG00000217648	-0.0883617733959737
ENSG00000001036	-0.0600049975611081
ENSG00000135604	0.0579862348837641
ENSG00000112425	-0.0229173035094029
ENSG00000270638	-0.0381268393933895
ENSG00000288551	-0.0695201578888942
ENSG00000118496	-0.0622364136898686
ENSG00000235652	-0.0291482962133981
ENSG00000118508	-0.137476350099368
ENSG00000220494	0.329552445862964
ENSG00000111961	0.289844789710279
ENSG00000055208	-0.0382555751843776
ENSG00000131013	0.0136372302011222
ENSG00000220848	0.195162668975469
ENSG00000202343	0.215507230138375
ENSG00000186625	-0.138166440347264
ENSG00000278899	0.0897225820251751
ENSG00000120253	0.0205043141268292
ENSG00000131015	-0.0973451208851913
ENSG00000131019	-0.126862542813239
ENSG00000131016	-0.181652428223666
ENSG00000181472	0.0938208597353164
ENSG00000112029	-0.323422784606201
ENSG00000213079	0.0466286407671717
ENSG00000235381	0.506071171199022
ENSG00000271265	-0.447631903235376
ENSG00000049618	-0.0130139196980849
ENSG00000271551	0.361704711607828
ENSG00000215712	-0.131347268644825
ENSG00000218631	0.528982089958101
ENSG00000286482	-0.111665211482888
ENSG00000130340	-0.146950368857613
ENSG00000078269	0.421781224190808
ENSG00000272047	-0.0447925495458729
ENSG00000130338	0.046296606264011
ENSG00000092820	0.0188883769235074
ENSG00000164691	0.428670531910653
ENSG00000288845	-0.42441145837534
ENSG00000237927	-0.240857761090442
ENSG00000112096	-0.0458483093518674
ENSG00000251988	0.263221582442357
ENSG00000146457	0.144916623750985
ENSG00000120437	0.15573934142592
ENSG00000112110	-0.222589135603474
ENSG00000272841	0.159647779382466
ENSG00000026652	0.463816990096097
ENSG00000286498	0.488978115180026
ENSG00000225683	0.764069351805489
ENSG00000281692	0.249064193361901
ENSG00000285564	0.158224519296564
ENSG00000112531	0.133796304624038
ENSG00000287550	0.0690961079842679
ENSG00000176381	0.540572737849709
ENSG00000287189	-0.120140669628152
ENSG00000280057	-0.20381450121067
ENSG00000071242	0.096381816758361
ENSG00000235272	0.102966288096036
ENSG00000198221	0.0057021518159316
ENSG00000130396	0.170690348807961
ENSG00000186340	0.407542091806142
ENSG00000272848	-0.0524544673549433
ENSG00000185127	0.327919805903759
ENSG00000130024	0.295751423257943
ENSG00000227704	0.027023080921362
ENSG00000130023	0.0410028159199639
ENSG00000266896	0.0850935658041368
ENSG00000273100	0.942836679537337
ENSG00000198719	0.529203698077992
ENSG00000288829	-0.68806367844515
ENSG00000008018	-0.120481850446732
ENSG00000261795	0.00430422409496906
ENSG00000177706	-0.212520080999415
ENSG00000249852	-0.239014488709666
ENSG00000286710	-0.114656987247709
ENSG00000223855	-0.197929644753391
ENSG00000237181	0.183074405382158
ENSG00000164818	-0.0827832390653255
ENSG00000240230	-0.231558532161112
ENSG00000146540	-0.0863880278990339
ENSG00000164849	-0.0115993990037541
ENSG00000178381	-0.0890354750720744
ENSG00000229043	-0.143184320436565
ENSG00000273230	-0.0932713960675532
ENSG00000198517	-0.143387318907984
ENSG00000157778	-0.276279573589069
ENSG00000230487	0.00258574372753667
ENSG00000225968	0.00919766278440677
ENSG00000122687	-0.0238477506056374
ENSG00000106263	-0.251937072717292
ENSG00000106003	0.234967601443433
ENSG00000106012	-0.103747767015846
ENSG00000136295	-0.000978154467099353
ENSG00000288792	-0.559956130528434
ENSG00000146535	0.182939141232284
ENSG00000242802	0.0534003495272463
ENSG00000157954	-0.0584278660575965
ENSG00000164638	0.202638506929992
ENSG00000272953	-0.34096729581611
ENSG00000273084	-0.0960773438667356
ENSG00000075624	-0.254604079217565
ENSG00000011275	-0.192598109538387
ENSG00000106305	0.0474444401516947
ENSG00000086232	-0.0126863393271951
ENSG00000106346	-0.0273010476181394
ENSG00000164535	0.0789498718768021
ENSG00000136240	-0.199070974304094
ENSG00000236609	-0.0375591538265427
ENSG00000164631	0.0582792325613573
ENSG00000187953	0.00984937128708454
ENSG00000272732	0.00303702892040466
ENSG00000272894	0.311354458485622
ENSG00000006747	-0.000762325955970096
ENSG00000224683	-0.0264785005308228
ENSG00000272361	-0.310182930020158
ENSG00000136261	-0.155946915170641
ENSG00000279048	-0.22012665908655
ENSG00000105855	-0.0748912212611189
ENSG00000105866	-0.153317080781665
ENSG00000136237	0.26996466909108
ENSG00000179428	0.0625315587325798
ENSG00000136244	-0.0893208425534196
ENSG00000122591	-0.211737975507823
ENSG00000226816	0.222467548598222
ENSG00000136235	0.302548387915028
ENSG00000164548	-0.158551861813263
ENSG00000105926	-0.0471733865379201
ENSG00000122566	0.0395268660660858
ENSG00000086300	-0.273624689231019
ENSG00000225792	0.0362978181126166
ENSG00000233429	-0.0245184547444395
ENSG00000105996	-0.254487808898217
ENSG00000233830	-0.13535571942584
ENSG00000106049	-0.061112229595597
ENSG00000255690	0.296698335476442
ENSG00000272568	-0.0514957513571309
ENSG00000106069	-0.113057345096296
ENSG00000176532	0.0489556203070841
ENSG00000136193	0.35721908327576
ENSG00000106080	-0.0162763152324292
ENSG00000106086	-0.11316003446268
ENSG00000286847	0.165089266529125
ENSG00000180354	0.125472854733986
ENSG00000180233	-0.0622455226444648
ENSG00000235859	0.56000500671731
ENSG00000281404	0.127513789157438
ENSG00000106100	0.00378179063656252
ENSG00000196295	0.319331677502506
ENSG00000244480	0.549102401298892
ENSG00000226874	0.328273256626028
ENSG00000106105	-0.204983112778774
ENSG00000078549	0.0721272093196583
ENSG00000180347	-0.119684167522523
ENSG00000154678	-0.0523576478472133
ENSG00000281332	0.138661929278033
ENSG00000272905	-0.316467731888642
ENSG00000205763	-0.0947679665707453
ENSG00000122643	0.00143191836729312
ENSG00000164610	-0.021106374904268
ENSG00000122557	-0.0998927487911011
ENSG00000227544	0.114442156704373
ENSG00000228878	0.0913869093275868
ENSG00000122545	-0.0234827973453135
ENSG00000122547	0.0217246768670068
ENSG00000011426	0.40719071712908
ENSG00000155849	-0.104696741515306
ENSG00000086289	-0.106713779217023
ENSG00000227191	-0.192291276892633
ENSG00000241127	-0.00904541527739968
ENSG00000287584	0.00758371801289233
ENSG00000188185	0.0729646812510582
ENSG00000259826	0.0857664712703053
ENSG00000065883	-0.104036477299661
ENSG00000168303	-0.0814145789676601
ENSG00000261019	-0.186271012333355
ENSG00000106588	-0.018815730596902
ENSG00000234983	0.114366679552755
ENSG00000106591	-0.147376024918907
ENSG00000164543	-0.0531736018706346
ENSG00000237972	-0.161848840006786
ENSG00000272655	-0.0409884970228457
ENSG00000228903	-0.223961523697836
ENSG00000235314	0.000797455066746583
ENSG00000136279	0.00973542183880781
ENSG00000106636	-0.0264579652469441
ENSG00000158604	0.153926563148266
ENSG00000287574	0.224248616725326
ENSG00000196262	-0.107459917545209
ENSG00000105968	0.0847472811039739
ENSG00000272768	-0.00426947755539215
ENSG00000260997	0.125007179347016
ENSG00000136286	-0.0178980786187306
ENSG00000232956	0.150735651721824
ENSG00000136274	0.29724306479214
ENSG00000136270	-0.137995845191138
ENSG00000122679	0.110456046288804
ENSG00000272556	0.222888848658482
ENSG00000286315	-0.226914379524306
ENSG00000136205	-0.00603947636739398
ENSG00000136273	-0.192604495922946
ENSG00000183696	-0.2970207105697
ENSG00000279578	0.342116918089115
ENSG00000279104	0.101097621959334
ENSG00000132437	0.0706044116681324
ENSG00000106070	0.0904674988114623
ENSG00000286658	0.0878732598255377
ENSG00000106078	0.017816095866552
ENSG00000213673	0.135682370641861
ENSG00000170419	0.0768780474791417
ENSG00000146648	0.146313326836572
ENSG00000132434	-0.0561571162723707
ENSG00000154978	-0.0086678637216591
ENSG00000178665	-0.0638785175561972
ENSG00000146729	-0.077774269485189
ENSG00000146733	-0.120078328681717
ENSG00000146731	-0.244736916366025
ENSG00000164776	0.0746126919798509
ENSG00000106153	-0.0265770109542868
ENSG00000185290	-0.431057288970605
ENSG00000283431	-0.06763375348067
ENSG00000234444	0.00142694863165183
ENSG00000228014	-0.0744314464370356
ENSG00000173041	-0.0510990562684118
ENSG00000213642	0.549980098207513
ENSG00000234338	0.275684986416447
ENSG00000286342	0.0496772614875408
ENSG00000152926	0.162356399426819
ENSG00000234585	0.110731160081132
ENSG00000146757	-0.251286270367318
ENSG00000236529	0.187055283426118
ENSG00000126522	-0.0214282568269261
ENSG00000169902	-0.192634424068635
ENSG00000179406	0.130780974258149
ENSG00000231234	-0.0487630050962109
ENSG00000289177	-0.00719539497715819
ENSG00000273142	0.602823517148848
ENSG00000106609	-0.0950758439022801
ENSG00000234215	-0.110742655912701
ENSG00000285886	-0.246489444979182
ENSG00000233369	0.0170161273477468
ENSG00000182487	0.379607815931185
ENSG00000130305	-0.0311452482948062
ENSG00000009954	0.0233156709953724
ENSG00000106635	-0.160775139131478
ENSG00000106638	-0.0705978094183807
ENSG00000009950	0.0672763563412744
ENSG00000176410	-0.0404693578810391
ENSG00000071462	-0.13165915459549
ENSG00000106089	-0.632593161285122
ENSG00000106077	0.185986664628141
ENSG00000165171	-0.0536831405885445
ENSG00000261467	-0.0362388553316671
ENSG00000049540	-0.00904035813562671
ENSG00000106683	0.113252571885745
ENSG00000106682	0.0987993779117157
ENSG00000086730	0.202554669736308
ENSG00000049541	-0.124567538460656
ENSG00000106665	0.0164139643366748
ENSG00000006704	-0.0207966620939093
ENSG00000263001	0.115824393409057
ENSG00000158517	0.289330538033819
ENSG00000274523	-0.216545675789137
ENSG00000174428	-0.126578638135662
ENSG00000165178	0.27117075566582
ENSG00000223705	-0.0515080371069417
ENSG00000127946	0.186124799633794
ENSG00000005486	-0.215128200346696
ENSG00000127948	-0.00211745069075598
ENSG00000189077	-0.230919852845756
ENSG00000127952	-0.0703692505814106
ENSG00000280388	-0.307634172228159
ENSG00000146701	-0.186755173613032
ENSG00000177679	-0.14572857861646
ENSG00000106211	-0.35237020053405
ENSG00000289059	0.119565303062522
ENSG00000170027	-0.209828342024291
ENSG00000091073	-0.0470030711071143
ENSG00000146707	0.108164126564096
ENSG00000205482	-0.0411934421002898
ENSG00000127951	0.71841263982697
ENSG00000214293	-0.0815459988528004
ENSG00000135211	-0.00614201843064537
ENSG00000006576	-0.0675257470150564
ENSG00000234456	0.192963093211443
ENSG00000075223	-0.257449655504998
ENSG00000198822	0.0271076055560266
ENSG00000164659	0.0695144016052341
ENSG00000135164	0.350690944213174
ENSG00000135185	-0.23505647146991
ENSG00000182165	-0.0581958468740153
ENSG00000005469	-0.0925735428916032
ENSG00000006634	-0.158584442339467
ENSG00000075142	-0.0203659656199306
ENSG00000127954	-0.308107631321968
ENSG00000223969	-0.1660714635439
ENSG00000157240	0.257162649872233
ENSG00000001631	-0.0858100770994236
ENSG00000243107	0.264900659654753
ENSG00000001629	0.158633486849539
ENSG00000244055	0.101472085954105
ENSG00000127993	-0.480756442417534
ENSG00000234545	-0.0940964050147828
ENSG00000205413	0.325669977764471
ENSG00000177409	0.522706186950377
ENSG00000105825	-0.150374097501639
ENSG00000278959	0.0293245001293833
ENSG00000105829	-0.167280860655242
ENSG00000158528	-0.0980678876830236
ENSG00000105852	0.225141118337441
ENSG00000105854	0.137454821062563
ENSG00000005981	0.0644627158389199
ENSG00000004799	0.206132039684356
ENSG00000127922	-0.0977472444756809
ENSG00000070669	-0.401961959610979
ENSG00000272950	-0.358020607531797
ENSG00000106236	0.382802517422523
ENSG00000166448	-0.0469584167578324
ENSG00000198742	0.0573980046004917
ENSG00000241685	-0.165894202931925
ENSG00000130429	-0.185419682959035
ENSG00000106244	-0.0918297988615804
ENSG00000106245	-0.168908480563885
ENSG00000106246	-0.0956434955053377
ENSG00000160917	-0.191062692569473
ENSG00000196652	0.0411718844169442
ENSG00000221909	-0.333812480631845
ENSG00000244219	-0.25579784275951
ENSG00000197037	0.0643745579405175
ENSG00000273407	0.0919992090420744
ENSG00000146833	0.0472138065601344
ENSG00000176402	-0.376356973431902
ENSG00000160862	0.019055119364445
ENSG00000106261	0.313999693538882
ENSG00000166529	-0.0885408388046093
ENSG00000166526	0.12148468146515
ENSG00000168090	-0.0398838219087209
ENSG00000166508	0.138516966019936
ENSG00000166997	-0.195782932889064
ENSG00000188186	-0.0680845158462108
ENSG00000146826	0.0279352648609362
ENSG00000197093	0.348015881841141
ENSG00000066923	0.12704203315523
ENSG00000239521	0.161402380302332
ENSG00000078319	0.0417049914478572
ENSG00000185955	-0.00222880730391915
ENSG00000166925	0.325416190247528
ENSG00000106351	-0.0528354013851594
ENSG00000184414	-0.200905722945169
ENSG00000205307	0.0816437764545302
ENSG00000077454	0.131390005392763
ENSG00000106333	-0.308828911863286
ENSG00000106330	0.00416185791538245
ENSG00000106327	-0.0877678680298348
ENSG00000172354	-0.152684239617742
ENSG00000087077	0.206374796752407
ENSG00000176125	-0.299566231241063
ENSG00000087085	0.521885275041573
ENSG00000169894	0.090690033484385
ENSG00000274993	-0.242716482388771
ENSG00000227053	-0.012358036704742
ENSG00000106366	-0.0567236561046973
ENSG00000167011	-0.0650866798861051
ENSG00000106397	-0.0411225471102578
ENSG00000106400	-0.160700039491961
ENSG00000106404	0.431212388484748
ENSG00000257923	0.0273525490374622
ENSG00000128563	-0.0666602847910802
ENSG00000160991	-0.00570359955720368
ENSG00000170667	-0.0296202654408056
ENSG00000228049	0.122949989691733
ENSG00000128606	-0.0526010066412817
ENSG00000161048	-0.156214675107263
ENSG00000105819	0.00363986237581459
ENSG00000105821	-0.11586755413669
ENSG00000289613	-0.0984958712882717
ENSG00000005483	0.0428831719769677
ENSG00000228393	-0.187919281741483
ENSG00000272918	0.0188115569424166
ENSG00000091127	-0.227193292701363
ENSG00000135249	0.0676338001641572
ENSG00000272604	-0.192096478582811
ENSG00000105835	-0.295926620684379
ENSG00000273320	-0.418007503561042
ENSG00000253276	-0.361638465963986
ENSG00000105851	0.0683328050869254
ENSG00000105856	0.106304695430903
ENSG00000105865	0.0990940390771667
ENSG00000288558	-0.0264403263174384
ENSG00000250474	-0.592753124116722
ENSG00000241764	-0.216533154888786
ENSG00000105879	0.0455955190868232
ENSG00000091140	-0.0834431317617102
ENSG00000091136	-0.327114853537787
ENSG00000135241	-0.0774935066058112
ENSG00000231006	-0.471041557161658
ENSG00000287011	-0.0473264649354002
ENSG00000006652	0.114879580161691
ENSG00000279288	-0.155997670124302
ENSG00000164604	-0.218093430514042
ENSG00000214194	-0.0122993882428663
ENSG00000135272	-0.102467382983282
ENSG00000227199	0.378736787360644
ENSG00000077063	0.041415452498667
ENSG00000106025	-0.105934111710868
ENSG00000008311	0.290151937865819
ENSG00000235631	-0.0158950387730974
ENSG00000272686	0.0844009548094178
ENSG00000241345	0.0826724443209695
ENSG00000279419	0.713064621755447
ENSG00000128513	-0.0134556830269006
ENSG00000048405	-0.0984173642914867
ENSG00000179562	-0.0820255914513222
ENSG00000004059	-0.200200356504667
ENSG00000197157	-0.0717670010973963
ENSG00000128594	0.239224392572283
ENSG00000272915	-0.441394055138543
ENSG00000106344	-0.097674672765159
ENSG00000135245	0.620025350865008
ENSG00000272601	0.0567704350028068
ENSG00000273270	0.177047420218381
ENSG00000288884	0.0458136287458535
ENSG00000271553	0.0869006246385879
ENSG00000205085	0.301599450992246
ENSG00000128596	0.091959073192775
ENSG00000128524	0.073703288630369
ENSG00000128604	0.406489939500803
ENSG00000064419	-0.0797879271085647
ENSG00000230359	0.6513699138228
ENSG00000158457	0.119960651926558
ENSG00000128602	-0.154881053272616
ENSG00000243230	-0.128139350620331
ENSG00000158467	0.116409537817813
ENSG00000106459	-0.064434619787655
ENSG00000186591	0.114315090813877
ENSG00000091732	-0.0855923228747497
ENSG00000229196	0.155376752483774
ENSG00000106477	0.0279664235618127
ENSG00000106484	-0.269033943281339
ENSG00000286214	0.149164826260236
ENSG00000226380	-0.0162616011229325
ENSG00000128585	0.0720137428040164
ENSG00000236753	0.0938540337413907
ENSG00000205060	-0.00209882853722408
ENSG00000122783	0.00235469109382748
ENSG00000146859	0.311497838950285
ENSG00000080802	-0.0625630629860519
ENSG00000155561	-0.0853394793013067
ENSG00000273219	0.14114099514585
ENSG00000105894	0.0680659295094932
ENSG00000289438	0.15722118592445
ENSG00000105939	0.0450390874173993
ENSG00000157741	-0.130739709540126
ENSG00000146963	0.14916504440829
ENSG00000273391	-0.144700111378811
ENSG00000236279	-0.270161810626644
ENSG00000059378	0.281103298493318
ENSG00000157800	-0.0774186119243021
ENSG00000133597	-0.0757444428223143
ENSG00000261797	-0.372987154702225
ENSG00000006530	0.0122715498316839
ENSG00000257093	0.347399864382715
ENSG00000211707	-0.0378288282424989
ENSG00000211751	0.0751116437967806
ENSG00000211772	0.464996403888335
ENSG00000165125	0.244060828612842
ENSG00000197448	-0.0513993176151024
ENSG00000159784	0.151590152372296
ENSG00000232533	-0.507256799407888
ENSG00000159840	-0.39117146430751
ENSG00000170379	0.0506487096853237
ENSG00000273314	-0.0351537490534858
ENSG00000204947	-0.0253522325624333
ENSG00000240877	-0.682028077230334
ENSG00000197024	-0.0761459389650848
ENSG00000170260	0.0280127098117603
ENSG00000196453	0.0243453295789925
ENSG00000181220	-0.0266969804398955
ENSG00000133624	-0.012951109831507
ENSG00000197558	0.24906649113143
ENSG00000106479	0.0693552914481077
ENSG00000204934	-0.1567570092386
ENSG00000188707	0.0387269149869098
ENSG00000106538	0.0512487709631846
ENSG00000171115	0.269269245505923
ENSG00000179144	0.189340689178679
ENSG00000133574	0.445302375457086
ENSG00000133561	0.278880253952114
ENSG00000106560	0.0182649320046856
ENSG00000213203	0.0150532599333118
ENSG00000106565	0.133097385750622
ENSG00000002933	0.277316633445844
ENSG00000243433	-0.0964542967022111
ENSG00000213199	0.117733444275545
ENSG00000164896	-0.171111654071774
ENSG00000133612	-0.213139249656666
ENSG00000033050	-0.0863882508514154
ENSG00000033100	0.0198582836939637
ENSG00000286461	0.290484365160756
ENSG00000214106	0.150797711457667
ENSG00000157212	-0.0741818668826212
ENSG00000273183	0.0812830900733927
ENSG00000273344	-0.0337374769567084
ENSG00000186480	-0.333495903283752
ENSG00000184863	-0.0312660164441023
ENSG00000164690	0.033667149600602
ENSG00000224903	0.026133556370686
ENSG00000146909	-0.0064936163667216
ENSG00000105993	-0.20844742734844
ENSG00000272839	0.445185801838041
ENSG00000146918	-0.0596422038610246
ENSG00000172748	0.0428530852723634
ENSG00000147364	-0.020530047161275
ENSG00000272293	-0.423686123862505
ENSG00000282021	0.0485938964715691
ENSG00000253764	0.17538696984256
ENSG00000176595	0.0814464917282586
ENSG00000287970	0.0163634098389744
ENSG00000246089	-0.320819925715586
ENSG00000091879	-0.351587981930934
ENSG00000271743	0.199240277270296
ENSG00000155189	-0.00273970958918818
ENSG00000164821	-0.1391935515668
ENSG00000239839	-0.307532804376816
ENSG00000284603	-0.038335841208124
ENSG00000173295	-0.105319613874455
ENSG00000275342	-0.0402092078383463
ENSG00000253958	0.528379127725798
ENSG00000147324	-0.0896408076423063
ENSG00000104626	-0.024316719178635
ENSG00000173281	0.020380527577644
ENSG00000253230	-0.274369230561605
ENSG00000261451	-0.203715897109656
ENSG00000171056	-0.142995748651299
ENSG00000254093	-0.145985700501354
ENSG00000269918	-0.363875599082848
ENSG00000255310	0.156908970319025
ENSG00000177710	-0.065990453003506
ENSG00000154316	-0.0607087078341858
ENSG00000255020	0.44338760321674
ENSG00000154319	0.251343341883706
ENSG00000164733	0.014129518516821
ENSG00000254866	0.18407590070036
ENSG00000186523	-0.201876326470028
ENSG00000154359	0.0608575397255402
ENSG00000164743	-0.0863241912751466
ENSG00000078579	0.0216781563794876
ENSG00000287303	0.0787530360798909
ENSG00000129422	0.150496719283665
ENSG00000253671	0.27903887350144
ENSG00000254054	-0.002508367719779
ENSG00000078674	0.0311665663461295
ENSG00000104763	0.178077668954241
ENSG00000156011	-0.0698520100105146
ENSG00000147408	-0.0263787079077014
ENSG00000104613	-0.139509640261778
ENSG00000147416	-0.16608422283527
ENSG00000254040	-0.00289167990595902
ENSG00000130227	-0.0930961860379999
ENSG00000158806	0.0708964178221062
ENSG00000275074	-0.0694174302150199
ENSG00000168453	0.0156307594187649
ENSG00000168481	0.0435046141400445
ENSG00000168484	0.00902480359397638
ENSG00000168487	-0.0724485062820295
ENSG00000104635	-0.262666024510619
ENSG00000120910	-0.104870937605759
ENSG00000120896	0.0357366008191091
ENSG00000287467	-0.0277174207753567
ENSG00000241852	0.253458779887891
ENSG00000158941	0.0223246354738941
ENSG00000253200	0.364114238171105
ENSG00000147439	-0.100957200051492
ENSG00000179388	-0.20776282245627
ENSG00000134020	-0.131989274501547
ENSG00000120889	0.129296496580759
ENSG00000173535	-0.194449771757622
ENSG00000173530	0.150042487570197
ENSG00000104689	-0.0635109570199822
ENSG00000289584	-0.24321691840963
ENSG00000197217	-0.0773042582130496
ENSG00000167034	0.230512092664162
ENSG00000159167	-0.226381016227922
ENSG00000042980	0.430028940047864
ENSG00000272163	0.155031503537945
ENSG00000277586	0.887848788362598
ENSG00000272157	0.526173661358242
ENSG00000287185	0.253885759838982
ENSG00000147459	0.0156973136794249
ENSG00000228451	-0.0270006877040282
ENSG00000120915	0.203824819661786
ENSG00000120885	-0.0478328736126027
ENSG00000168077	0.149281852450553
ENSG00000186918	0.133142210577616
ENSG00000246339	0.0944096836025836
ENSG00000285669	-0.0455135489605803
ENSG00000272375	-0.351385172139784
ENSG00000287590	0.0173883707925158
ENSG00000254109	0.0701245115837368
ENSG00000197265	-0.279094433685791
ENSG00000253457	0.136081064788562
ENSG00000104687	0.0885408520974715
ENSG00000104695	0.0556120805046443
ENSG00000172733	-0.194556391460673
ENSG00000129696	-0.107249682383906
ENSG00000133874	0.0820003764238394
ENSG00000147475	0.00383502818819554
ENSG00000233170	-0.567346431416961
ENSG00000147471	-0.127028980641101
ENSG00000104221	-0.0128426669315604
ENSG00000187840	-0.363915402487622
ENSG00000175324	-0.0229203029288412
ENSG00000085788	0.227587223765948
ENSG00000147535	0.048942344854176
ENSG00000147548	-0.0446350861619618
ENSG00000272092	-0.0928193561361178
ENSG00000165046	-0.131113671019223
ENSG00000255201	-0.111407209271952
ENSG00000253570	-0.846952768477349
ENSG00000147526	0.288685163767092
ENSG00000253829	-0.000738300775288515
ENSG00000169490	0.137384113059052
ENSG00000104332	-0.114025740846533
ENSG00000147536	-0.00195058762707871
ENSG00000287535	0.381217204209326
ENSG00000158669	-0.112812096314098
ENSG00000029534	0.1550288618967
ENSG00000083168	0.0451353826859161
ENSG00000104365	0.177678745943093
ENSG00000078668	-0.133533563497204
ENSG00000147432	0.277214541385128
ENSG00000147434	-0.0180830370098444
ENSG00000131931	-0.485318853521385
ENSG00000120925	0.0489504285517241
ENSG00000188873	0.0129198879141479
ENSG00000255366	-0.195829966796031
ENSG00000253330	0.432039349429125
ENSG00000221869	0.459324206243049
ENSG00000104738	0.0566439566202308
ENSG00000272076	-0.229266912349679
ENSG00000168300	-0.12162828988494
ENSG00000228801	-0.0182431495924921
ENSG00000272024	-0.0960056248368863
ENSG00000147488	0.144467293013025
ENSG00000271555	-0.675818465946986
ENSG00000187735	-0.0361754829168282
ENSG00000137547	-0.0616720460550037
ENSG00000167904	-0.118476039785642
ENSG00000137574	-0.0142039561272255
ENSG00000254087	0.0657764218484426
ENSG00000181690	-0.00859108316264274
ENSG00000272343	-0.633511658432865
ENSG00000215114	-0.112613103684276
ENSG00000035681	-0.0917971186609476
ENSG00000171316	0.136020017434321
ENSG00000271377	0.231617770315229
ENSG00000198363	-0.0158568695749848
ENSG00000137561	-0.054998213420816
ENSG00000254377	-0.458448816761524
ENSG00000180828	0.366662348817495
ENSG00000254081	0.351635627142934
ENSG00000179041	0.0557637749606325
ENSG00000147576	0.296624029107517
ENSG00000185697	-0.11062777748442
ENSG00000288596	-0.0468438713420987
ENSG00000104205	0.0293076084261133
ENSG00000287214	0.0757576047205379
ENSG00000271966	-0.010388905984522
ENSG00000046889	0.0248813172151356
ENSG00000260838	-0.130701631227259
ENSG00000147601	0.0303521959931664
ENSG00000253636	-0.023040544511927
ENSG00000254213	0.0561748426962398
ENSG00000121039	-0.352364990076599
ENSG00000154582	-0.169145848571051
ENSG00000175606	-0.333735638405751
ENSG00000154589	-0.203213196255231
ENSG00000253341	0.238231772087849
ENSG00000137558	-0.462357715161522
ENSG00000270866	-0.00683383370773586
ENSG00000164751	0.112525259329403
ENSG00000288756	-0.241905181705191
ENSG00000104435	0.252820834096759
ENSG00000164683	-0.00593958181201539
ENSG00000147586	-0.0571807681340993
ENSG00000076554	-0.111988912232961
ENSG00000251867	-0.262804291488656
ENSG00000205189	-0.159951971874986
ENSG00000164684	-0.0490286405763495
ENSG00000164687	0.121397252031984
ENSG00000280193	0.0584953352423015
ENSG00000104231	-0.0518316743230315
ENSG00000133739	0.163123208860641
ENSG00000133740	-0.123817671328141
ENSG00000176731	-0.0515949352461881
ENSG00000185015	-0.0985987804925144
ENSG00000253549	-0.0449806493980056
ENSG00000104267	0.179345163154827
ENSG00000250569	-0.564965298899277
ENSG00000085719	0.0565801750784445
ENSG00000104312	0.0857407928860883
ENSG00000164823	-0.168756576664098
ENSG00000104320	-0.0168014136839315
ENSG00000104325	0.0811489744250044
ENSG00000123119	-0.23203224920363
ENSG00000253738	-0.0292866040583408
ENSG00000155100	-0.149721511467655
ENSG00000253525	-0.247752177555128
ENSG00000205133	-0.156340166348203
ENSG00000271971	-0.151431904785767
ENSG00000253854	0.332314803319778
ENSG00000183808	-0.160198544722474
ENSG00000279331	-0.707274850825582
ENSG00000164953	-0.143717787940845
ENSG00000265817	0.125582232281539
ENSG00000175305	0.220214089996276
ENSG00000164938	0.0820158025203026
ENSG00000253878	0.268385195721222
ENSG00000254224	0.18341105528606
ENSG00000156471	-0.129670862886968
ENSG00000169439	0.0291770125740622
ENSG00000180543	-0.00932401995700018
ENSG00000104341	0.0604728097743891
ENSG00000243504	0.191988772395895
ENSG00000132541	0.222709804989531
ENSG00000104356	-0.131240525733707
ENSG00000034677	0.120752825242227
ENSG00000261087	0.214106254322425
ENSG00000120963	0.068616744616232
ENSG00000048392	0.0125361459305068
ENSG00000246263	0.161867099264716
ENSG00000104517	0.026328424514065
ENSG00000253669	0.196114004722422
ENSG00000164929	0.200882104487074
ENSG00000164930	-0.0865147553076138
ENSG00000286337	-0.127255979119212
ENSG00000164932	-0.186379521796503
ENSG00000164933	-0.205494013218736
ENSG00000164934	-0.185517374657814
ENSG00000287289	0.0657839601872515
ENSG00000147655	0.0387905437595596
ENSG00000230948	-0.0875697320765033
ENSG00000289094	-0.25780132479024
ENSG00000104412	0.143584705904613
ENSG00000120526	-0.190988253106875
ENSG00000120533	-0.0329602519795208
ENSG00000253877	0.00701290050657274
ENSG00000164754	-0.0151428537815149
ENSG00000164758	-0.0952919103515203
ENSG00000136999	-0.790143948913425
ENSG00000254343	-0.160662875774211
ENSG00000172172	-0.0813286668783866
ENSG00000272502	0.219990970919932
ENSG00000178764	0.0799185741533655
ENSG00000136986	-0.0692896442747001
ENSG00000165156	0.0190991211410388
ENSG00000156802	-0.0121161903548995
ENSG00000156804	0.212309566234019
ENSG00000176853	-0.154491168156354
ENSG00000253106	-0.176384231718105
ENSG00000170873	0.055176351898733
ENSG00000180938	0.171507730037081
ENSG00000173334	0.275996564105528
ENSG00000168672	-0.112837309097265
ENSG00000136997	-0.637037541585093
ENSG00000153310	-0.098340845142742
ENSG00000153317	-0.0269730035531362
ENSG00000286535	0.193486736853542
ENSG00000155897	-0.0602955440887422
ENSG00000129292	-0.0623156839078862
ENSG00000155926	-0.0447402860162737
ENSG00000008513	-0.0916331695479679
ENSG00000272456	-0.333796026306114
ENSG00000278898	0.364280568567544
ENSG00000279518	-0.195897148369875
ENSG00000259820	0.218620866013435
ENSG00000253988	0.18330373913566
ENSG00000259891	0.0101093626035128
ENSG00000280303	0.0358792314214608
ENSG00000105339	0.415549899215298
ENSG00000022567	-0.112386543088501
ENSG00000184489	-0.572191859829291
ENSG00000271959	-0.441201619250012
ENSG00000261710	-0.0845347929655371
ENSG00000198576	0.498243655315075
ENSG00000234616	-0.251319201805501
ENSG00000253741	0.0084054080446937
ENSG00000167656	0.0777844560466887
ENSG00000177335	0.00189510387938247
ENSG00000176956	0.263096770319178
ENSG00000184428	-0.255206495348743
ENSG00000014164	-0.133702067767933
ENSG00000287576	0.0693393452720651
ENSG00000104518	0.141365719554808
ENSG00000104529	-0.0324788997674576
ENSG00000104524	-0.320927104492555
ENSG00000104522	-0.359796524182625
ENSG00000183309	-0.163295848077156
ENSG00000181135	-0.0326470060940493
ENSG00000180921	-0.126151576086638
ENSG00000180900	0.153217745055211
ENSG00000179950	0.014371115017157
ENSG00000178685	0.283923427035848
ENSG00000178719	0.213446125894833
ENSG00000178896	0.0181268964601108
ENSG00000179632	-0.193191651543378
ENSG00000179698	-0.0236034204095341
ENSG00000179832	-0.06676095603616
ENSG00000261236	-0.303211701172368
ENSG00000185122	0.028531928235832
ENSG00000261678	0.610271382316593
ENSG00000185803	-0.0750791240728059
ENSG00000147804	-0.522717056753695
ENSG00000160949	-0.172976447500947
ENSG00000187954	-0.0233967236359623
ENSG00000160972	-0.119818810644626
ENSG00000161016	-0.265128933135331
ENSG00000147789	-0.0267329148812556
ENSG00000170619	-0.0756879303951877
ENSG00000286681	0.0957158512225922
ENSG00000196150	-0.132430594374506
ENSG00000170631	-0.034168624100456
ENSG00000255559	-0.319832665058129
ENSG00000182307	0.124210957459525
ENSG00000170122	0.0794584539045345
ENSG00000172785	-0.0258002774342089
ENSG00000107099	0.0742479372631143
ENSG00000107104	0.154124103388069
ENSG00000286684	0.458523399306592
ENSG00000080503	0.0593719476041967
ENSG00000147852	-0.026353172328598
ENSG00000080608	-0.150360683857423
ENSG00000147853	0.0659822484000302
ENSG00000120158	0.0403698316528371
ENSG00000096968	-0.0642279826842157
ENSG00000231967	0.556721326119989
ENSG00000107020	-0.0105683764495466
ENSG00000120217	0.351402227379265
ENSG00000183354	0.0415191075345605
ENSG00000178445	0.042790206989024
ENSG00000153714	-0.340657995882213
ENSG00000107186	0.132763564712976
ENSG00000147862	-0.139400635894544
ENSG00000225472	-0.0197447014548328
ENSG00000214110	0.526883949842015
ENSG00000164975	-0.0580458909662054
ENSG00000164985	-0.0326237507241869
ENSG00000147874	0.00393856478062895
ENSG00000147872	0.2757967842237
ENSG00000137145	0.0464637725756951
ENSG00000273226	0.5588881755954
ENSG00000155886	-0.108576805078318
ENSG00000226393	0.351265909827278
ENSG00000231195	0.0270890670278984
ENSG00000099810	-0.100259137262868
ENSG00000176399	-0.0399395566641207
ENSG00000198680	-0.0646820124290524
ENSG00000120159	-0.222769885908091
ENSG00000137055	-0.068228950914013
ENSG00000120162	0.269644788735433
ENSG00000287355	0.133752180502154
ENSG00000122729	0.00548473184333092
ENSG00000107201	0.101402333524056
ENSG00000197579	-0.0772261906984173
ENSG00000235453	0.0320727781801425
ENSG00000137074	-0.0717001858299565
ENSG00000225693	-0.362667278116207
ENSG00000122692	-0.00981863291273476
ENSG00000086065	0.0760942078839841
ENSG00000086102	0.0368629699913842
ENSG00000165271	-0.136592253358007
ENSG00000231991	-0.515225319655963
ENSG00000107341	-0.0444002437484385
ENSG00000198876	-0.0464267465592352
ENSG00000165006	0.0690708557877752
ENSG00000164976	0.429192211634855
ENSG00000168913	0.0513786825763932
ENSG00000122756	0.605683065150386
ENSG00000147955	0.000154842254962116
ENSG00000213930	0.215663308800627
ENSG00000137070	0.16781546330443
ENSG00000122733	-0.0957277982183698
ENSG00000137094	0.313418871410644
ENSG00000286782	-0.0798397876542201
ENSG00000287868	-0.2096705155439
ENSG00000165280	-0.15648790830899
ENSG00000221829	-0.165452593639017
ENSG00000165283	-0.129886721937044
ENSG00000005238	0.221881267577454
ENSG00000198853	-0.152415148613724
ENSG00000107140	-0.0950141045019589
ENSG00000159884	-0.105040347395337
ENSG00000107185	0.058775239101232
ENSG00000137098	0.140267082079663
ENSG00000137103	0.144981199584641
ENSG00000168828	-0.108726435727665
ENSG00000196196	0.203420701848032
ENSG00000235387	-0.258337115587389
ENSG00000185972	0.128379877499643
ENSG00000159921	-0.0404948109351359
ENSG00000215283	-0.0405685343664847
ENSG00000281649	-0.115433850066374
ENSG00000137054	0.00841598530414094
ENSG00000107371	-0.155712396961686
ENSG00000107338	-0.0545304303139513
ENSG00000137124	-0.198894290164054
ENSG00000137142	-0.0358460072578125
ENSG00000273036	0.697255006447951
ENSG00000225345	0.0964746725741913
ENSG00000180071	0.158288640650015
ENSG00000204860	0.0568947188535793
ENSG00000280077	-0.0505762453881932
ENSG00000279456	0.432089734156551
ENSG00000275450	-0.100692717590731
ENSG00000288838	0.282736854736737
ENSG00000238113	0.41187812304377
ENSG00000287168	0.806748224358313
ENSG00000237451	0.103542257633304
ENSG00000232815	0.406789364723005
ENSG00000274026	-0.36928103511791
ENSG00000187866	-0.000829823722993088
ENSG00000107282	0.0866817708399732
ENSG00000198887	-0.0384459476326029
ENSG00000119138	0.0562105296433101
ENSG00000083067	-0.0126239552275542
ENSG00000135048	0.034227542942992
ENSG00000155621	-0.0708089865230883
ENSG00000236060	-0.0567727168534985
ENSG00000119121	0.0918182277061383
ENSG00000135045	-0.120618306941052
ENSG00000156017	-0.291790844371259
ENSG00000134996	-0.101955291159667
ENSG00000106772	0.142596147424059
ENSG00000148019	0.000702691886826043
ENSG00000135069	-0.146292256009509
ENSG00000106829	-0.0889262487671155
ENSG00000196781	0.00530374437557109
ENSG00000165113	-0.143934112265086
ENSG00000165118	-0.0740677512505246
ENSG00000165119	-0.0894604847331446
ENSG00000178966	-0.070016965967115
ENSG00000148053	0.17856751286211
ENSG00000135049	-0.0277105364825896
ENSG00000230303	-0.0709338939353617
ENSG00000165121	-0.119207906101781
ENSG00000289214	-0.16470923390488
ENSG00000135040	-0.0525752295987955
ENSG00000083223	-0.006653010981209
ENSG00000180447	0.049810064291226
ENSG00000204446	0.0244742334456766
ENSG00000135047	0.29357903391907
ENSG00000156345	-0.0109556853638049
ENSG00000287769	0.152088234549967
ENSG00000106723	-0.0240884138805137
ENSG00000227638	0.229999304665365
ENSG00000123975	-0.270327200913518
ENSG00000187742	-0.0134284528778849
ENSG00000187764	0.557175148778509
ENSG00000130222	0.648952616389984
ENSG00000165023	-0.384866561946631
ENSG00000165025	0.107737703006691
ENSG00000289123	0.528772566617965
ENSG00000165030	-0.191767337715512
ENSG00000233081	0.11942722448296
ENSG00000196305	-0.132664664350143
ENSG00000198000	-0.00859175276772561
ENSG00000106809	-0.252862958704518
ENSG00000127080	-0.0284546908498192
ENSG00000288062	-0.270633926882002
ENSG00000127084	-0.03055675226581
ENSG00000157303	0.112839794722756
ENSG00000165233	0.0457650143806723
ENSG00000131669	0.268648554875758
ENSG00000188938	0.0375385908626614
ENSG00000289031	-0.397510958972424
ENSG00000269929	-0.0377535478732307
ENSG00000175787	-0.0419082046400439
ENSG00000148110	-0.179745887046711
ENSG00000185920	0.127185400952635
ENSG00000271659	-0.057736752462376
ENSG00000182150	-0.0189947397644948
ENSG00000225194	0.489564867806148
ENSG00000224546	-0.158195558949032
ENSG00000165244	-0.077709015888712
ENSG00000130956	-0.0667418247403766
ENSG00000158122	-0.149718337966228
ENSG00000136943	-0.109667603456618
ENSG00000254633	0.0277434939182189
ENSG00000196116	0.077470030537138
ENSG00000136937	0.0169616640279491
ENSG00000136932	-0.0145669131730903
ENSG00000287070	-0.0596084917728755
ENSG00000136938	0.182990420434558
ENSG00000095380	-0.0829729918620433
ENSG00000106785	0.237936700601924
ENSG00000095383	0.204985498556447
ENSG00000106799	0.132673240890723
ENSG00000119523	-0.0714316575437372
ENSG00000106803	-0.105364629640994
ENSG00000023318	-0.0452607094081214
ENSG00000136891	0.00517138020693166
ENSG00000066697	-0.0147514079860956
ENSG00000241697	-0.0724052240124728
ENSG00000170681	0.283681912637864
ENSG00000148123	-0.0873095018171968
ENSG00000136897	-0.074160688949703
ENSG00000136870	0.280266321553608
ENSG00000165152	-0.13111365604437
ENSG00000155827	0.0596965371051787
ENSG00000165029	-0.0371953040806681
ENSG00000070061	0.00260844472879656
ENSG00000119328	0.0886304381871522
ENSG00000119326	-0.0578761395368317
ENSG00000095203	-0.0938755792850742
ENSG00000157654	-0.148926326367973
ENSG00000136810	-0.3563803378855
ENSG00000136813	-0.104365339935024
ENSG00000059769	-0.055042927096472
ENSG00000148154	-0.286673570367841
ENSG00000259953	0.325910453030568
ENSG00000106868	0.0462378763637169
ENSG00000119314	-0.0247130166530097
ENSG00000119471	0.159656522600299
ENSG00000165185	-0.0733250342331258
ENSG00000148158	0.119733845137061
ENSG00000271631	0.201942748880693
ENSG00000228623	0.0448953545124212
ENSG00000136866	0.0575232163982592
ENSG00000225684	-0.132022993307244
ENSG00000231528	-0.0905304172660839
ENSG00000119321	0.185377628230666
ENSG00000136868	0.120632094177038
ENSG00000176386	-0.00856047461234146
ENSG00000136875	-0.201906938519667
ENSG00000148225	0.0255172783462039
ENSG00000196739	-0.0713038688859564
ENSG00000095397	0.101007315506641
ENSG00000136888	-0.0521888070364651
ENSG00000136869	0.0671042708568333
ENSG00000106780	0.041554936638669
ENSG00000214654	-0.00281621991971985
ENSG00000095261	-0.0266794123114163
ENSG00000119403	0.0984191471229414
ENSG00000056558	0.555759329736763
ENSG00000106804	0.00877886365541432
ENSG00000119397	0.0552451052103526
ENSG00000148175	0.235592945129622
ENSG00000175764	-0.0408522938363737
ENSG00000148187	-0.0471495210482703
ENSG00000095303	0.433280288387471
ENSG00000186130	-0.163722738900973
ENSG00000171448	-0.086991060023332
ENSG00000011454	0.0527737500375931
ENSG00000119408	0.0794254889695295
ENSG00000136930	-0.112201691078234
ENSG00000136950	-0.224335383964786
ENSG00000136935	-0.071760394260915
ENSG00000119414	0.0362532482464189
ENSG00000136933	-0.133650539483451
ENSG00000044574	-0.375007110943195
ENSG00000288537	0.5043794800612
ENSG00000196814	0.296215502647254
ENSG00000279137	0.218462838053503
ENSG00000136944	0.0832731796872756
ENSG00000169155	0.217397734260846
ENSG00000177125	-0.107830710307553
ENSG00000136828	-0.0249356479754831
ENSG00000136859	0.388182126086048
ENSG00000196152	-0.0795672638661005
ENSG00000197958	-0.21098812091175
ENSG00000136830	0.0261008003645171
ENSG00000136854	-0.225349258992244
ENSG00000160404	-0.134614757849864
ENSG00000136807	-0.0909919085756882
ENSG00000136877	0.031460475644017
ENSG00000160408	-0.133363604661595
ENSG00000136840	-0.144620571508528
ENSG00000227218	0.48659794519084
ENSG00000136908	-0.0278951173837475
ENSG00000167106	0.178647544274427
ENSG00000171169	0.0209796042945216
ENSG00000148339	0.00552888306232108
ENSG00000148334	-0.106273015097956
ENSG00000232850	-0.29587998596313
ENSG00000148346	-0.52034387921456
ENSG00000171159	-0.203363402415085
ENSG00000148337	-0.0784345214045096
ENSG00000106976	-0.139191330591971
ENSG00000175854	-0.0213855485046333
ENSG00000272696	-0.132186184540145
ENSG00000167113	-0.0674152315570082
ENSG00000167114	-0.158249641867546
ENSG00000207955	0.277948727682535
ENSG00000167123	0.896056023881673
ENSG00000273186	-0.265255111482108
ENSG00000228510	0.586260914937815
ENSG00000119392	-0.0467441087580194
ENSG00000280758	-0.260984692494393
ENSG00000119333	-0.24803882337789
ENSG00000119335	-0.0606864442496028
ENSG00000160447	0.0169738693998533
ENSG00000203286	0.711923057662842
ENSG00000198917	-0.162455570147234
ENSG00000171097	-0.0605781560151999
ENSG00000136802	-0.0856282466740696
ENSG00000175283	0.242527640516754
ENSG00000095319	0.157292191526282
ENSG00000267834	0.0724586458937609
ENSG00000148341	-0.0173533668914324
ENSG00000095321	0.0626848942726861
ENSG00000119383	-0.157414666523818
ENSG00000188483	-0.557668078038562
ENSG00000233901	-0.149600688810486
ENSG00000204054	0.0533605548482572
ENSG00000148335	0.00241580837417275
ENSG00000179058	-0.0695623309051664
ENSG00000136827	-0.0269439287595745
ENSG00000136819	-0.0495416447490192
ENSG00000187239	0.222925237155905
ENSG00000288924	0.141143280214532
ENSG00000148358	0.126048555009712
ENSG00000107130	-0.0553036171036823
ENSG00000107164	-0.108896512994685
ENSG00000130713	-0.0902346877547332
ENSG00000050555	0.0259750839553458
ENSG00000126883	0.0690385010163217
ENSG00000126882	0.168698702506114
ENSG00000288701	0.00685826244573586
ENSG00000130717	-0.0380810690208726
ENSG00000125482	-0.0653304536221875
ENSG00000125485	-0.26232836989676
ENSG00000125484	-0.120466405178643
ENSG00000165698	-0.131050755749369
ENSG00000160271	-0.144386854428559
ENSG00000148288	0.204935273139848
ENSG00000148297	-0.165234798187435
ENSG00000148303	-0.227532396405654
ENSG00000148248	-0.0167022777174157
ENSG00000148300	-0.311062656890318
ENSG00000160323	0.0881960520041992
ENSG00000160326	-0.224379977003139
ENSG00000197859	0.343374576474038
ENSG00000196990	0.21050925448973
ENSG00000235106	-0.0656776547711369
ENSG00000169925	0.102930507315835
ENSG00000196363	-0.341312281756476
ENSG00000186350	0.0820677085400386
ENSG00000226706	-0.0102667418614406
ENSG00000148411	0.188116665073518
ENSG00000165688	-0.146665392525985
ENSG00000196366	-0.290447865505262
ENSG00000237886	0.16787643416345
ENSG00000172889	-0.206088344618629
ENSG00000165716	0.0436680863154806
ENSG00000244187	-0.0482476634813449
ENSG00000213213	-0.0959687506366027
ENSG00000228544	-0.10716016600262
ENSG00000232434	-0.227700474589132
ENSG00000054148	-0.217586476454882
ENSG00000177943	0.330908411856806
ENSG00000127191	-0.229425427165551
ENSG00000214402	0.360562620058492
ENSG00000107331	0.559969420759054
ENSG00000180539	0.121965387886019
ENSG00000054179	0.421693130602862
ENSG00000268996	0.0220354183144486
ENSG00000177239	-0.149723933741955
ENSG00000176884	0.0153364111734758
ENSG00000187713	-0.095781699527902
ENSG00000197191	-0.412055166869692
ENSG00000188229	-0.191263509701448
ENSG00000198113	0.152064392879549
ENSG00000198435	0.0851814995239147
ENSG00000188747	-0.0461567544825758
ENSG00000165802	-0.0605118983043778
ENSG00000181090	-0.0663238122390371
ENSG00000015171	0.0305597589262466
ENSG00000151240	-0.0922720272610505
ENSG00000180525	-0.0230278225567932
ENSG00000107929	-0.0721088854472777
ENSG00000107937	-0.0185942937138697
ENSG00000047056	0.0979543761983908
ENSG00000287560	0.289893609903791
ENSG00000287566	1.54592147093472
ENSG00000196372	-0.183497524789088
ENSG00000134461	-0.0373412850415143
ENSG00000134452	-0.00451065976601511
ENSG00000232807	0.111934496802789
ENSG00000134470	0.0685153684653795
ENSG00000134453	0.0778058804349947
ENSG00000170525	-0.20040354739756
ENSG00000288915	-0.147589234834767
ENSG00000198879	0.150080374778821
ENSG00000123243	0.35910314020084
ENSG00000165632	-0.112643254739407
ENSG00000107485	0.374118965113684
ENSG00000271046	0.540635533298978
ENSG00000134463	-0.00294471100755009
ENSG00000225778	-0.0160145672809734
ENSG00000151461	-0.0684015304377468
ENSG00000181192	0.23609416048022
ENSG00000065665	0.110009813499166
ENSG00000165609	-0.0130319543158761
ENSG00000151465	-0.15416663860566
ENSG00000228302	0.234177484723405
ENSG00000123240	0.107269957985803
ENSG00000234175	0.12693664641906
ENSG00000228330	0.297945148495291
ENSG00000107537	0.0478056397639565
ENSG00000086475	-0.051300950936548
ENSG00000239665	0.252440422300896
ENSG00000065809	0.184958884065921
ENSG00000185267	0.0280375350231605
ENSG00000284024	-0.0214716141731284
ENSG00000272853	-0.0808220456192354
ENSG00000152455	-0.0942135059025291
ENSG00000176244	0.462486038746431
ENSG00000176236	-0.153138581119355
ENSG00000152464	-0.120519522488923
ENSG00000152465	-0.0976628308583948
ENSG00000148468	-0.0123616631841499
ENSG00000165996	-0.207455853196591
ENSG00000260589	-0.144862524439878
ENSG00000148482	-0.0188189446035252
ENSG00000241058	-0.0946781505243767
ENSG00000285852	0.10551538437214
ENSG00000287613	0.00666188776136048
ENSG00000078114	0.106277826288813
ENSG00000204682	-0.196914014815488
ENSG00000279631	0.368085896351473
ENSG00000261671	-0.323453749566675
ENSG00000148444	0.034280001933709
ENSG00000168283	-0.0689902778921871
ENSG00000150867	0.359696933453886
ENSG00000165312	0.019418040805606
ENSG00000107863	0.217156755267001
ENSG00000285750	-0.0552791704836759
ENSG00000099256	0.214417402444374
ENSG00000151023	0.0158026478325003
ENSG00000185875	-0.132758314838787
ENSG00000136750	0.593612896965616
ENSG00000077420	0.109672913880128
ENSG00000136754	0.107397366784482
ENSG00000107890	-0.0871981628441884
ENSG00000136758	0.0174464602169587
ENSG00000107897	0.0263394106279688
ENSG00000095787	-0.0346915736101066
ENSG00000259994	-0.243355039313679
ENSG00000148516	0.0333782638839075
ENSG00000120616	-0.0673314703347234
ENSG00000099250	-0.0826511301680689
ENSG00000095794	0.0738506111420092
ENSG00000271335	0.024235433073589
ENSG00000229644	-0.244926850471522
ENSG00000198105	-0.260851994543272
ENSG00000236514	0.324321987271428
ENSG00000151963	0.0796802716361411
ENSG00000189180	0.169055769754018
ENSG00000075407	0.00351540958487947
ENSG00000276805	0.0655337248210805
ENSG00000185904	-0.0307499104016327
ENSG00000234420	0.210136673988391
ENSG00000285884	-0.00314959511587188
ENSG00000165733	-0.0779687879916412
ENSG00000165731	0.191767820801158
ENSG00000196793	-0.149535696876133
ENSG00000232004	-0.0769476939938341
ENSG00000198298	-0.190598457050346
ENSG00000169740	-0.0870962905433421
ENSG00000226245	-0.269932370255886
ENSG00000277288	0.081748629817093
ENSG00000107562	-0.131345136654393
ENSG00000107551	0.188932221955394
ENSG00000165507	0.176319607206468
ENSG00000012779	0.197711996264943
ENSG00000165406	0.0859032819769026
ENSG00000172671	-0.0472413242706658
ENSG00000265354	-0.0777274675647267
ENSG00000289092	0.0487232652407914
ENSG00000204175	-0.304607497294378
ENSG00000266524	0.0770403992758088
ENSG00000265203	0.250125318198888
ENSG00000265763	0.587488927574263
ENSG00000279822	0.112948304089019
ENSG00000165633	0.112443685810058
ENSG00000204161	0.515312677780887
ENSG00000225830	-0.0355949382785644
ENSG00000197444	0.2330242303694
ENSG00000204152	0.057655550991386
ENSG00000198964	-0.0210340669365731
ENSG00000279863	1.01771563104777
ENSG00000226200	0.221528230869063
ENSG00000177613	0.274272093438448
ENSG00000227972	0.00282925304363675
ENSG00000151151	-0.137717534473704
ENSG00000108064	-0.118798555009734
ENSG00000237949	0.170186645605736
ENSG00000287969	-0.143178635212835
ENSG00000165449	-0.06323315768733
ENSG00000072422	0.0215450033268821
ENSG00000150347	-0.136428523281882
ENSG00000288011	-0.136075689499877
ENSG00000138311	0.00354320721857666
ENSG00000181915	0.169386367572565
ENSG00000122877	0.196560950750674
ENSG00000148572	-0.0869591046896634
ENSG00000171988	0.0149901881938459
ENSG00000226426	0.372256816806209
ENSG00000108176	-0.187179312175978
ENSG00000096717	-0.0430336904257239
ENSG00000148634	-0.143512743662431
ENSG00000108187	-0.0160877819946526
ENSG00000096746	0.142908794974606
ENSG00000204130	0.0863628906471533
ENSG00000138346	-0.107526987428765
ENSG00000260400	-0.401586616358279
ENSG00000060339	-0.0580408930078916
ENSG00000165730	0.0400405185884591
ENSG00000107625	-0.0883830869065623
ENSG00000165732	-0.00857455873185423
ENSG00000122862	0.475602834994123
ENSG00000156502	-0.123848907729622
ENSG00000156515	-0.0919440480208874
ENSG00000075073	0.0314990784803854
ENSG00000236154	0.0560566336367161
ENSG00000171224	0.141685749485454
ENSG00000042286	-0.0839888746949168
ENSG00000079332	0.0829747991962276
ENSG00000148730	0.215960085239157
ENSG00000280401	0.230229132321093
ENSG00000107719	0.377535252750094
ENSG00000237512	0.0175283734453619
ENSG00000198246	-0.00752344836818236
ENSG00000279406	-0.0153394541534743
ENSG00000107736	-0.149421428227594
ENSG00000214688	0.256407059053672
ENSG00000107738	0.62941871564961
ENSG00000197746	0.134628086039945
ENSG00000122863	0.172136014145091
ENSG00000138303	0.0396156549418883
ENSG00000166295	-0.30522093809172
ENSG00000200170	-0.258678467378219
ENSG00000168209	0.546720227136369
ENSG00000213700	-0.213000250079688
ENSG00000122884	0.049579390999294
ENSG00000272630	-0.0399859666148559
ENSG00000122882	-0.052958314051419
ENSG00000213551	-0.107263984628179
ENSG00000182180	0.118459305581241
ENSG00000227540	0.12425651624107
ENSG00000138279	-0.105560485023769
ENSG00000272791	0.345109151990518
ENSG00000242338	0.116986691859231
ENSG00000250959	-0.086968450518726
ENSG00000279088	0.423703520302259
ENSG00000196968	0.00306926657426564
ENSG00000288823	-0.043179455956135
ENSG00000272589	0.132735098227635
ENSG00000166507	0.139594085614971
ENSG00000148660	-0.0903821534224205
ENSG00000122861	-0.182792981699036
ENSG00000272748	-0.332822431656288
ENSG00000156650	0.0170803097319383
ENSG00000165644	-0.172796306954371
ENSG00000151208	0.0222695478463277
ENSG00000148606	-0.150571866936935
ENSG00000108175	0.14862991968185
ENSG00000165424	0.215545409561782
ENSG00000122852	0.181168200965262
ENSG00000280355	-0.222446965298345
ENSG00000242600	-0.044704585964126
ENSG00000133678	-0.0820715646176831
ENSG00000189129	-0.297246038356681
ENSG00000122359	-0.169174310613502
ENSG00000122378	0.0116062568931589
ENSG00000108219	0.233610391821498
ENSG00000226659	0.109101461683185
ENSG00000287358	0.341918950544581
ENSG00000285739	0.238270990050544
ENSG00000288918	-0.0899483341501763
ENSG00000285972	-0.00708269085961916
ENSG00000148604	-0.02381087628485
ENSG00000062650	-0.0303692110015147
ENSG00000227896	-0.0222612471187296
ENSG00000272631	-0.104215230370533
ENSG00000107779	-0.125754292153724
ENSG00000173267	0.397366973313316
ENSG00000272734	0.180857205602531
ENSG00000200253	-0.219157203424909
ENSG00000148672	-0.135689022774482
ENSG00000287077	0.319897879282559
ENSG00000286445	0.129718355093602
ENSG00000198682	0.00444564561185077
ENSG00000227268	0.179580353018148
ENSG00000213613	-0.0534312751027219
ENSG00000152766	0.177149313449819
ENSG00000026103	-0.163248490681014
ENSG00000138135	-0.235499997423193
ENSG00000232110	0.508591265032694
ENSG00000119917	0.302882832818908
ENSG00000185745	0.192645909046372
ENSG00000152778	0.0535712580056394
ENSG00000148688	-0.203756414610946
ENSG00000119938	0.435936273183295
ENSG00000107854	-0.00996484593977792
ENSG00000174721	0.199316962027792
ENSG00000095564	0.0522051845980643
ENSG00000198060	-0.0379664077522655
ENSG00000119912	-0.140199665204452
ENSG00000152804	-0.291962588490617
ENSG00000138119	0.0109892079899664
ENSG00000148690	-0.117360516876244
ENSG00000108231	-0.138125818050625
ENSG00000108239	0.299024598708262
ENSG00000107438	-0.570749329705394
ENSG00000095637	-0.0587207482869601
ENSG00000059573	-0.0432103076494901
ENSG00000119977	-0.024354066193654
ENSG00000138185	-0.046487056937259
ENSG00000107443	0.0262784182106546
ENSG00000095585	-0.00275719505550567
ENSG00000197430	0.60937741469412
ENSG00000155629	0.0827565907597781
ENSG00000236552	-0.288829983992119
ENSG00000196233	-0.0615413908079485
ENSG00000187122	0.0455506174972328
ENSG00000213390	0.131999049241539
ENSG00000165879	0.163011542994648
ENSG00000181274	-0.0505452045276401
ENSG00000052749	-0.163668979200066
ENSG00000171314	0.198537503840967
ENSG00000171307	-0.311515742690086
ENSG00000155229	0.0126557336707984
ENSG00000165886	-0.148664511377326
ENSG00000241935	0.0251399743981206
ENSG00000203942	-0.636540931665008
ENSG00000155252	-0.0246449111212207
ENSG00000119986	0.246287862527136
ENSG00000155256	-0.0333091355674645
ENSG00000120057	-0.201998150763383
ENSG00000095713	-0.0302451741071243
ENSG00000119943	0.0724119304075745
ENSG00000107521	-0.0693929184291937
ENSG00000287261	0.0257365265037994
ENSG00000172987	-0.000774107041382798
ENSG00000224934	-0.180525525032976
ENSG00000155287	0.13670671375346
ENSG00000260475	0.094676249927667
ENSG00000198018	-0.146623467392909
ENSG00000014919	-0.0824669170353174
ENSG00000227695	0.011440756481221
ENSG00000107566	-0.150529092843764
ENSG00000213341	-0.0599379440944189
ENSG00000095485	-0.0660410033718317
ENSG00000230224	0.14469714736199
ENSG00000099194	0.434822806973216
ENSG00000235823	0.155734621428748
ENSG00000166136	-0.0248804832380122
ENSG00000272572	-0.512439120531371
ENSG00000055950	-0.0641023043562867
ENSG00000107816	0.158827565524141
ENSG00000186862	0.0407088502219778
ENSG00000107819	-0.0897699854452006
ENSG00000107821	0.0333922230113665
ENSG00000225208	-0.147615304472278
ENSG00000166169	-0.0846750331202686
ENSG00000107829	0.0738687828789613
ENSG00000107833	-0.384512809816458
ENSG00000198408	0.238476732239815
ENSG00000120029	-0.043063438448726
ENSG00000166189	0.0597087965188121
ENSG00000198728	0.00103069945983933
ENSG00000148840	-0.114111525925755
ENSG00000166197	0.0507956694494256
ENSG00000119915	0.0526300745566461
ENSG00000107859	-0.0107209654239443
ENSG00000107862	0.104599439240421
ENSG00000077150	0.0477986596530577
ENSG00000269609	-0.208782297729765
ENSG00000107882	-0.0540586100949107
ENSG00000272933	0.0815959360025287
ENSG00000171206	0.0121244245685484
ENSG00000156398	0.0565206778244499
ENSG00000166272	-0.122098251934215
ENSG00000214435	0.122779985754984
ENSG00000076685	0.100406994800948
ENSG00000148798	0.47006041228381
ENSG00000156374	-0.0710617755911688
ENSG00000148835	-0.254277129936087
ENSG00000148843	-0.151268106619301
ENSG00000138172	-0.127571833420087
ENSG00000185933	-0.23364847057372
ENSG00000107954	-0.149428729754554
ENSG00000107957	0.18938112000256
ENSG00000107960	-0.139756005060001
ENSG00000148834	-0.0314317207607771
ENSG00000065621	-0.135189487153558
ENSG00000231233	0.497142199513689
ENSG00000108039	-0.0313242270038148
ENSG00000148700	0.0862873810599921
ENSG00000119950	0.121641918838538
ENSG00000228417	-0.0412959311999669
ENSG00000119953	-0.176802941787216
ENSG00000108055	-0.0700636355678475
ENSG00000150593	0.102176277010708
ENSG00000214413	0.115976798776675
ENSG00000278601	0.10208814756039
ENSG00000270589	-0.136859819769862
ENSG00000119927	-0.0600923386043665
ENSG00000197142	0.137592905682409
ENSG00000260917	0.0821958847390424
ENSG00000148737	-0.0201857245773648
ENSG00000165806	-0.0928746290154637
ENSG00000198924	-0.0846663606255519
ENSG00000196865	-0.146469358229383
ENSG00000187164	0.202049744808546
ENSG00000287655	-0.152078243992644
ENSG00000165646	0.689238080745658
ENSG00000277879	0.237461814501201
ENSG00000119973	0.85333705104688
ENSG00000151893	-0.00550755883785487
ENSG00000277687	-0.0525719091166521
ENSG00000188613	-0.15889421327215
ENSG00000107581	0.0076141121974384
ENSG00000289126	0.33729134853478
ENSG00000148908	0.188615765218434
ENSG00000151923	-0.0404874183868689
ENSG00000151929	0.439985986040143
ENSG00000198825	-0.170361380172025
ENSG00000197771	-0.0741977025823453
ENSG00000107651	-0.0880442912207661
ENSG00000177234	0.0358553786282278
ENSG00000223432	-0.168588549823289
ENSG00000273891	0.176540710785365
ENSG00000107679	-0.157886749081124
ENSG00000166033	0.458580415439894
ENSG00000179988	-0.0595964814991269
ENSG00000095574	-0.150378896251017
ENSG00000196177	0.0449693561210094
ENSG00000154478	0.532915070077469
ENSG00000288757	0.0833816644163874
ENSG00000182022	-0.035737588844854
ENSG00000189319	-0.0436861835160164
ENSG00000203791	-0.152183560866413
ENSG00000019995	-0.027591394484377
ENSG00000175029	-0.127560284011366
ENSG00000188690	-0.12352972787236
ENSG00000107949	0.00785615421023295
ENSG00000089876	-0.0516811133774898
ENSG00000287609	0.58812478820653
ENSG00000235180	0.12827279309846
ENSG00000150760	0.0573269211329023
ENSG00000188916	-0.0494745391906968
ENSG00000132334	0.0578003547887764
ENSG00000227076	0.108673258750328
ENSG00000108001	0.0383687016930574
ENSG00000277218	-0.432722662396645
ENSG00000233122	-0.385101560706984
ENSG00000108010	-0.141146056979591
ENSG00000176171	0.24320116792431
ENSG00000188385	0.218787410015524
ENSG00000235010	-0.034939123919244
ENSG00000151640	0.117126043729419
ENSG00000165752	-0.24620270320153
ENSG00000256925	-0.0406723294230728
ENSG00000197177	0.295170817944138
ENSG00000171798	0.0437781606879731
ENSG00000151650	0.264808560465498
ENSG00000198546	-0.294642104030669
ENSG00000130643	0.547102044411415
ENSG00000148803	-0.173525685562895
ENSG00000127884	0.0146369465649661
ENSG00000177963	-0.0602908831152033
ENSG00000185627	-0.216005894278782
ENSG00000255026	-0.00444390507338913
ENSG00000142102	0.285752738851391
ENSG00000185201	0.0568234285434326
ENSG00000185885	0.208577032111497
ENSG00000254910	-0.121892599762398
ENSG00000251661	0.29060106875134
ENSG00000142089	0.0180263836829675
ENSG00000270972	0.254754616989753
ENSG00000174775	-0.205612103924495
ENSG00000247095	0.74975063481876
ENSG00000185507	0.264874808143301
ENSG00000177042	0.0870288238710821
ENSG00000177225	-0.0255469037392964
ENSG00000255284	-0.224274590306281
ENSG00000177542	-0.250461903160441
ENSG00000177595	0.0160021841660166
ENSG00000177830	-0.137419512279687
ENSG00000287935	-0.110043592627791
ENSG00000174672	-0.108636034441715
ENSG00000285581	-0.156095810490915
ENSG00000182208	-0.236713105555316
ENSG00000184545	0.0277654625243735
ENSG00000205869	0.242900356230861
ENSG00000244242	0.41960235531944
ENSG00000117984	0.287770532723028
ENSG00000235027	-0.0600380622814664
ENSG00000229512	0.102678666877429
ENSG00000130592	-0.0399826341187333
ENSG00000130600	-0.626277843817743
ENSG00000254647	-0.0394425322251394
ENSG00000180176	2.22606967134761
ENSG00000183734	-0.136215264249334
ENSG00000110651	0.175562138345787
ENSG00000184281	-0.161249042939174
ENSG00000237941	0.984459622253176
ENSG00000181649	-0.611998541657005
ENSG00000183562	0.00299883411996196
ENSG00000110619	-0.0488613632412687
ENSG00000021762	0.040435618086561
ENSG00000284639	-0.14985856204878
ENSG00000110713	-0.0380503740231919
ENSG00000148985	0.0622757346602468
ENSG00000132109	0.20760599961719
ENSG00000167333	-0.0755309830351569
ENSG00000244734	-0.368325205176004
ENSG00000223609	-0.162091859030621
ENSG00000213934	0.0848022391619362
ENSG00000258659	0.132613025369169
ENSG00000132274	0.512990782102876
ENSG00000181074	0.354714321505504
ENSG00000267940	-0.512535696596049
ENSG00000051009	0.0715294713126405
ENSG00000132259	-0.0749677478014239
ENSG00000110171	-0.0899095397971695
ENSG00000132254	-0.0864297278939692
ENSG00000132286	0.163391752431275
ENSG00000254595	-0.0921136717898842
ENSG00000166341	0.150906790939559
ENSG00000158042	-0.143772275886668
ENSG00000175390	0.0876095929255788
ENSG00000166407	0.0633098905751649
ENSG00000166436	0.0697528683248636
ENSG00000166444	0.0492162178933052
ENSG00000166452	0.0471216895694192
ENSG00000175348	0.0678653691445574
ENSG00000175352	0.196203913155362
ENSG00000184014	0.129737144302748
ENSG00000205339	-0.119151569287099
ENSG00000268403	-0.512093283470248
ENSG00000166478	-0.0792633827013273
ENSG00000166483	-0.1955737175763
ENSG00000243964	0.208110979893647
ENSG00000133789	-0.116060632749333
ENSG00000148926	1.27908838027836
ENSG00000110315	0.194446082806932
ENSG00000072952	0.302684103624782
ENSG00000198730	-0.0339764744959441
ENSG00000247271	0.0406862790138629
ENSG00000254598	-0.36101477329383
ENSG00000170242	0.0525403687297615
ENSG00000197702	-0.0361192046693485
ENSG00000187079	0.00187858345433392
ENSG00000133794	-0.114491950763469
ENSG00000262655	0.140680393873078
ENSG00000129083	-0.0848982726742387
ENSG00000129084	-0.168138023528671
ENSG00000186104	-0.0403279075384294
ENSG00000110680	-0.128198710122253
ENSG00000011405	0.0415727326298783
ENSG00000197149	0.00984805378633472
ENSG00000166788	-0.0902589049514518
ENSG00000173432	-0.822102705308735
ENSG00000134333	-0.186018159235125
ENSG00000074319	-0.143903146147209
ENSG00000256464	0.227650081315347
ENSG00000151117	0.415526676815017
ENSG00000270607	0.651177173611658
ENSG00000185238	-0.10681161506611
ENSG00000183161	-0.10086760304906
ENSG00000176971	0.0384630044108551
ENSG00000129151	-0.0429201283594096
ENSG00000205213	-0.0697833800942514
ENSG00000148943	-0.516175117776281
ENSG00000224411	-0.0931535615260636
ENSG00000007372	-0.153602155998712
ENSG00000049449	-0.0576908727635461
ENSG00000149100	-0.154933489101734
ENSG00000270903	0.0527340136593154
ENSG00000060749	0.0287090429425547
ENSG00000121690	-0.0343873012287711
ENSG00000176148	0.117786807498124
ENSG00000213713	0.565314742513134
ENSG00000280798	0.120546011347071
ENSG00000110422	-0.108319188888322
ENSG00000205177	0.0581734064464136
ENSG00000085063	-0.0472471661831992
ENSG00000135363	0.391549087638942
ENSG00000135387	0.00189236145606348
ENSG00000135372	-0.099348344990291
ENSG00000255521	0.140851510009155
ENSG00000026508	0.138630405057327
ENSG00000110436	0.0549559236636397
ENSG00000255542	0.0235464960989053
ENSG00000149090	0.0402530572532944
ENSG00000179431	0.42071818672465
ENSG00000166326	0.168628461564891
ENSG00000110442	-0.020118594526139
ENSG00000175104	-0.116459167704732
ENSG00000279675	-0.0496527615802919
ENSG00000052841	0.0429075547805662
ENSG00000283341	-0.414415033795284
ENSG00000149084	0.166369673308999
ENSG00000166199	-0.0596325092800978
ENSG00000213693	0.320008570314699
ENSG00000187479	-0.706168918294266
ENSG00000151348	-0.0398030797965481
ENSG00000175274	-0.107287813325661
ENSG00000019505	-0.102507384128571
ENSG00000254427	-0.0394736842036432
ENSG00000205106	0.18811882665158
ENSG00000181830	-0.0474860869367835
ENSG00000121671	0.0978814506030739
ENSG00000121680	0.000734084735577015
ENSG00000135365	-0.00941169098289257
ENSG00000157613	0.186484228147226
ENSG00000149091	-0.255873516646737
ENSG00000110492	0.695840659774512
ENSG00000175224	-0.0486683329641011
ENSG00000175213	0.100703916432146
ENSG00000149182	0.0486027887770252
ENSG00000243802	-0.0925528963413872
ENSG00000134574	0.0378384115078809
ENSG00000134575	0.34320107847633
ENSG00000025434	0.140545829708109
ENSG00000110514	-0.108450128248528
ENSG00000066336	0.3610662865859
ENSG00000255197	0.116945607905963
ENSG00000123444	0.0736328126972608
ENSG00000196666	0.544423007772052
ENSG00000172247	0.33645938125653
ENSG00000109919	0.032487674015905
ENSG00000254567	0.448752375780697
ENSG00000183908	-0.0527125007210765
ENSG00000149136	-0.119950930202758
ENSG00000134802	0.00707431778681772
ENSG00000186907	-0.0262002474085333
ENSG00000149150	-0.0224974757352123
ENSG00000134809	0.174452199677184
ENSG00000156587	0.319223213450365
ENSG00000149131	0.257337059379897
ENSG00000166793	-0.0561697954258602
ENSG00000172409	0.107712196383045
ENSG00000156599	-0.0796894721757813
ENSG00000156603	-0.189301132591977
ENSG00000186660	0.137399058869973
ENSG00000166801	0.485545956552317
ENSG00000197629	0.491024092704638
ENSG00000166900	-0.036019720642598
ENSG00000254477	0.100843982131564
ENSG00000234964	-0.482058014443137
ENSG00000166902	0.0249081431669481
ENSG00000110077	0.246327503685095
ENSG00000166927	0.389564301715029
ENSG00000166928	0.0588901549078001
ENSG00000110104	-0.229186977071936
ENSG00000183134	1.46475368343638
ENSG00000110107	-0.179227439904403
ENSG00000110108	-0.0245344218930248
ENSG00000256196	0.0142716530462268
ENSG00000110446	0.371991362405439
ENSG00000013725	-0.0129806159393908
ENSG00000167987	-0.0989207866202147
ENSG00000167986	-0.0242892623919746
ENSG00000162144	-0.0518547793806574
ENSG00000279246	0.415393591687078
ENSG00000149483	0.107966709883273
ENSG00000187049	-0.242205177246529
ENSG00000149532	0.137051176417483
ENSG00000167985	-0.0237642076078568
ENSG00000162148	-0.195381032368866
ENSG00000255931	-0.131954255749712
ENSG00000011347	-0.190307747014735
ENSG00000124920	0.547766997081646
ENSG00000168496	-0.0829151657263544
ENSG00000134824	0.268425863374593
ENSG00000149485	0.178104308759183
ENSG00000221968	-0.0753836527202561
ENSG00000167995	0.920821020948415
ENSG00000124935	0.401818300238448
ENSG00000162174	0.264243835335058
ENSG00000124942	0.0263700555725592
ENSG00000254772	-0.034072779921725
ENSG00000149016	0.0406234973948193
ENSG00000149480	0.0730272349170967
ENSG00000149499	-0.0191486427882513
ENSG00000149489	-0.328183973114275
ENSG00000149541	-0.267094696877004
ENSG00000185085	-0.0458736692861027
ENSG00000214756	0.0200872338257896
ENSG00000204922	-0.385987359831226
ENSG00000162191	-0.078100848696065
ENSG00000177363	-0.351148189865321
ENSG00000162188	0.689832156253089
ENSG00000214753	0.0802952160079697
ENSG00000162222	-0.335525993504627
ENSG00000168002	0.0738084546385485
ENSG00000267811	-0.0655126503466581
ENSG00000162227	0.0596433890132305
ENSG00000185475	0.268572233500749
ENSG00000162231	0.138556440992352
ENSG00000162236	-0.059161476275388
ENSG00000133316	-0.0997270006389931
ENSG00000168003	0.134975884267151
ENSG00000133321	0.0448324793009067
ENSG00000188070	-0.251812733137118
ENSG00000168005	-0.333497331235463
ENSG00000072518	-0.216172137541439
ENSG00000167771	0.0403760674211
ENSG00000289486	0.417074682304554
ENSG00000168439	-0.377030094517898
ENSG00000149781	0.237577765473494
ENSG00000149761	0.0534129430544082
ENSG00000110011	-0.0906840126842489
ENSG00000173511	0.228566948742242
ENSG00000173457	-0.453865182371083
ENSG00000149782	-0.113186339346414
ENSG00000002330	-0.186381044858903
ENSG00000182450	-0.192613166407053
ENSG00000173113	-0.203497654911688
ENSG00000162302	-0.2613736743234
ENSG00000231680	0.259346006915364
ENSG00000181908	-0.0332818440056186
ENSG00000110076	0.131513176507432
ENSG00000289058	0.85586106685361
ENSG00000269038	0.344235233230937
ENSG00000168067	0.129773461391922
ENSG00000110047	-0.239554621911375
ENSG00000068971	-0.10651542324441
ENSG00000168062	0.183563156451476
ENSG00000213465	0.0452292167606843
ENSG00000110025	-0.109565840193471
ENSG00000168060	-0.21001747571193
ENSG00000149792	-0.11279358247115
ENSG00000255200	-0.250640088652169
ENSG00000014138	-0.0840897330051731
ENSG00000133884	0.104711845199942
ENSG00000126391	-0.0891377574986043
ENSG00000173727	0.0837642629002638
ENSG00000260233	-0.149149901401792
ENSG00000173465	-0.111280778974642
ENSG00000176973	-0.365555476791523
ENSG00000173442	0.0224618540532541
ENSG00000285533	0.0824581358268489
ENSG00000172977	-0.00934000885349354
ENSG00000172922	-0.0825251727739957
ENSG00000254470	0.165397836657795
ENSG00000172757	-0.128332277140635
ENSG00000172732	-0.0159140725156256
ENSG00000172638	-0.0532501294103057
ENSG00000172500	-0.0803706667071075
ENSG00000175592	-0.263475332459587
ENSG00000175376	-0.0982651659445601
ENSG00000175334	-0.154559749918272
ENSG00000175229	-0.182405123844453
ENSG00000087365	-0.146685427721558
ENSG00000174996	-0.14244635700927
ENSG00000254461	-0.13656425728204
ENSG00000174903	0.027012322035635
ENSG00000174871	0.326897925110268
ENSG00000174744	-0.0634505058099112
ENSG00000174669	0.485213153036782
ENSG00000174576	0.116951774368117
ENSG00000174547	-0.13749480417867
ENSG00000254986	-0.0736733118203717
ENSG00000174483	0.0413145603288237
ENSG00000174165	-0.0235602028209333
ENSG00000173992	0.0650953061117414
ENSG00000239306	-0.0772223517142099
ENSG00000173933	-0.186660803937098
ENSG00000173914	0.109513314636358
ENSG00000173898	-0.141229893435175
ENSG00000173715	-0.167402240800404
ENSG00000173156	-0.416004341407944
ENSG00000173020	-0.263518278936468
ENSG00000172932	-0.20740848956745
ENSG00000172830	0.128076019976386
ENSG00000172613	-0.0780191018729578
ENSG00000175482	0.0890684873790551
ENSG00000175505	-0.0351867614798221
ENSG00000172508	0.917791122135009
ENSG00000175544	-0.145977797152578
ENSG00000110711	-0.0585424522688142
ENSG00000110697	0.214966415352567
ENSG00000167797	-0.287021855048144
ENSG00000084207	-0.0525333870512894
ENSG00000231793	0.0364198378412298
ENSG00000132744	0.716026148631673
ENSG00000110057	0.336742747828289
ENSG00000110719	0.465477116046082
ENSG00000110066	-0.0942593342252367
ENSG00000286369	0.0594336192812353
ENSG00000162337	-0.0578168004027324
ENSG00000110075	-0.148391793179334
ENSG00000110090	0.19619117000748
ENSG00000255980	-0.069529308552801
ENSG00000110092	0.311579281919312
ENSG00000168040	-0.045565283713516
ENSG00000131626	-0.0337589195071915
ENSG00000172890	0.212369641298172
ENSG00000254924	0.40635072832032
ENSG00000286948	0.175965765795269
ENSG00000204572	0.0215047444416353
ENSG00000137522	-0.0105712109903797
ENSG00000137496	0.220055660087891
ENSG00000137497	0.169390992275824
ENSG00000184154	0.0251486709148854
ENSG00000149357	0.0738920928907027
ENSG00000110200	0.0467695024096049
ENSG00000110195	0.273660446834139
ENSG00000165457	0.554390496518284
ENSG00000165458	0.301270246518199
ENSG00000227467	0.223280352516395
ENSG00000186635	0.0959770786362056
ENSG00000286555	0.223811191947038
ENSG00000168010	0.167690209409441
ENSG00000175591	-0.117663439845877
ENSG00000171631	-0.0274995867640311
ENSG00000257038	0.103002156002097
ENSG00000054967	0.235174494692327
ENSG00000054965	0.0640281998264054
ENSG00000175581	-0.0814461522667239
ENSG00000175575	0.258805618998761
ENSG00000175567	0.659786827653989
ENSG00000175564	-0.178946178347537
ENSG00000168014	0.00244110802071896
ENSG00000165434	-0.216685285609282
ENSG00000175538	0.0122125007581516
ENSG00000254837	-0.217665545152154
ENSG00000286943	0.105469430119552
ENSG00000162139	0.0363886080794781
ENSG00000137491	0.579337142527008
ENSG00000137486	0.234255178969486
ENSG00000158555	0.117340395867557
ENSG00000149257	-0.613114345006989
ENSG00000255434	-0.0150302701038239
ENSG00000179240	-0.229401040879685
ENSG00000158636	-0.141494618808334
ENSG00000137507	0.120620183153764
ENSG00000182704	-0.0390139346565027
ENSG00000149260	0.0804183530254756
ENSG00000137474	0.0518669575440794
ENSG00000149269	-0.163050360200462
ENSG00000074201	-0.0149796662177345
ENSG00000178301	0.0509053591872719
ENSG00000048649	-0.0541030423754626
ENSG00000227097	0.340989311996199
ENSG00000137509	0.233393085779825
ENSG00000137502	0.0824422937649661
ENSG00000137504	-0.0685452206251013
ENSG00000179071	-0.0633341135195029
ENSG00000074266	-0.152325086259087
ENSG00000255222	0.0573320767827268
ENSG00000150687	-0.213641211766434
ENSG00000197882	0.206016610127786
ENSG00000280339	-0.13990152635228
ENSG00000109861	0.0500787080621577
ENSG00000110172	-0.676637543477647
ENSG00000166002	-0.0362342306041959
ENSG00000166004	-0.0110115447775441
ENSG00000279696	-0.199107993241272
ENSG00000182919	0.113520553163456
ENSG00000042429	-0.125396358117141
ENSG00000214376	-0.0880102722423322
ENSG00000110218	0.0233765997156924
ENSG00000020922	-0.047293164965058
ENSG00000168876	-0.18881740112736
ENSG00000196371	0.0567288086531
ENSG00000166025	-0.112900300009609
ENSG00000277984	0.125933258841956
ENSG00000263465	0.099797704244635
ENSG00000149212	-0.157843623738839
ENSG00000166037	-0.190269561337998
ENSG00000248027	-0.00742751556165068
ENSG00000255504	-0.360776101899065
ENSG00000277459	0.43591815134814
ENSG00000137693	-0.00183120314209714
ENSG00000152558	-0.0919814643256602
ENSG00000255337	0.0715506413402927
ENSG00000196954	-0.117072412222307
ENSG00000137752	0.12521392554171
ENSG00000204397	-0.103307479531022
ENSG00000152578	0.0299514214055735
ENSG00000182359	-0.0626697073118032
ENSG00000152404	0.0114584686642912
ENSG00000075239	-0.0196648872760264
ENSG00000149311	0.108500538312057
ENSG00000178202	-0.18580920191318
ENSG00000137710	0.00748298838883555
ENSG00000287245	-0.0706105446503153
ENSG00000149289	-0.079424914699615
ENSG00000196167	-0.159224571584206
ENSG00000214290	-0.0614223185449867
ENSG00000086848	-0.173554471213817
ENSG00000255561	-0.130082553887776
ENSG00000137720	0.0528640234805283
ENSG00000150773	-0.0388032464493698
ENSG00000150776	-0.0413781512442942
ENSG00000150779	0.159374033199407
ENSG00000150782	0.239468426117071
ENSG00000197580	-0.134857043466516
ENSG00000150787	-0.112393845659006
ENSG00000247416	0.124278470457254
ENSG00000149292	0.105954057913297
ENSG00000170209	-0.0380898567438879
ENSG00000149295	0.295504393121572
ENSG00000086827	-0.0066531383676831
ENSG00000048028	-0.0354569853975061
ENSG00000109906	0.0263025883533798
ENSG00000180425	-0.0582764292826421
ENSG00000076053	-0.223720461377518
ENSG00000246100	0.115407314571195
ENSG00000160584	0.169810366990739
ENSG00000149577	0.312981299740198
ENSG00000160613	-0.0143738684133027
ENSG00000278768	0.0225332818213943
ENSG00000276505	-0.169094221218989
ENSG00000177103	0.0271443812217166
ENSG00000110324	0.466416727863525
ENSG00000149573	-1.32196749901088
ENSG00000198851	0.122513707696077
ENSG00000167286	0.166135883664523
ENSG00000110344	0.105550117110416
ENSG00000118058	0.0343027199145282
ENSG00000255435	0.0585095108573852
ENSG00000118096	-0.167677215145149
ENSG00000019144	0.503100815984931
ENSG00000255176	0.758090923545525
ENSG00000110367	-0.114045083092148
ENSG00000278376	0.122790094999733
ENSG00000254909	-0.540595727953345
ENSG00000196655	-0.0796061553753575
ENSG00000137700	-0.147876185284131
ENSG00000149428	-0.296347368864308
ENSG00000188486	0.000177960331753319
ENSG00000172269	0.000384035890325354
ENSG00000172273	-0.172960935190524
ENSG00000172350	0.0834293236031572
ENSG00000160703	0.0520199602903418
ENSG00000036672	0.302454393777888
ENSG00000154096	0.101102272859565
ENSG00000230716	0.245261727049494
ENSG00000255216	0.251509719718063
ENSG00000181264	0.3620117535565
ENSG00000196914	-0.00770285038514088
ENSG00000154114	0.0574250886383471
ENSG00000137642	0.149205462514967
ENSG00000255248	-0.148528382409747
ENSG00000154127	-0.0946714262563305
ENSG00000200879	-0.194754292175489
ENSG00000166257	-0.0307098489091749
ENSG00000110002	-0.0952995232758682
ENSG00000120458	0.0261293750741915
ENSG00000154134	0.273999643265942
ENSG00000165478	0.401678398320808
ENSG00000285825	0.0393526671305828
ENSG00000134955	0.227360746050723
ENSG00000150433	0.0563911722538508
ENSG00000134910	-0.131570640745706
ENSG00000198331	-0.250433161586336
ENSG00000110060	-0.168302886388688
ENSG00000165526	-0.141421551095566
ENSG00000197798	0.0099868022198161
ENSG00000182934	-0.0158106384754051
ENSG00000110063	-0.0671578679641247
ENSG00000280832	-0.0180375890946897
ENSG00000134954	0.0819785532698768
ENSG00000151702	-0.0771983969463733
ENSG00000254703	-0.182134646809131
ENSG00000120457	0.34292463110653
ENSG00000134909	-0.0235104850680279
ENSG00000233220	0.219352220405715
ENSG00000255057	0.316689715205584
ENSG00000084234	0.025035183472015
ENSG00000196323	-0.139394320359252
ENSG00000120451	0.0859940101242087
ENSG00000224795	0.0332985866134391
ENSG00000080854	-0.0126400256189299
ENSG00000204241	0.280496444029379
ENSG00000254648	-0.135049550793983
ENSG00000151503	-0.0439351747237135
ENSG00000151500	-0.0834027203699134
ENSG00000151498	-0.0403585827925053
ENSG00000120645	0.195743841564171
ENSG00000111181	0.760428006267926
ENSG00000010379	0.571596075953476
ENSG00000261799	0.0306901789847208
ENSG00000177406	-0.0233051105333522
ENSG00000060237	0.470800697868595
ENSG00000002016	-0.108367533173756
ENSG00000250132	0.0543853993913708
ENSG00000006831	0.353450313871597
ENSG00000235049	0.196174114950183
ENSG00000151065	-0.0510072524196364
ENSG00000256271	-0.102553901605689
ENSG00000274659	-0.0947970176375795
ENSG00000004478	-0.169136507112682
ENSG00000111203	0.00531012443566292
ENSG00000053702	-0.322582643860994
ENSG00000171792	0.0732811939363654
ENSG00000078246	-0.10179922118954
ENSG00000197905	-0.241470051290477
ENSG00000250899	-0.38153334397559
ENSG00000118971	-0.121758816554584
ENSG00000078237	-0.0401324932759474
ENSG00000139180	0.101240204785426
ENSG00000130035	-0.130159026972915
ENSG00000130037	-0.0117194836185061
ENSG00000110799	0.124401922706053
ENSG00000067182	0.0771066207703208
ENSG00000111321	0.0744993828498165
ENSG00000256433	-0.0651544358648589
ENSG00000213942	0.254189611232713
ENSG00000215039	0.328291640595151
ENSG00000139193	-0.0211866564402294
ENSG00000139192	0.255619629650201
ENSG00000010292	0.00163431340790133
ENSG00000010295	-0.00783210208135247
ENSG00000111642	0.152438003928213
ENSG00000184574	0.313412663745656
ENSG00000111644	0.0452791371563473
ENSG00000111653	-0.0844285233911222
ENSG00000126746	0.0454000961915176
ENSG00000139200	0.35285934734664
ENSG00000111652	0.051282530282986
ENSG00000269892	0.0348792618237652
ENSG00000159335	-0.189787997248481
ENSG00000089692	0.390094339832634
ENSG00000010610	0.468970711140174
ENSG00000250510	0.123602765854691
ENSG00000111667	-0.0906535448455148
ENSG00000111671	0.0334673579417137
ENSG00000111674	-0.145010481480362
ENSG00000111679	0.493548333681503
ENSG00000215021	-0.0972941220755611
ENSG00000238795	0.355206379906169
ENSG00000111684	0.0262341948070564
ENSG00000182326	-0.0636158191579408
ENSG00000159403	-0.332313070670005
ENSG00000139178	-0.152928931391816
ENSG00000139194	0.0580393169540065
ENSG00000256967	0.0774617936621728
ENSG00000139182	0.0447090368434589
ENSG00000139197	0.0850541403020124
ENSG00000177575	-0.599153521116334
ENSG00000059804	-0.291398782527959
ENSG00000255581	0.0494455044001376
ENSG00000171860	0.79746666078131
ENSG00000089818	0.00874219140214961
ENSG00000279865	0.287541304374218
ENSG00000111729	-0.0530684184538381
ENSG00000226711	0.00363377211856406
ENSG00000276417	0.157139163190532
ENSG00000275367	0.419890158945099
ENSG00000242661	-0.190983645186335
ENSG00000166523	0.203426897962974
ENSG00000166532	0.141898372155903
ENSG00000249790	0.0377400732240334
ENSG00000166535	-0.000139511204517222
ENSG00000003056	0.202317839352527
ENSG00000245105	0.112733426514883
ENSG00000175899	0.2011338827255
ENSG00000237248	0.299752514680652
ENSG00000256427	0.202770525566116
ENSG00000110848	0.46265797564107
ENSG00000110852	-0.145233073991647
ENSG00000197992	0.144324857041904
ENSG00000172243	0.903242301994037
ENSG00000173391	1.5787249807547
ENSG00000165685	0.196253154578919
ENSG00000183542	0.343572769139836
ENSG00000205810	-0.0667854011471921
ENSG00000111196	0.0367815575814564
ENSG00000060138	-0.260928926814355
ENSG00000111215	-0.0579689599644779
ENSG00000139083	-0.108319739786606
ENSG00000070018	-0.0519704854726967
ENSG00000243141	0.0561986926253031
ENSG00000205791	0.117509644275591
ENSG00000111269	-0.00139883062829886
ENSG00000183150	-0.0688764395105372
ENSG00000111276	-0.0851117716458879
ENSG00000178878	0.210950801030221
ENSG00000013588	-0.0597694735588049
ENSG00000013583	0.0421970109131798
ENSG00000183935	0.356955430530155
ENSG00000134531	0.362612820201432
ENSG00000171681	-0.0165726643024449
ENSG00000246705	0.271881027632854
ENSG00000084463	0.205441398835247
ENSG00000023697	-0.0596543538332016
ENSG00000008394	0.111325711795751
ENSG00000287074	-0.0342649272896463
ENSG00000139155	-0.0709300833855713
ENSG00000084453	0.398642282693561
ENSG00000004700	0.0889848314765575
ENSG00000111711	-0.214882392885661
ENSG00000134548	0.269396277838224
ENSG00000111716	0.119914046401278
ENSG00000121361	0.0652190523467068
ENSG00000069431	-0.0904942513603559
ENSG00000060982	0.268361200319417
ENSG00000205707	0.0508468088270305
ENSG00000275197	-0.667884496907672
ENSG00000246695	0.180738908780134
ENSG00000123094	0.00172871988166433
ENSG00000123095	0.467629356017172
ENSG00000123096	0.0300443036782882
ENSG00000111790	-0.222848920923491
ENSG00000064115	0.118223585121889
ENSG00000152944	-0.230171468956948
ENSG00000275764	-0.0771352990393171
ENSG00000276261	-0.766348923140835
ENSG00000061794	-0.103570587019294
ENSG00000273989	0.338318596131446
ENSG00000273680	0.0980585334910403
ENSG00000133704	-0.0283257656837013
ENSG00000110900	0.135931598238826
ENSG00000013573	0.166857559611104
ENSG00000139146	0.00491571056297994
ENSG00000139160	-0.0619468212844592
ENSG00000174718	-0.0838463874036335
ENSG00000276136	0.0654646066668898
ENSG00000277342	-0.235070420287915
ENSG00000274964	0.319222019542647
ENSG00000139132	-0.025835882320736
ENSG00000276148	0.0130347443969026
ENSG00000139131	-0.13835612331076
ENSG00000139133	-0.0941695292687049
ENSG00000175548	-0.243412305603453
ENSG00000257718	-0.0307215724395158
ENSG00000173208	-0.0952100684196874
ENSG00000188906	0.097514709326575
ENSG00000151233	-0.0772956400301527
ENSG00000015153	-0.0487204255893899
ENSG00000134283	-0.147679267925895
ENSG00000139168	0.0334859027748554
ENSG00000198001	0.0981658337738996
ENSG00000151239	-0.133619936476374
ENSG00000185610	0.155786936353294
ENSG00000177119	-0.0441580840363552
ENSG00000273015	0.0886177000578485
ENSG00000139218	0.0425394439952646
ENSG00000289046	0.0447248936022953
ENSG00000134294	-0.421771587004127
ENSG00000247774	0.0676641969976437
ENSG00000276390	-0.100883916762643
ENSG00000257433	-0.0893338575689006
ENSG00000111405	0.105714795118676
ENSG00000280054	0.189033892803816
ENSG00000079337	0.139116097842602
ENSG00000061273	0.0236596611602225
ENSG00000268069	0.231289916965066
ENSG00000276691	-0.0357177696464446
ENSG00000079387	-0.0691143920703874
ENSG00000177981	-0.109427196057411
ENSG00000274124	-0.0421613871898244
ENSG00000177875	-0.00194250034085085
ENSG00000172640	0.204410879469881
ENSG00000167528	0.160002407856548
ENSG00000257763	0.281115498239474
ENSG00000273765	0.804065936776329
ENSG00000226413	-0.0857665047353069
ENSG00000167535	-0.114682216036534
ENSG00000174243	-0.0175378664411115
ENSG00000172602	0.189945740752616
ENSG00000239617	-0.680371055801154
ENSG00000134285	0.138983630404476
ENSG00000181929	0.0811780400403649
ENSG00000277672	-0.85851717119655
ENSG00000123416	-0.000102491124289899
ENSG00000167552	-0.22886016181571
ENSG00000167553	-0.29405229988057
ENSG00000135406	-0.252336768474034
ENSG00000187778	-0.17520843532518
ENSG00000161791	0.470685937255999
ENSG00000139644	0.106570588651017
ENSG00000258057	-0.103216204618478
ENSG00000186666	-0.242546265568927
ENSG00000086159	0.422766699192608
ENSG00000161800	0.0965983863441561
ENSG00000110881	0.605259007938352
ENSG00000167588	0.408309214809262
ENSG00000161813	-0.168470248503025
ENSG00000123268	-0.299970415795484
ENSG00000185432	0.316597136950744
ENSG00000110911	0.044562764436807
ENSG00000050426	0.0831055997862944
ENSG00000135457	0.0901746974336039
ENSG00000183283	0.184939485182039
ENSG00000110934	0.238433732035235
ENSG00000050438	0.200990877941967
ENSG00000284730	0.00031419861236182
ENSG00000139567	-0.149495701975779
ENSG00000161835	0.106062371759177
ENSG00000123358	0.0136725924901501
ENSG00000259884	0.594509843590431
ENSG00000287051	0.0283680438767945
ENSG00000205420	-0.48099307855844
ENSG00000186081	-0.194092817603845
ENSG00000170477	0.117096391805368
ENSG00000063046	0.0300000623197662
ENSG00000111077	0.466344493463152
ENSG00000139631	0.28391946529664
ENSG00000139651	-0.0984033540196155
ENSG00000172819	-0.0612849870456607
ENSG00000182544	-0.0774168155827486
ENSG00000139637	-0.215463987396677
ENSG00000094914	0.245279612633518
ENSG00000185591	-0.0191269157542045
ENSG00000205352	0.116713712665128
ENSG00000270175	-0.165834930466193
ENSG00000139546	-0.171783133868836
ENSG00000139574	-0.0835598351437543
ENSG00000170653	-0.00888432647378654
ENSG00000135390	0.149823451307265
ENSG00000012822	0.135592453082933
ENSG00000250742	-0.281981299301788
ENSG00000260470	0.197741573046539
ENSG00000094916	0.157151176010841
ENSG00000123405	-0.324367341207242
ENSG00000111481	-0.0491238628797132
ENSG00000139572	0.277670693069939
ENSG00000161642	0.444717037770319
ENSG00000161638	-0.0592650928800983
ENSG00000123338	0.227346939071842
ENSG00000161634	-0.144867840581116
ENSG00000170439	-0.0194160760606553
ENSG00000135404	-0.0235443858850589
ENSG00000258056	0.413083327147802
ENSG00000135414	0.224414037313036
ENSG00000205323	-0.169117928708673
ENSG00000123353	0.208523760331382
ENSG00000182796	0.41089373995258
ENSG00000123342	0.0931466950973274
ENSG00000273973	0.023890689274888
ENSG00000111540	0.135548006736976
ENSG00000237493	0.163260838166979
ENSG00000273890	0.0409733765852308
ENSG00000197728	0.177283098064626
ENSG00000065361	0.617331588577825
ENSG00000139641	-0.088063364455199
ENSG00000092841	-0.195803322327031
ENSG00000139613	0.237007123311321
ENSG00000135469	0.20890912358662
ENSG00000257303	-0.0894345616970049
ENSG00000135473	0.26411239063367
ENSG00000111602	-0.101172707539654
ENSG00000176422	-0.12291583954212
ENSG00000025423	0.102351041132121
ENSG00000139547	0.125189495494767
ENSG00000166860	0.154344784885746
ENSG00000166881	0.0812951976211084
ENSG00000182199	-0.353255478737755
ENSG00000185482	-0.0737949508966338
ENSG00000179912	-0.00213093962697003
ENSG00000123329	0.0328844978663534
ENSG00000166986	-0.0934052965945248
ENSG00000175197	-0.121559196569993
ENSG00000166987	0.278489373494406
ENSG00000155980	-0.0996833449121654
ENSG00000240771	-0.297015550517481
ENSG00000135454	-0.189860500997194
ENSG00000135506	0.0422899272961367
ENSG00000135439	0.056596452332333
ENSG00000135446	0.0212259303103845
ENSG00000037897	-0.23284267185931
ENSG00000135407	0.072576510954549
ENSG00000175215	-0.0891294045902357
ENSG00000273805	-0.0183654953552689
ENSG00000135655	-0.0294473822338437
ENSG00000257354	0.202770249921009
ENSG00000275180	-0.580780245636608
ENSG00000139239	-0.208402661830334
ENSG00000118600	-0.0888270925947793
ENSG00000255642	0.609784789928307
ENSG00000174206	-0.0469727200607763
ENSG00000183735	-0.0869825343531161
ENSG00000135677	0.111971322798295
ENSG00000127334	-0.0900594740445927
ENSG00000111554	-0.142912114044193
ENSG00000127314	0.0108657926106488
ENSG00000111581	-0.0132509600774342
ENSG00000135679	-0.0278499718282601
ENSG00000166225	0.0275572875874277
ENSG00000166226	-0.241440215567216
ENSG00000127325	0.0372551731940873
ENSG00000277247	0.0867597787539535
ENSG00000139292	-0.0323037548749998
ENSG00000277223	0.364007425698162
ENSG00000133858	-0.0168532972219058
ENSG00000173451	-0.422867502865199
ENSG00000121749	-0.053506642879875
ENSG00000253719	0.0394524780409768
ENSG00000180481	-0.189462534173362
ENSG00000139278	-0.241727678023572
ENSG00000139289	-0.0128155429400056
ENSG00000187109	-0.0505174554373428
ENSG00000179941	-0.183190108240173
ENSG00000175183	-0.0041643466444556
ENSG00000067715	-0.292323985207437
ENSG00000177425	-0.109557800027577
ENSG00000257557	-0.0440702499867415
ENSG00000230291	0.257810924594292
ENSG00000111058	-0.0620463921925702
ENSG00000133773	-0.121688583213126
ENSG00000257431	-0.35325055130155
ENSG00000072041	-0.221407357564032
ENSG00000133641	-0.393054008076162
ENSG00000198707	-0.0530765927296083
ENSG00000257594	-0.059197097405434
ENSG00000270344	0.00534022468656785
ENSG00000133639	0.00470001787440673
ENSG00000173598	-0.180031952599861
ENSG00000177889	-0.0190254395941849
ENSG00000246985	0.0608517470165307
ENSG00000120833	0.427379984217669
ENSG00000186076	-0.350301988624958
ENSG00000271382	0.162035161918246
ENSG00000258365	-0.0505002409550401
ENSG00000057704	0.258351022117544
ENSG00000120798	-0.0795210379079154
ENSG00000074527	-0.110382039636295
ENSG00000139343	-0.0460841246223392
ENSG00000111144	-0.153735714817362
ENSG00000111145	0.0445867814591181
ENSG00000139350	-0.128684171082025
ENSG00000227825	0.0919482878683029
ENSG00000120802	-0.149717093316463
ENSG00000075415	-0.0453137386312862
ENSG00000166130	-0.206451622624608
ENSG00000120868	-0.0376885909985831
ENSG00000279148	-0.226700918731067
ENSG00000280088	-0.00204370019935162
ENSG00000136021	-0.19979043921659
ENSG00000258007	0.162792748536305
ENSG00000120805	-0.128580252324423
ENSG00000274560	0.592105772662752
ENSG00000111666	0.201557398579896
ENSG00000120860	0.0470607727124625
ENSG00000075188	-0.0519326449904965
ENSG00000139352	0.356545921342327
ENSG00000166598	-0.340852254597956
ENSG00000204954	-0.215276421543895
ENSG00000120837	-0.131286534804867
ENSG00000198431	0.101853650242261
ENSG00000136044	0.206884572583658
ENSG00000074590	-0.168466014566638
ENSG00000136026	-0.145825199878995
ENSG00000277715	0.141681228955023
ENSG00000166046	0.126245809795349
ENSG00000111783	-0.0828761057291972
ENSG00000257711	0.0780395875499983
ENSG00000120832	-0.0864638162479723
ENSG00000008405	-0.0654350611615659
ENSG00000136045	0.0627970148418826
ENSG00000174600	-0.0643399331404674
ENSG00000198855	-0.0936552506365577
ENSG00000183160	0.808864774575543
ENSG00000110876	0.716561992826172
ENSG00000084112	0.0221561734919991
ENSG00000274598	0.0919714824433628
ENSG00000135093	0.0163601381536228
ENSG00000189046	-0.0615701882457121
ENSG00000076248	0.126650150191123
ENSG00000076555	0.27929658379897
ENSG00000151148	-0.0435896362851112
ENSG00000139428	0.0264485153471579
ENSG00000110921	-0.0053063928510726
ENSG00000139438	0.228621429575451
ENSG00000139433	0.127474621990221
ENSG00000139437	-0.0332244799339921
ENSG00000139436	-0.0144809797037374
ENSG00000277299	0.40404730377781
ENSG00000174456	0.0662719296353511
ENSG00000286220	-0.107668168956332
ENSG00000122970	-0.109993122657572
ENSG00000289311	-0.21183090118981
ENSG00000196510	-0.0162388780405791
ENSG00000111229	-0.0474289934565946
ENSG00000111231	-0.0535727966475024
ENSG00000241680	0.0387601710536365
ENSG00000278993	-0.0120265659843029
ENSG00000204852	0.0651381215133967
ENSG00000122986	0.282170751080068
ENSG00000186298	-0.0586057249639232
ENSG00000258240	0.119020949226513
ENSG00000198324	-0.170234569018437
ENSG00000111271	-0.0625649739623928
ENSG00000111275	0.0338574408046955
ENSG00000234608	-0.312163868147065
ENSG00000198270	-0.0309449900528562
ENSG00000089248	0.327689867179132
ENSG00000179295	0.196051166349749
ENSG00000089169	-0.16330376143341
ENSG00000089127	0.428477355817807
ENSG00000111331	0.86284018266785
ENSG00000111335	0.49767061251411
ENSG00000135144	0.0054712292210782
ENSG00000123064	-0.187410595817162
ENSG00000166578	0.00715656711086219
ENSG00000186815	0.257982854513763
ENSG00000089060	0.0462606958460285
ENSG00000151176	0.0158639854746421
ENSG00000135094	0.972320822003902
ENSG00000139410	0.319146615619836
ENSG00000135111	0.213862946821514
ENSG00000123066	-0.166586067729121
ENSG00000196668	0.0319483444291275
ENSG00000275898	0.00726431495731676
ENSG00000111412	0.0704418099807539
ENSG00000135116	-0.0507129264753801
ENSG00000088992	-0.141525852257207
ENSG00000135108	0.102770942323236
ENSG00000111445	0.0757985370480457
ENSG00000176834	0.0752688931635032
ENSG00000135090	-0.0254007675902356
ENSG00000270482	0.0115269743124873
ENSG00000275759	-0.0316162250409187
ENSG00000255618	0.16972930317559
ENSG00000111725	0.235183744958229
ENSG00000122966	0.0665511158654598
ENSG00000135127	-0.064236291865002
ENSG00000111737	-0.0839930862506931
ENSG00000277283	-0.139311179751577
ENSG00000089157	-0.343923528018572
ENSG00000255857	-0.0604833439118291
ENSG00000123009	-0.429561900607175
ENSG00000089163	-0.195574903678785
ENSG00000135097	-0.01974617253205
ENSG00000170855	-0.416154419073713
ENSG00000219355	0.223481710492992
ENSG00000088986	-0.148323074955487
ENSG00000278344	-0.0760894896816137
ENSG00000110871	-0.0690536288096802
ENSG00000022840	0.0382952692473835
ENSG00000289401	0.331703900482494
ENSG00000167272	0.138580740228309
ENSG00000157782	-0.483734372676085
ENSG00000110917	-0.0447737236582558
ENSG00000175970	-0.111292221619459
ENSG00000122971	0.0950862395480341
ENSG00000157837	-0.157759670970266
ENSG00000135114	0.565184328812209
ENSG00000089041	0.145117764119993
ENSG00000286248	0.174223393935
ENSG00000135124	0.248427616814967
ENSG00000110931	-0.467522870763307
ENSG00000170633	-0.0424185550179436
ENSG00000089094	-0.0322671227476584
ENSG00000212694	-0.0678427569685552
ENSG00000272849	-0.363012043772244
ENSG00000110801	-0.123888666300126
ENSG00000110987	-0.0937999642258301
ENSG00000256546	-0.0992040147219885
ENSG00000158113	-0.0264971391033572
ENSG00000139719	-0.0731230954860737
ENSG00000130779	-0.153641551784929
ENSG00000033030	-0.14627963637519
ENSG00000111011	-0.0671371503359964
ENSG00000274191	-0.609309514063548
ENSG00000182782	-0.167102670373988
ENSG00000255398	-0.502898747715875
ENSG00000139726	-0.141147310129135
ENSG00000130787	0.49944822623977
ENSG00000139722	0.0553825670115519
ENSG00000182196	-0.100430460743181
ENSG00000280120	-0.0780564037682843
ENSG00000130921	-0.207888997947561
ENSG00000150977	0.0892067321340435
ENSG00000184209	0.0434999321747167
ENSG00000111361	-0.0608834265227152
ENSG00000111358	-0.0908790944459554
ENSG00000279953	-0.126325537230544
ENSG00000168778	-0.153481579003094
ENSG00000185344	-0.0604468899399112
ENSG00000119242	-0.0923849884123015
ENSG00000270130	-0.545451932521752
ENSG00000179195	0.353205901951951
ENSG00000256827	-0.0103406958036421
ENSG00000196498	0.142761760093074
ENSG00000150991	0.240863969577147
ENSG00000241129	-0.00321587099089589
ENSG00000150990	-0.123859869771115
ENSG00000278266	0.280919431034103
ENSG00000111432	0.345387918527801
ENSG00000111450	0.00502817499908792
ENSG00000132341	-0.0388833210932132
ENSG00000177192	-0.310895884643089
ENSG00000279640	-0.148932753497536
ENSG00000185163	-0.095427579318156
ENSG00000277011	-0.0691319257287804
ENSG00000255916	-0.127190240877379
ENSG00000279113	-0.168310721771113
ENSG00000280287	-0.119008137208042
ENSG00000247077	-0.320756215558262
ENSG00000176915	-0.0588595285216394
ENSG00000196458	-0.0549333404109943
ENSG00000198040	0.0602422496182978
ENSG00000214029	0.00380109697584778
ENSG00000256223	0.233604969475353
ENSG00000090612	0.153858885841278
ENSG00000196199	-0.0729972674961379
ENSG00000121390	-0.0231923057766513
ENSG00000132950	0.0846868421520375
ENSG00000289235	1.01664094092275
ENSG00000121741	-0.0149111336577607
ENSG00000237672	0.271313738732003
ENSG00000165474	0.357363391755028
ENSG00000121742	0.659605761785904
ENSG00000165475	-0.029402793347587
ENSG00000277020	-0.0588294255634463
ENSG00000032742	0.0068526052165644
ENSG00000172458	0.232127116542409
ENSG00000279135	-0.242283087525633
ENSG00000150459	0.183911013018542
ENSG00000233325	-0.260656847554796
ENSG00000215571	0.00198192698290216
ENSG00000180776	0.17819651725672
ENSG00000182957	0.282809828447438
ENSG00000228741	0.0579868202939269
ENSG00000102699	0.128370490635428
ENSG00000165566	-0.0222132766451573
ENSG00000139496	-0.160819177182803
ENSG00000122035	0.072437608678486
ENSG00000122034	-0.268837274274031
ENSG00000261485	-0.262041578984941
ENSG00000152520	0.0161955282685175
ENSG00000139508	0.112541901986793
ENSG00000233588	-0.700518097134724
ENSG00000279149	-0.121184011922671
ENSG00000189403	-0.0725196989548649
ENSG00000213411	0.125080534075047
ENSG00000132965	0.229164196296568
ENSG00000102802	-0.403642125508311
ENSG00000120694	-0.428526130459767
ENSG00000277151	-0.0272222869421998
ENSG00000133121	-0.0847729129085787
ENSG00000276672	0.0264617054267378
ENSG00000133104	-0.0588598088464847
ENSG00000133111	-0.0466730358514146
ENSG00000120693	-0.0758602905010892
ENSG00000120697	-0.13114234279201
ENSG00000102710	0.0075172293135945
ENSG00000120685	0.0652438789425094
ENSG00000273507	0.112073807734055
ENSG00000183722	0.0785027043320121
ENSG00000150907	0.0303093740141164
ENSG00000215482	0.182074208054127
ENSG00000120696	-0.419227771050532
ENSG00000120662	-0.071612879508938
ENSG00000277662	-0.0760795309795557
ENSG00000102760	0.168184595777353
ENSG00000151778	0.161225878474407
ENSG00000102804	0.538220330370442
ENSG00000083635	-0.101493221655226
ENSG00000265802	0.21760315643134
ENSG00000188342	-0.086069336290812
ENSG00000180332	-0.406756243369917
ENSG00000170919	-0.124389566952776
ENSG00000174032	-0.0240642665783769
ENSG00000123200	0.204803095671853
ENSG00000235903	0.30047162242048
ENSG00000136167	0.047396072583089
ENSG00000173988	0.152086291939013
ENSG00000102445	0.103959837125184
ENSG00000285576	-0.00980244344687763
ENSG00000136159	-0.0884323918662949
ENSG00000139687	-0.105502136831639
ENSG00000139679	0.0501772269523999
ENSG00000136161	0.163045365912798
ENSG00000225131	-0.0406508119218202
ENSG00000275202	0.0174785007006705
ENSG00000102543	-0.0969685557652586
ENSG00000136144	0.167842139100601
ENSG00000152213	0.137512379738323
ENSG00000123179	-0.176720728973887
ENSG00000198553	0.128587563441684
ENSG00000150510	0.372952185987109
ENSG00000102786	-0.055203533729713
ENSG00000224892	0.54911100590373
ENSG00000139668	0.0717253106865874
ENSG00000102796	0.0805505705345796
ENSG00000231856	0.00891596058174535
ENSG00000123191	0.17377791229364
ENSG00000273523	0.182931698312894
ENSG00000136098	0.370547142504102
ENSG00000273723	-0.36694546338437
ENSG00000165416	-0.145606350059065
ENSG00000136099	0.153512599493122
ENSG00000288765	0.501317615283977
ENSG00000083544	-0.118505441426736
ENSG00000280165	-0.0495974071248668
ENSG00000184226	-0.0861051524875342
ENSG00000083520	0.00236998143537683
ENSG00000188243	0.000697089211149565
ENSG00000178695	-0.322046865412482
ENSG00000102805	0.0920651048215766
ENSG00000274898	0.0609054204418398
ENSG00000136160	0.00893403457049964
ENSG00000152192	0.359149898147575
ENSG00000178235	0.00955905711472325
ENSG00000272515	-0.224132342161111
ENSG00000165300	-0.0555309365882975
ENSG00000088451	-0.126329299472596
ENSG00000227640	-0.00942781587509792
ENSG00000125285	0.140558327795922
ENSG00000134873	0.0359742386279027
ENSG00000247400	-0.139632039625219
ENSG00000102580	-0.230591475187874
ENSG00000276809	-0.0568581280928178
ENSG00000139793	-0.20522128626103
ENSG00000125249	-0.0752177511287031
ENSG00000152767	0.0488702649719528
ENSG00000102572	0.000417314213961655
ENSG00000224418	0.19666085638314
ENSG00000088387	0.173146184594777
ENSG00000228889	0.0234934233337027
ENSG00000134882	-0.104961666132576
ENSG00000169508	0.141453197794904
ENSG00000280734	0.111800691077287
ENSG00000139800	-0.449143901942502
ENSG00000043355	-0.448266783366029
ENSG00000102452	-0.0614272772182222
ENSG00000276957	-0.619847370801985
ENSG00000134900	-0.0292362692774266
ENSG00000151287	-0.282220440866474
ENSG00000134901	-0.209412826354841
ENSG00000134897	-0.0490931272862404
ENSG00000134884	0.0599580502708096
ENSG00000276740	-0.0631495738507516
ENSG00000102524	-0.0398681188003388
ENSG00000274331	-0.653851131823562
ENSG00000275830	-0.0612705563096276
ENSG00000276269	-0.42889350435821
ENSG00000279965	0.215423900761258
ENSG00000187498	-0.506342449307504
ENSG00000134871	-0.440647982040442
ENSG00000139832	0.0106620932341193
ENSG00000213995	-0.027649652893606
ENSG00000134905	-0.146330256162613
ENSG00000153487	-0.0358423740938998
ENSG00000088448	-0.0391618603429117
ENSG00000277767	-0.0503481721956208
ENSG00000102606	-0.0977066856045629
ENSG00000126216	-0.0741314115749602
ENSG00000274922	0.391286539334426
ENSG00000068650	0.0604430094046154
ENSG00000126217	0.189880229225471
ENSG00000289354	-0.0111211667602629
ENSG00000269356	0.632524498920179
ENSG00000139842	-0.0248739506179438
ENSG00000150401	-0.0763389882171773
ENSG00000198176	0.164738010891565
ENSG00000279770	0.119870108896857
ENSG00000184497	-0.0284084447312063
ENSG00000233695	0.259052561275106
ENSG00000183087	0.0372668818305589
ENSG00000185989	-0.00137278513049217
ENSG00000169062	0.0479234565668016
ENSG00000198824	-0.0491137519395145
ENSG00000260615	-0.146181402774445
ENSG00000258768	0.300414735550442
ENSG00000287735	-0.00796731789155043
ENSG00000129566	0.113013943265051
ENSG00000100823	0.0601750426172493
ENSG00000198805	-0.472733528581691
ENSG00000258818	-0.0213424426203596
ENSG00000169413	0.776090189486789
ENSG00000129538	0.63512138876875
ENSG00000169397	-0.160001639401546
ENSG00000136315	-0.57925830314139
ENSG00000169385	-0.522873581238863
ENSG00000165792	0.233342298966592
ENSG00000165795	0.232776385489322
ENSG00000258604	0.133224141862813
ENSG00000165801	0.146580779100567
ENSG00000092199	0.222215133519456
ENSG00000092201	-0.0131201772867311
ENSG00000092203	0.151434574639029
ENSG00000165821	0.448849388244453
ENSG00000129562	0.154980007913808
ENSG00000100439	0.155146206506273
ENSG00000242061	0.290407471530291
ENSG00000155463	0.13836716926202
ENSG00000155465	0.131604699293539
ENSG00000157227	-0.0655380177071482
ENSG00000197324	0.0605124731932727
ENSG00000100462	0.0432730842821792
ENSG00000100802	-0.00888117262463561
ENSG00000280129	0.0347215994969953
ENSG00000100813	0.0426826584059836
ENSG00000179933	-0.0484537507481943
ENSG00000092067	-0.143061072146536
ENSG00000092068	0.184043903056161
ENSG00000215271	0.0754398468420367
ENSG00000235194	0.14466718881506
ENSG00000129473	0.0915380029909497
ENSG00000100836	0.0823483995539064
ENSG00000197616	-0.213692732249138
ENSG00000092054	-0.77372743620672
ENSG00000273618	-0.18103911322573
ENSG00000259431	-0.118805289593421
ENSG00000258727	0.22188508501037
ENSG00000092051	0.106026809063047
ENSG00000100867	0.123822653542691
ENSG00000215256	-0.0571479325230159
ENSG00000129535	0.0951702268507468
ENSG00000100889	-0.0388441926364766
ENSG00000092010	0.0729941425359889
ENSG00000100908	-0.119397963929252
ENSG00000100911	0.00625274377616613
ENSG00000092098	0.206639855121989
ENSG00000213928	0.219591278602935
ENSG00000100918	0.216237808133716
ENSG00000196497	0.0608840191129127
ENSG00000287765	0.359743414666249
ENSG00000100926	0.296518534589093
ENSG00000278784	0.0274371933038688
ENSG00000139908	0.309805026170732
ENSG00000092330	0.183328095826745
ENSG00000100949	-0.115701518707335
ENSG00000288044	-0.116191047141215
ENSG00000196943	0.179899436601688
ENSG00000213906	-0.0335067181218096
ENSG00000213903	0.363276106477825
ENSG00000139910	-0.0253150747891739
ENSG00000258548	0.0368565582431656
ENSG00000092140	-0.126646069438836
ENSG00000092108	-0.0623847279386652
ENSG00000129493	-0.132149448386525
ENSG00000129480	0.243511674143026
ENSG00000258655	0.343120866724058
ENSG00000286527	-0.0975260636012423
ENSG00000151320	-0.191273034128097
ENSG00000129521	-0.0157882043078576
ENSG00000165389	-0.0758598519279441
ENSG00000198604	0.00469724286101095
ENSG00000100883	-0.0760316499255077
ENSG00000100890	-0.0580144846304928
ENSG00000100902	-0.0566324265842644
ENSG00000100906	0.400814500871576
ENSG00000257272	-0.344409882191426
ENSG00000258844	0.37504435447307
ENSG00000252312	-0.10162644789645
ENSG00000151332	-0.170843626135927
ENSG00000258708	0.235585378595038
ENSG00000129514	0.516460752472231
ENSG00000258696	0.0145112332363076
ENSG00000139874	0.468260239638273
ENSG00000258591	-0.102074683956115
ENSG00000182400	0.13792379153398
ENSG00000100941	0.168989381171547
ENSG00000289436	0.424755902254172
ENSG00000179476	-0.249207047552141
ENSG00000198718	-0.230323122175504
ENSG00000185246	-0.204332201635915
ENSG00000129534	-0.078464711053024
ENSG00000244053	-0.230362517737485
ENSG00000165501	-0.107499821377564
ENSG00000168282	-0.045976241753055
ENSG00000165506	-0.0436353576140244
ENSG00000165525	0.21126428338479
ENSG00000100485	0.106456993007586
ENSG00000087299	-0.0223486631541306
ENSG00000125375	0.185973180668298
ENSG00000012983	0.0413260337830812
ENSG00000151748	-0.0297330971184115
ENSG00000100503	-0.169732019668921
ENSG00000100504	0.256283495504247
ENSG00000131969	-0.0188313914620949
ENSG00000139921	-0.323533162585741
ENSG00000277050	0.180043772443598
ENSG00000273888	0.109259695072274
ENSG00000186469	-0.0229818753865937
ENSG00000087301	0.0107931989090343
ENSG00000180998	-0.0599995834054257
ENSG00000197930	-0.0377544498708803
ENSG00000198252	-0.117516841196407
ENSG00000100522	-0.100227817766102
ENSG00000073712	-0.148697303036808
ENSG00000125378	-0.184653364154803
ENSG00000100526	-0.0912763611981142
ENSG00000197045	0.0987738795136002
ENSG00000100532	-0.0125182350633255
ENSG00000020577	-0.0320001276166626
ENSG00000131979	-0.0779943973746278
ENSG00000180008	-0.0672218427608395
ENSG00000168175	0.197203120884203
ENSG00000289523	-0.250251708784658
ENSG00000131981	-0.269238020297064
ENSG00000126775	0.0309829859172831
ENSG00000126777	0.0584685770147704
ENSG00000275569	-0.39898193239615
ENSG00000070269	-0.0463376140323627
ENSG00000165588	0.721242844375984
ENSG00000131966	-0.124667600854518
ENSG00000100567	-0.052450172076791
ENSG00000213598	-0.252613244295467
ENSG00000181619	-0.0367423413242895
ENSG00000100612	0.165536667607183
ENSG00000100644	0.122612830930786
ENSG00000023608	-0.0827973244122874
ENSG00000279633	-0.0428505565384741
ENSG00000288802	0.0321250869678678
ENSG00000270878	-0.167139556290112
ENSG00000140006	-0.0926647469236367
ENSG00000284664	0.0337565955969532
ENSG00000100714	-0.0283609838644075
ENSG00000272909	0.181685109055199
ENSG00000089775	-0.0763028563700712
ENSG00000126804	-0.00211583083041052
ENSG00000126803	0.351037621365185
ENSG00000126822	0.143623252849748
ENSG00000139998	0.0763839939487033
ENSG00000257365	0.346167862481978
ENSG00000272158	-0.56950795723227
ENSG00000125952	-0.112138432140148
ENSG00000072415	0.0344664440179869
ENSG00000198133	-0.00434316259705426
ENSG00000054690	0.782567668058035
ENSG00000259502	0.011385207974035
ENSG00000259648	0.351528338092283
ENSG00000286861	0.268788471103795
ENSG00000139988	-0.0530682656300593
ENSG00000242941	-0.387243171220649
ENSG00000185650	0.323595355090741
ENSG00000289626	0.34900694142301
ENSG00000072110	-0.678809324163297
ENSG00000258967	-0.265566784328889
ENSG00000081177	0.0630901579127452
ENSG00000029364	-0.0692646612470216
ENSG00000100647	0.0748380079865028
ENSG00000100678	-0.0634662982404032
ENSG00000213463	0.148759620930666
ENSG00000133985	0.0112573985748337
ENSG00000006432	0.067256346567125
ENSG00000119599	-0.262760306718347
ENSG00000165861	-0.049032462296657
ENSG00000100767	0.0713694795398346
ENSG00000258944	0.0861313751614596
ENSG00000133961	-0.0787904176536376
ENSG00000119673	0.225309063060329
ENSG00000279026	0.230490074070793
ENSG00000177465	-0.197969072661254
ENSG00000259065	0.425472665424266
ENSG00000140043	0.257301752516878
ENSG00000119725	0.025731697928855
ENSG00000270140	-0.193686267848391
ENSG00000119723	-0.0504673766763904
ENSG00000119711	0.191590889255321
ENSG00000259005	-0.308786543216679
ENSG00000119655	0.232043467062055
ENSG00000119682	-0.0655493943170889
ENSG00000119596	0.115658959925622
ENSG00000119689	0.128534860756961
ENSG00000198208	0.0711863242740805
ENSG00000119718	0.00240782109896891
ENSG00000119684	-0.100480975187992
ENSG00000119640	-0.169701659133106
ENSG00000119638	0.0941082857705347
ENSG00000289340	0.209388718349575
ENSG00000170345	0.651394830596583
ENSG00000259687	0.147534048462067
ENSG00000119686	0.194482470337026
ENSG00000133935	0.0177725173077447
ENSG00000119650	-0.0632445686031704
ENSG00000119699	0.242394959598112
ENSG00000071246	0.235419169929338
ENSG00000258819	0.115861409642678
ENSG00000198894	0.0573000427770497
ENSG00000165548	0.222406954291415
ENSG00000177108	0.34175048500612
ENSG00000165553	0.532037111714612
ENSG00000009830	0.160219460576355
ENSG00000100577	-0.0927573872552916
ENSG00000151445	-0.12260432725779
ENSG00000100591	-0.130576081694253
ENSG00000100596	0.15409680143509
ENSG00000100601	-0.0247866291617946
ENSG00000119705	0.039329724603603
ENSG00000063761	-0.104454941934266
ENSG00000211448	-0.0319591528014481
ENSG00000165417	-0.24671325046036
ENSG00000140022	0.136069547778423
ENSG00000185070	-0.0478108486477317
ENSG00000140030	-0.144256174588557
ENSG00000100433	0.0308175967047949
ENSG00000070778	-0.0913278977570992
ENSG00000100722	0.00992265487703103
ENSG00000165533	-0.0714724389094819
ENSG00000258920	0.310503257917373
ENSG00000042088	-0.0425209002674289
ENSG00000100764	0.0744647451792185
ENSG00000119720	0.032156467735588
ENSG00000275198	-0.12993530217568
ENSG00000100784	-0.0914981410141816
ENSG00000133943	0.0129921520279369
ENSG00000100796	-0.210430389789418
ENSG00000140092	-0.270359731133075
ENSG00000100815	-0.0472347908698134
ENSG00000165934	0.00150442654538108
ENSG00000140090	-0.0330819822533327
ENSG00000100599	0.00193242360098954
ENSG00000100600	0.137915310072935
ENSG00000066455	-0.0781836973950154
ENSG00000258499	0.0140557070978398
ENSG00000100604	0.309296983922537
ENSG00000153485	-0.07926682244986
ENSG00000012963	0.0789028593832637
ENSG00000011114	-0.0987423656590949
ENSG00000140067	-0.173408123666805
ENSG00000165949	0.211446629825828
ENSG00000197249	-0.425924857752616
ENSG00000188488	0.23797382777664
ENSG00000196136	-0.0154729912856758
ENSG00000240914	-0.0610625230119816
ENSG00000235706	-0.0192974981210296
ENSG00000165959	0.0075517887804792
ENSG00000182512	0.012766713237292
ENSG00000227051	0.357833230804331
ENSG00000168398	-0.236837034461384
ENSG00000090060	-0.135850877192078
ENSG00000183576	-0.0710703887996237
ENSG00000066629	0.0236061008166654
ENSG00000196405	0.0616329543880458
ENSG00000100811	-0.0949436154806302
ENSG00000197119	0.420611612399595
ENSG00000258666	1.21356669830912
ENSG00000140105	-0.274566709725438
ENSG00000258581	0.186552014832544
ENSG00000185559	0.589864609943363
ENSG00000214548	0.180340663050667
ENSG00000254656	-0.0144422975056819
ENSG00000223403	0.0182274808303238
ENSG00000272444	-0.38012078647835
ENSG00000197102	0.205037114529155
ENSG00000240457	-0.307386538285555
ENSG00000080824	-0.035467639201708
ENSG00000140153	-0.129063046486046
ENSG00000080823	-0.155207853707433
ENSG00000022976	0.0842204299855468
ENSG00000156381	0.448566698891746
ENSG00000089902	-0.0506563964258505
ENSG00000131323	0.0670156253496512
ENSG00000198752	0.0343473043313606
ENSG00000289207	-0.0132735566827248
ENSG00000185215	0.328609108125232
ENSG00000278071	-0.0109343824367939
ENSG00000259775	-0.57534837887451
ENSG00000100664	0.192037319193516
ENSG00000260285	-0.0564782458468513
ENSG00000166170	0.0400532624528967
ENSG00000270108	-0.345121041550316
ENSG00000126215	0.0568294645567415
ENSG00000100711	0.270932625555724
ENSG00000258986	-0.0972940313470045
ENSG00000184990	-0.111125761303102
ENSG00000142208	-0.00810453733641774
ENSG00000179627	-0.0500286763778114
ENSG00000099814	0.0132239220983804
ENSG00000166428	0.70410812054327
ENSG00000185567	0.00914429997246279
ENSG00000140104	-0.20101518686107
ENSG00000170779	-0.201082352017862
ENSG00000183828	0.240703677551788
ENSG00000184887	-0.212554626669784
ENSG00000279495	0.0653374906631718
ENSG00000242085	-0.725856838407706
ENSG00000185347	-0.103911439357596
ENSG00000184986	-0.103606424857697
ENSG00000211890	0.172348643089472
ENSG00000211892	-0.273516016726425
ENSG00000211893	0.168005898537796
ENSG00000211895	0.140273215594915
ENSG00000211896	-0.447817879171355
ENSG00000211899	0.453851554282688
ENSG00000211949	-0.183719854187628
ENSG00000211962	-0.0395758668035179
ENSG00000211966	0.320939218693509
ENSG00000224373	-0.230452425921729
ENSG00000180229	-0.26407565604081
ENSG00000278626	-0.761454201889056
ENSG00000276550	0.196147102435008
ENSG00000277435	-0.731126546765888
ENSG00000170113	0.381610760840835
ENSG00000140157	0.102241873604067
ENSG00000273749	0.13268811590597
ENSG00000275835	-0.0262604796558265
ENSG00000179455	-0.0229935751789494
ENSG00000206190	0.442312082311424
ENSG00000206149	0.241290665809548
ENSG00000254398	0.352295880384105
ENSG00000188626	-0.0305754796107405
ENSG00000260844	0.148640144606532
ENSG00000232431	-0.0409903977789173
ENSG00000104067	0.154887931426126
ENSG00000259523	0.296177198443409
ENSG00000259647	0.0250092423240436
ENSG00000260174	0.400067528666807
ENSG00000259448	-0.166806385376052
ENSG00000169926	0.0879782844930238
ENSG00000169918	-0.052469181669356
ENSG00000166922	-0.0818640147007361
ENSG00000198838	-0.00510991857746836
ENSG00000276702	-0.480674604851816
ENSG00000134153	0.100250213938999
ENSG00000134152	-0.172266924439302
ENSG00000128463	0.274295669330271
ENSG00000182117	-0.157086911126831
ENSG00000176454	-0.346193395485406
ENSG00000159251	-0.618247996481196
ENSG00000021776	-0.0814753123296293
ENSG00000231409	0.0011498145837546
ENSG00000198146	0.172638860093326
ENSG00000274444	-0.498382329834433
ENSG00000137801	-1.07196234438613
ENSG00000261136	-0.126726445077947
ENSG00000140319	-0.0384658215282106
ENSG00000248508	0.267818013262932
ENSG00000275636	-0.148011628761962
ENSG00000104081	0.477692211014536
ENSG00000137843	-0.179743431851897
ENSG00000176753	0.128761881323673
ENSG00000137841	0.208361092446747
ENSG00000188549	0.189378668871021
ENSG00000128928	0.0298483339490839
ENSG00000169105	0.226724449754358
ENSG00000128891	-0.0496011115112631
ENSG00000245849	0.139046791558537
ENSG00000137824	0.0845607546547212
ENSG00000166145	0.138233725113661
ENSG00000104142	0.0886534588862239
ENSG00000128965	-0.406250629042779
ENSG00000187446	0.137363993011487
ENSG00000137815	0.00393519146990934
ENSG00000174197	-0.0891587680866507
ENSG00000243789	-0.115236419695017
ENSG00000243708	0.131817154948313
ENSG00000137877	-0.114776367332491
ENSG00000103966	0.156052593391593
ENSG00000166887	0.0229200088703915
ENSG00000103994	0.13432312412849
ENSG00000092531	-0.0385606080464296
ENSG00000137814	0.0966224135324293
ENSG00000260490	-0.395678445075922
ENSG00000159433	0.0541602220430693
ENSG00000140326	-0.0461777569084013
ENSG00000137842	0.00887467578293491
ENSG00000166946	-0.0126337599939002
ENSG00000168806	0.110237425586187
ENSG00000137822	-0.0764580433268687
ENSG00000067369	0.0522651004027517
ENSG00000166963	0.0143704947325792
ENSG00000237289	-0.315326598043797
ENSG00000223572	-0.123719938054491
ENSG00000167004	-0.111770640535284
ENSG00000128886	0.000966783149652592
ENSG00000171877	-0.054967485062374
ENSG00000166734	-0.209927453557874
ENSG00000137770	-0.0831863122772654
ENSG00000179523	-0.027654168216418
ENSG00000166710	0.143827302455254
ENSG00000185880	0.103128955112216
ENSG00000137857	0.0178833459016427
ENSG00000138606	-0.305086292377722
ENSG00000279014	-0.111482218543176
ENSG00000259433	0.269646654100673
ENSG00000171766	0.114439804373468
ENSG00000171763	-0.0866754293241272
ENSG00000104154	-0.20752170587839
ENSG00000104164	0.0799664080081109
ENSG00000137767	-0.0557855582515042
ENSG00000259509	0.0726023776345421
ENSG00000104177	0.0656045056451044
ENSG00000128951	-0.28098582992022
ENSG00000274654	0.293669542734955
ENSG00000259705	0.00635953576863524
ENSG00000185634	0.129508707503594
ENSG00000138593	0.298142198967651
ENSG00000275580	-0.125899650693124
ENSG00000276593	-0.433069581597937
ENSG00000259531	-0.244366576196875
ENSG00000104064	-0.163519368503554
ENSG00000138592	-0.0154453563710959
ENSG00000092439	-0.0219436750158302
ENSG00000138600	-0.0423456807686072
ENSG00000138594	-0.140723862830648
ENSG00000128989	-0.0874453895318999
ENSG00000047346	0.127120144625151
ENSG00000069974	-0.183338097936155
ENSG00000260916	-0.0176316988583352
ENSG00000274765	-0.263541148161932
ENSG00000171016	-0.161746928861391
ENSG00000230183	0.442044690562009
ENSG00000181827	-0.0955562239127173
ENSG00000277245	0.0802158233181908
ENSG00000137871	0.0563837326162329
ENSG00000140262	0.0635884168259756
ENSG00000247982	0.000812353342221628
ENSG00000128849	0.196452825469938
ENSG00000259250	-0.163276729759879
ENSG00000137845	0.01544757532432
ENSG00000259353	0.691438694218289
ENSG00000157450	-0.0871405583298094
ENSG00000137776	0.0366231595766434
ENSG00000277144	0.595937723437005
ENSG00000259732	0.638450564345019
ENSG00000259657	0.0392886501541023
ENSG00000289162	0.133215576459096
ENSG00000171956	-0.147002637651136
ENSG00000182718	-0.215678714945316
ENSG00000128915	-0.0390150761523036
ENSG00000273792	0.0894004361384548
ENSG00000198535	0.178029569029988
ENSG00000103642	-0.00640813820806605
ENSG00000185088	-0.125596310750447
ENSG00000166128	-0.011038028439793
ENSG00000138613	0.109665145254443
ENSG00000074410	0.473758151021236
ENSG00000140455	0.120459382109105
ENSG00000197361	0.0229950169717645
ENSG00000035664	-0.0226645979315298
ENSG00000166797	-0.101590981781178
ENSG00000157734	0.616577496536481
ENSG00000166794	-0.010682709351248
ENSG00000180357	0.000536109762525756
ENSG00000241839	0.0286582850449675
ENSG00000090487	-0.149762847566475
ENSG00000103707	-0.173604671873269
ENSG00000186198	-0.0268044671879928
ENSG00000090470	-0.291637340614461
ENSG00000166855	-0.0345642675857875
ENSG00000138617	-0.175393169287055
ENSG00000174498	-0.0107164132764773
ENSG00000103742	0.0991274056672078
ENSG00000074603	0.037863312626197
ENSG00000074696	0.217882376781907
ENSG00000138614	0.0701297053610089
ENSG00000074621	0.0405220350735917
ENSG00000174485	-0.0700374773266606
ENSG00000166938	0.0616562236716038
ENSG00000075131	-0.0956361282303592
ENSG00000103591	-0.0358863092093521
ENSG00000188779	0.0119771467023288
ENSG00000033800	0.00129790117056553
ENSG00000129007	-0.138979790001045
ENSG00000103647	0.122015925952763
ENSG00000140350	0.00153819387601275
ENSG00000259286	0.213732972706478
ENSG00000140332	0.000573183621345846
ENSG00000259744	0.664152441733094
ENSG00000259781	-0.165832663735947
ENSG00000066933	-0.130789703395838
ENSG00000175318	-0.167933210552534
ENSG00000067225	0.0159663700959066
ENSG00000140488	0.207135956227929
ENSG00000260339	0.0581434762814918
ENSG00000243007	0.121507746149815
ENSG00000271072	0.05875116413666
ENSG00000140463	0.0352787834655956
ENSG00000159322	0.0807197468909753
ENSG00000138622	0.00838987370448233
ENSG00000156642	-0.366724690461379
ENSG00000103855	0.179356816481694
ENSG00000260469	0.436878885485455
ENSG00000129038	-0.224585837349764
ENSG00000067221	-0.329926662009289
ENSG00000140464	0.199496227610319
ENSG00000140459	-0.0624134555617553
ENSG00000138623	0.406620096827713
ENSG00000286696	0.148339656351901
ENSG00000179335	0.0387145729384666
ENSG00000179151	-0.110324405186348
ENSG00000140465	-0.105834274229165
ENSG00000103653	-0.0902054146548023
ENSG00000140497	0.0680254183447721
ENSG00000178718	0.331304433086309
ENSG00000240366	0.222434395868636
ENSG00000140365	-0.0455996467681487
ENSG00000169375	0.0791523778341874
ENSG00000169410	-0.0117386133908187
ENSG00000274515	-0.231440430991354
ENSG00000173548	0.0510795622409664
ENSG00000246877	-0.263575027676177
ENSG00000260685	-0.465772485822204
ENSG00000140374	-0.0566125221922759
ENSG00000140391	0.281563838212899
ENSG00000278991	0.147467986368882
ENSG00000269951	0.0572239453534238
ENSG00000173517	0.0390825186790985
ENSG00000140382	0.137601322854404
ENSG00000169783	0.0571802662381406
ENSG00000167202	-0.0559121696544792
ENSG00000260988	0.140750278298928
ENSG00000103740	0.496849573184086
ENSG00000140403	0.329808066009799
ENSG00000136381	0.0479212030301811
ENSG00000041357	-0.20300767497536
ENSG00000058335	0.0242541935849863
ENSG00000177699	0.00676154195387371
ENSG00000166557	-0.158831781606333
ENSG00000169330	-0.0849585131887431
ENSG00000136371	-0.131002316003421
ENSG00000180953	-0.221053007035248
ENSG00000140379	-0.197308249154075
ENSG00000086666	-0.0200105029746621
ENSG00000103876	0.131390880187955
ENSG00000259417	0.389573211450337
ENSG00000259495	0.122723151044439
ENSG00000172379	0.168851740791247
ENSG00000136379	-0.140167817656698
ENSG00000277782	0.245628959563827
ENSG00000183496	-0.190115758162514
ENSG00000188659	-0.212132612815282
ENSG00000228141	0.0847698046813348
ENSG00000279758	0.304608102837388
ENSG00000156232	-0.0699734205045693
ENSG00000169609	-0.00792492129811113
ENSG00000064726	-0.0511910855818856
ENSG00000136404	0.0521678390429254
ENSG00000140600	0.0837276466483226
ENSG00000176371	-0.00644187867187764
ENSG00000177082	-0.00600079644669447
ENSG00000197696	0.299015314628192
ENSG00000136383	0.207995920961908
ENSG00000170776	-0.0204093351651821
ENSG00000259407	-0.232316523687951
ENSG00000259762	-0.047791208516502
ENSG00000259416	-0.426406352891145
ENSG00000183655	-0.1175448294485
ENSG00000181026	-0.189906559528046
ENSG00000172183	0.016248610385441
ENSG00000140511	0.078685172508147
ENSG00000140526	0.301268762492436
ENSG00000140522	-0.151949692436815
ENSG00000140521	-0.0809974559480236
ENSG00000140519	0.072291442780391
ENSG00000261478	0.0885668695673974
ENSG00000166813	-0.0786060360223149
ENSG00000166819	0.638298207092327
ENSG00000166821	0.0800495437515996
ENSG00000242498	0.315842973052034
ENSG00000140548	-0.0612751384258421
ENSG00000259291	-0.195263728916455
ENSG00000182054	0.0917205282313166
ENSG00000185033	0.0649166056778762
ENSG00000185043	0.0497775389581225
ENSG00000213471	0.0326708101651418
ENSG00000271396	0.0125485825097239
ENSG00000140575	0.0669989575265998
ENSG00000140564	-0.0878609103745919
ENSG00000182511	0.172367347413126
ENSG00000196547	0.364981316547568
ENSG00000184508	-0.140782582893395
ENSG00000140553	0.0712160725533031
ENSG00000184056	0.0994705127152885
ENSG00000258647	0.136276173814351
ENSG00000272888	0.0388448978630012
ENSG00000173575	0.154410384008551
ENSG00000182175	0.173969571530971
ENSG00000258611	-0.250134351204777
ENSG00000273923	-0.12128496379472
ENSG00000277135	0.304841602362454
ENSG00000185551	0.0600960800646384
ENSG00000275322	-0.080746007044954
ENSG00000259424	-0.127144275742146
ENSG00000140443	-0.0301792121554185
ENSG00000278022	0.196865672907632
ENSG00000103852	-0.0366332428367089
ENSG00000274294	0.128873908124132
ENSG00000279846	0.394805772460091
ENSG00000189419	0.0514919062539357
ENSG00000140471	-0.117773242085188
ENSG00000183475	-0.110321129681719
ENSG00000232386	-0.0656177891420212
ENSG00000184254	0.144702346924842
ENSG00000154237	0.0667137564875683
ENSG00000131873	0.292455444444953
ENSG00000131871	0.0224958631214242
ENSG00000131876	-0.113451859505493
ENSG00000289028	0.0237655602467258
ENSG00000185418	-0.0167543439358148
ENSG00000234769	-0.213460093902488
ENSG00000007384	0.333348295298371
ENSG00000103152	-0.156961131285113
ENSG00000103148	-0.0465420041188893
ENSG00000206177	-0.0776819502552076
ENSG00000188536	-0.656682176976696
ENSG00000206172	0.0185096859213731
ENSG00000086506	-0.165176148375234
ENSG00000007392	-0.171878686528068
ENSG00000206168	0.0619053331121723
ENSG00000242173	-0.124648039348863
ENSG00000185615	0.0763736250090633
ENSG00000086504	-0.146681068368972
ENSG00000242612	-0.0497203649412697
ENSG00000277142	-0.21173441302388
ENSG00000262528	0.113691255679783
ENSG00000103269	-0.154236637186282
ENSG00000127585	0.102981659182642
ENSG00000162004	0.0825224540829123
ENSG00000103253	-0.0754905199386502
ENSG00000102854	-0.120591179831562
ENSG00000007376	-0.193391677533997
ENSG00000127588	0.241736723779039
ENSG00000103227	0.0393025510196672
ENSG00000260022	-0.0361330005123742
ENSG00000260439	-0.0607235176207093
ENSG00000276931	-0.393556577325034
ENSG00000260807	0.309640699227922
ENSG00000005513	0.431556892204251
ENSG00000184471	0.0771302675574516
ENSG00000103275	-0.161755727372357
ENSG00000007516	0.298730858296859
ENSG00000174109	-0.093046107630731
ENSG00000197599	0.0593605445092336
ENSG00000187535	-0.13368535722388
ENSG00000280327	-0.156853653681502
ENSG00000138834	-0.0351203347223476
ENSG00000103024	-0.132851107356276
ENSG00000197774	-0.11921066453738
ENSG00000099769	-0.0372921194338139
ENSG00000063854	-0.236351304076383
ENSG00000180185	-0.180353746773232
ENSG00000198736	0.0113983173007025
ENSG00000140988	-0.229097858264824
ENSG00000183751	-0.0327022175727773
ENSG00000127561	0.5726385446355
ENSG00000167964	-0.00420945544357643
ENSG00000182685	0.0505902316906075
ENSG00000184207	-0.208797540866849
ENSG00000167968	-0.551900061234119
ENSG00000205937	-0.16509033026082
ENSG00000260778	-0.297207168758166
ENSG00000259895	-0.203621096269847
ENSG00000162068	0.187185505952399
ENSG00000260293	0.0228450813831008
ENSG00000185883	0.140693142528761
ENSG00000162066	0.163233813132374
ENSG00000279162	-0.24348794042687
ENSG00000172382	-0.138664054010826
ENSG00000205913	0.0718669025603696
ENSG00000276791	-0.251447523172288
ENSG00000289222	0.636051686354523
ENSG00000059122	0.00364840295349657
ENSG00000131650	0.3849320633213
ENSG00000162073	0.487927773399812
ENSG00000272079	-0.721363275650846
ENSG00000213937	-0.410303681750816
ENSG00000006327	-0.58750759457759
ENSG00000103145	-0.1015375819316
ENSG00000131652	-0.226777782103351
ENSG00000008517	-0.228867217456381
ENSG00000262370	0.31578953712304
ENSG00000261889	0.655404750209367
ENSG00000010539	-0.0328140787120518
ENSG00000006194	-0.179957285700741
ENSG00000162086	0.0227707567406198
ENSG00000262118	-0.166670603078118
ENSG00000263177	-0.0542007398854859
ENSG00000122390	-0.0627176080077374
ENSG00000213918	-0.195236189390033
ENSG00000126602	-0.15998705788299
ENSG00000005339	-0.0208391702641391
ENSG00000090447	-0.362949085194867
ENSG00000262686	-0.0725261265351047
ENSG00000217930	-0.141427622548281
ENSG00000277440	0.223202855500209
ENSG00000153406	-0.103736713689318
ENSG00000103415	-0.0951823573846041
ENSG00000153443	-0.0719771816722383
ENSG00000278700	-0.364767878008455
ENSG00000168101	0.137252948719041
ENSG00000067836	0.132455857468491
ENSG00000103184	0.620783496333172
ENSG00000033011	-0.0738155728232725
ENSG00000153446	0.240151200390213
ENSG00000118894	-0.0891783423918018
ENSG00000067365	-0.104295800107423
ENSG00000279357	0.246220923585499
ENSG00000183044	0.418772724732156
ENSG00000140650	-0.115727363909052
ENSG00000153048	-0.489623626388394
ENSG00000187555	-0.0687114604424805
ENSG00000182831	-0.112592310572951
ENSG00000103274	-0.0788664048979363
ENSG00000179583	0.157023187345389
ENSG00000038532	-0.0494136291333015
ENSG00000185338	0.0620545295651018
ENSG00000184602	-0.168144906129895
ENSG00000153066	-0.0776509236821343
ENSG00000262420	0.00492205109040577
ENSG00000274505	-0.0264760131805689
ENSG00000277369	0.07466554158497
ENSG00000103342	-0.0491449285049708
ENSG00000262097	-0.285937322515188
ENSG00000186260	-0.138926328109428
ENSG00000262454	0.0366384252666115
ENSG00000140694	-0.0778158245039178
ENSG00000103429	-0.0653766782555198
ENSG00000183426	0.00379881650302846
ENSG00000179889	-0.0370130457389297
ENSG00000275910	-0.306446544695773
ENSG00000157045	0.0812474000141158
ENSG00000085721	-0.121728397770166
ENSG00000156968	0.0031534156283311
ENSG00000166783	0.0644292037936419
ENSG00000072864	0.10144764122061
ENSG00000280206	-0.0693580713043939
ENSG00000170540	-0.0296544469689061
ENSG00000167186	0.0380664158369333
ENSG00000205730	0.0681603330357659
ENSG00000259871	-0.0411613413740602
ENSG00000006007	0.129017538570913
ENSG00000103540	-0.0572423224380831
ENSG00000103544	0.00861369037068627
ENSG00000261195	-0.147391104162995
ENSG00000183549	0.152888644743601
ENSG00000066654	-0.11543564005457
ENSG00000102897	0.0576453569764964
ENSG00000287809	-0.0930315042926527
ENSG00000261596	-0.210942204376005
ENSG00000140749	0.179048514937323
ENSG00000260306	0.000564117001317484
ENSG00000274460	-0.125029878244152
ENSG00000283213	-0.133567066864292
ENSG00000103404	0.0210353832985968
ENSG00000168434	-0.0897584331783108
ENSG00000103356	-0.0530933033160159
ENSG00000103353	-0.0580816778324819
ENSG00000083093	-0.0864770043373783
ENSG00000166847	0.183951033809974
ENSG00000166851	-0.0715200747806521
ENSG00000166869	-0.163171631810719
ENSG00000158865	0.217842426207054
ENSG00000140750	0.0836048299973207
ENSG00000262155	0.012292284146124
ENSG00000262700	0.261961496497906
ENSG00000274925	-0.151989537698029
ENSG00000259940	-0.145127592902656
ENSG00000077238	0.29680374052818
ENSG00000047578	-0.0713461221528766
ENSG00000250982	-0.0936091026484631
ENSG00000188603	0.10258939237303
ENSG00000184730	0.419694285216261
ENSG00000176476	-0.157969211991735
ENSG00000184110	-0.0434989882384144
ENSG00000270424	0.51332900190783
ENSG00000240634	-0.0937484664112962
ENSG00000178952	-0.029467451085079
ENSG00000178188	0.00859690424027225
ENSG00000260442	0.209073407923225
ENSG00000177548	-0.104797555810237
ENSG00000277999	-0.011696217995026
ENSG00000260727	0.527577983744886
ENSG00000197471	0.344081149914781
ENSG00000185905	-0.0167952220228341
ENSG00000079616	0.0822322364783322
ENSG00000280789	-0.16428824218403
ENSG00000013364	0.0398065290371077
ENSG00000214725	0.23196203053354
ENSG00000174939	0.185879612754322
ENSG00000149932	0.0227757756365903
ENSG00000149929	-0.0883481939790257
ENSG00000149926	-0.0419826745066675
ENSG00000285043	-0.184174935228916
ENSG00000149925	0.0483372386166359
ENSG00000149923	-0.0651465389412883
ENSG00000149922	-0.0949035060285294
ENSG00000090238	-0.154461001236702
ENSG00000102886	0.00180546170663289
ENSG00000102879	-0.0383360549450135
ENSG00000261052	-0.150938801467122
ENSG00000260219	0.0247097872518111
ENSG00000169221	0.121714133204569
ENSG00000180035	-0.175664805548317
ENSG00000179958	-0.261302414710244
ENSG00000179918	0.0982881064886591
ENSG00000005844	0.13222746053967
ENSG00000169957	-0.0667925545614729
ENSG00000169955	-0.089887187163549
ENSG00000197162	-0.221282237039401
ENSG00000156853	-0.0150962880226087
ENSG00000281991	-0.110703521330494
ENSG00000196118	0.15838033366031
ENSG00000103549	0.0849378781731011
ENSG00000102870	0.0683709023338158
ENSG00000260083	-0.06469036446686
ENSG00000099364	-0.108712218630361
ENSG00000175938	0.284172654007545
ENSG00000099377	-0.451493077306409
ENSG00000099365	0.0173369130263997
ENSG00000103496	0.150878843645911
ENSG00000260911	0.260077199174949
ENSG00000167394	-0.0794400926778216
ENSG00000167397	-0.175707255641185
ENSG00000103507	0.023960857191262
ENSG00000278133	0.170485830505034
ENSG00000103490	0.245242934316784
ENSG00000169900	0.207405251039361
ENSG00000169896	0.14204775827471
ENSG00000140678	0.97621490664133
ENSG00000261245	0.137145350578234
ENSG00000156885	-0.360863311312609
ENSG00000176723	-0.103003110286865
ENSG00000260267	0.130307947481667
ENSG00000140691	-0.102714021255016
ENSG00000169877	-0.33364332672161
ENSG00000131797	0.106382716020561
ENSG00000185947	0.161214621867819
ENSG00000166123	-0.205566792352753
ENSG00000102910	0.0687229021239006
ENSG00000196470	-0.159145877553136
ENSG00000102921	0.0650849350377564
ENSG00000102924	0.100177350066164
ENSG00000275155	-0.129493013693104
ENSG00000155393	-0.251570991289315
ENSG00000121281	0.105711686601168
ENSG00000166164	0.097422778157357
ENSG00000140807	0.506636822802595
ENSG00000167208	0.0371334955076305
ENSG00000083799	0.23426083928885
ENSG00000103449	0.324276341272392
ENSG00000103460	-0.147386708124178
ENSG00000103479	0.295735410652823
ENSG00000279722	-0.147734495923982
ENSG00000177508	0.284664525173145
ENSG00000277559	0.263471568913201
ENSG00000176842	0.4255376805363
ENSG00000261997	0.430292481874616
ENSG00000256812	-0.212807029208718
ENSG00000159461	-0.0765690087855922
ENSG00000167005	-0.0362251179735563
ENSG00000087263	-0.0475394737225857
ENSG00000125124	0.133358194929563
ENSG00000125148	1.16459556651605
ENSG00000260549	0.645401886389029
ENSG00000169715	1.15289242049786
ENSG00000205364	0.689927781328637
ENSG00000255986	0.820903226483103
ENSG00000205362	-0.05417809745528
ENSG00000125144	1.10480808419323
ENSG00000205358	1.39286675270986
ENSG00000187193	0.824017863474759
ENSG00000102900	0.257810103815329
ENSG00000261270	0.728478893296344
ENSG00000140853	-0.0185954339299703
ENSG00000279803	0.951827967099167
ENSG00000172775	0.281473170920601
ENSG00000285979	0.249482540969769
ENSG00000159579	-0.0265171737574122
ENSG00000276663	0.671807396502617
ENSG00000006210	-0.840976691418416
ENSG00000005194	-0.00978527211808692
ENSG00000088682	-0.0807147780860903
ENSG00000102978	0.0058777860819642
ENSG00000125170	-0.112253984379543
ENSG00000135736	-0.222219783301536
ENSG00000205336	0.283067090090783
ENSG00000276166	0.00525962962181641
ENSG00000166188	-0.093757707622675
ENSG00000103005	0.0308075876380519
ENSG00000070761	-0.247515521539139
ENSG00000260927	0.00538313881440045
ENSG00000070770	-0.166351014158833
ENSG00000103021	0.0323577594724653
ENSG00000103037	0.0724777767798728
ENSG00000125107	0.048216603307719
ENSG00000103042	-0.0888049885193733
ENSG00000269986	-0.535408587900255
ENSG00000140937	-0.0699771163453675
ENSG00000246898	0.702853406243063
ENSG00000166548	0.0356772908433837
ENSG00000217555	0.0372205424622274
ENSG00000289353	-0.144461366608698
ENSG00000140931	0.0930610308376391
ENSG00000183723	-0.0293742996120151
ENSG00000135720	0.391689473058178
ENSG00000159593	0.0151951186088496
ENSG00000172831	0.0446038468257993
ENSG00000172824	0.128257722723638
ENSG00000289415	-0.0441528622073758
ENSG00000280334	0.41925254845593
ENSG00000067955	0.0199109714345581
ENSG00000125149	0.0990583297176481
ENSG00000237172	0.190215492338844
ENSG00000135722	0.100275941959326
ENSG00000140939	0.19132707854102
ENSG00000196123	0.0979932558198126
ENSG00000179044	-0.0335702917759125
ENSG00000125122	-0.0786369178712437
ENSG00000168701	-0.0825507065067069
ENSG00000135740	-0.0764140257330581
ENSG00000159714	-0.195310733158831
ENSG00000159720	-0.189796326415595
ENSG00000270049	-0.0359128113092757
ENSG00000159723	0.0860486784221996
ENSG00000039523	-0.064661987145118
ENSG00000102974	-0.101947212980865
ENSG00000159753	-0.100362000127722
ENSG00000102981	-0.21626593526629
ENSG00000124074	-0.170397623489205
ENSG00000102904	-0.175936873859383
ENSG00000168286	-0.137927436119989
ENSG00000102898	-0.113995458023299
ENSG00000188038	-0.0953496140392022
ENSG00000159792	-0.0802083372409073
ENSG00000205220	0.241585279885217
ENSG00000167261	0.248485215555636
ENSG00000182810	0.127181721859773
ENSG00000103066	0.150996385446695
ENSG00000103064	-0.0851254496326286
ENSG00000103061	0.00402397455020679
ENSG00000132600	-0.0844755918913603
ENSG00000279693	0.04970890807768
ENSG00000275383	-0.254987239995619
ENSG00000260577	0.343058995370068
ENSG00000141076	-0.0848690530630387
ENSG00000168807	-0.130967974367979
ENSG00000132612	-0.187961443801615
ENSG00000213380	0.00821073616603744
ENSG00000258429	0.204753198592265
ENSG00000132603	-0.301821931936925
ENSG00000103018	0.0534721802076466
ENSG00000102908	0.105793946755174
ENSG00000181019	0.00892176848864215
ENSG00000141101	-0.155956163945704
ENSG00000255185	0.0471133586430358
ENSG00000261556	-0.151052071570474
ENSG00000157349	0.00620143776793307
ENSG00000168872	0.0659995509029209
ENSG00000157353	0.0131262929415702
ENSG00000103051	0.0371104908118196
ENSG00000189091	0.0335013243968525
ENSG00000132613	0.263285645482619
ENSG00000279569	0.396601810003721
ENSG00000103043	-0.071991644671648
ENSG00000214353	0.180654578929805
ENSG00000279123	0.090599774248324
ENSG00000172137	0.462298726435071
ENSG00000167377	0.105472534879377
ENSG00000166747	0.0672515062219947
ENSG00000263232	-0.243602113910303
ENSG00000102967	0.0637526767166364
ENSG00000140830	-0.0116393045720351
ENSG00000257017	-0.341982699026889
ENSG00000260664	0.105477806209443
ENSG00000271009	0.28755639944238
ENSG00000103035	-0.0574032749914215
ENSG00000140839	-0.00229865315844507
ENSG00000168404	0.283073730485343
ENSG00000103089	0.35317713498767
ENSG00000103091	0.0268144589861494
ENSG00000166816	0.176977501510473
ENSG00000184517	-0.0847376240633745
ENSG00000153774	-0.0718555420557056
ENSG00000274220	0.450278405237685
ENSG00000166822	-0.0704444875087721
ENSG00000135702	-0.159648966472426
ENSG00000205084	0.0318699612102355
ENSG00000065427	-0.0246969108097656
ENSG00000152910	0.112129813117101
ENSG00000103111	0.217849851708486
ENSG00000205078	-0.440375265538166
ENSG00000140876	0.0682574459510132
ENSG00000276007	-0.421002802564726
ENSG00000260816	0.0657286457124884
ENSG00000178573	0.00545809661510163
ENSG00000278985	0.424000380807335
ENSG00000166454	0.0969569335797796
ENSG00000140905	0.169991244107495
ENSG00000261609	-0.0202201105975306
ENSG00000260788	0.142344921896814
ENSG00000140961	-0.113485293421091
ENSG00000103187	0.0779768498425329
ENSG00000153786	-0.0308528594555662
ENSG00000131153	0.0360857661992559
ENSG00000131148	-0.131645025331369
ENSG00000286510	-0.101412237815119
ENSG00000140968	0.312043784442336
ENSG00000103248	-0.0163539674218123
ENSG00000289336	-0.0654224129820553
ENSG00000140941	0.0550990153898763
ENSG00000276337	0.340098955842387
ENSG00000154118	-0.117994043183319
ENSG00000158545	-0.0637830508957608
ENSG00000167508	-0.0697354659874048
ENSG00000260630	-0.324509924138961
ENSG00000185669	-0.139691376300025
ENSG00000158717	0.087470179866082
ENSG00000278341	0.237237951356228
ENSG00000103335	0.308607915493527
ENSG00000198931	-0.122275644423326
ENSG00000167515	-0.0502570401499994
ENSG00000259881	-0.0183438240027482
ENSG00000259877	0.0840027070164938
ENSG00000197912	-0.061602226702301
ENSG00000167526	-0.23502391881205
ENSG00000178773	0.136626729506642
ENSG00000275734	-0.140369445479651
ENSG00000185324	-0.15185770677016
ENSG00000158792	-0.250789559633059
ENSG00000075399	-0.0679921034124133
ENSG00000141002	-0.146756980947048
ENSG00000258947	0.14886222082547
ENSG00000140995	0.15870407786002
ENSG00000177946	-0.181671757666785
ENSG00000003249	0.314817203664358
ENSG00000221819	0.264952706477511
ENSG00000222019	-0.0744689647464387
ENSG00000261812	-0.0550041168598228
ENSG00000262061	-0.221307059664987
ENSG00000141252	-0.0882689863369522
ENSG00000179409	-0.021866805789177
ENSG00000167693	-0.0276299894310622
ENSG00000177370	-0.045042643744866
ENSG00000108953	0.0581677852614077
ENSG00000236618	-0.124003809092816
ENSG00000167703	-0.0175713760201385
ENSG00000074660	0.195699564645736
ENSG00000185561	-0.11132379444008
ENSG00000186594	0.0860278478242432
ENSG00000167716	0.141584580320989
ENSG00000132386	0.47349162940287
ENSG00000186532	-0.0423305767195375
ENSG00000132383	-0.0484703568409958
ENSG00000263050	-0.207694918083983
ENSG00000070366	-0.0258827557507427
ENSG00000167720	-0.00598619576482197
ENSG00000262333	0.0595229107194654
ENSG00000127804	-0.0947166431828217
ENSG00000132361	-0.13557232354949
ENSG00000132359	-0.022746841898129
ENSG00000196689	0.122515272758741
ENSG00000262692	0.137652052090179
ENSG00000074356	0.202839454484288
ENSG00000108405	-0.0105237614063442
ENSG00000074370	0.61640680014838
ENSG00000074755	0.02956320414049
ENSG00000185722	0.265514072128142
ENSG00000183018	0.0851124445911998
ENSG00000132382	0.0502494679158397
ENSG00000244184	-0.14399081030027
ENSG00000141480	0.31150957684056
ENSG00000161920	0.103271427751407
ENSG00000161921	1.0086849880208
ENSG00000141497	0.788494973331743
ENSG00000280254	0.00149497665887086
ENSG00000182327	0.209617476834288
ENSG00000142507	0.0236001481993544
ENSG00000262165	0.140777470993443
ENSG00000108523	-0.0014825080382378
ENSG00000108518	-0.0573477916893992
ENSG00000196388	0.012281604289867
ENSG00000227495	0.0962804696333572
ENSG00000180787	0.0226920972293351
ENSG00000180626	-0.0841568433094299
ENSG00000161929	0.222056925426711
ENSG00000108559	-0.0675833955232982
ENSG00000263272	-0.0166576541085891
ENSG00000108561	0.0477031590899238
ENSG00000005100	-0.0786381244332025
ENSG00000072849	-0.125487602224758
ENSG00000091592	0.218661301624671
ENSG00000179314	0.138435812992387
ENSG00000129235	0.00103602031096414
ENSG00000256806	-0.0802071568065677
ENSG00000141485	0.056946049737959
ENSG00000132530	0.833162357250311
ENSG00000279296	0.0979288152467095
ENSG00000215067	-0.0195724506712585
ENSG00000174327	0.205461925491835
ENSG00000174326	-0.185221612962897
ENSG00000040633	0.221321841282079
ENSG00000181885	0.0367332735901593
ENSG00000132507	-0.213180032820816
ENSG00000132522	-0.0158491263098668
ENSG00000213859	0.1995206707878
ENSG00000205544	0.0433872696643899
ENSG00000181284	-0.227763427239626
ENSG00000161958	0.722768657862571
ENSG00000174282	0.354233375630611
ENSG00000239697	-0.0788719764489581
ENSG00000161955	0.53476216820963
ENSG00000161960	0.112300802337918
ENSG00000129226	0.992274996047245
ENSG00000233223	-0.129428671612208
ENSG00000141504	0.0100523755688017
ENSG00000129244	0.40010618468152
ENSG00000141510	-0.128591940504018
ENSG00000141499	-0.0913875954858588
ENSG00000108947	-0.20918069061501
ENSG00000182224	-0.163766754675864
ENSG00000170004	0.299848127184256
ENSG00000170049	0.349328405290892
ENSG00000179593	0.0658273805405382
ENSG00000214999	-0.119076978544895
ENSG00000179094	0.617521443396552
ENSG00000179029	0.0608385794127007
ENSG00000178977	-0.0495740058534522
ENSG00000178921	-0.0924243857760939
ENSG00000108961	-0.112873518497172
ENSG00000184619	0.0433936977775295
ENSG00000166579	-0.137920516011382
ENSG00000141506	0.179281382456671
ENSG00000133028	-0.0257765629848238
ENSG00000170222	-0.0864229374918809
ENSG00000187824	-0.0231714516780771
ENSG00000263429	-0.145258509273163
ENSG00000233670	0.216943572535569
ENSG00000188803	0.167273055619672
ENSG00000154957	-0.0216906534061228
ENSG00000006744	-0.0894360621139072
ENSG00000239704	0.0299875292691642
ENSG00000175106	0.043879201077274
ENSG00000221926	-0.0679506867559723
ENSG00000187607	-0.141714848527438
ENSG00000214946	-0.121364865455754
ENSG00000179277	0.71382957333774
ENSG00000265519	0.354725323917809
ENSG00000170425	-0.12394757748233
ENSG00000011295	0.0136539067688388
ENSG00000141027	0.00367064934154553
ENSG00000166582	-0.136428501236672
ENSG00000170315	0.121133784072897
ENSG00000187688	0.192686345361704
ENSG00000141040	0.0232487130367975
ENSG00000197566	-0.0671419221099877
ENSG00000131885	-0.183651078814398
ENSG00000278864	0.330632534824247
ENSG00000179598	0.119393854573192
ENSG00000154803	-0.344014848774968
ENSG00000141030	-0.0780746294303352
ENSG00000205309	-0.243951812610335
ENSG00000141026	0.124897813504463
ENSG00000108551	0.123682940601284
ENSG00000133027	-0.140630730683806
ENSG00000226746	0.0497254135993112
ENSG00000171953	-0.0640112046531895
ENSG00000280198	0.0701978173597157
ENSG00000141034	-0.28769119920246
ENSG00000108591	-0.0526639314550546
ENSG00000177731	-0.0182931461973398
ENSG00000177427	-0.00860958656622128
ENSG00000260647	-0.410940845792616
ENSG00000177302	-0.053030790282291
ENSG00000176994	0.126726221549062
ENSG00000176974	-0.144785771447107
ENSG00000240445	-0.151214635912285
ENSG00000171928	-0.0376933985092932
ENSG00000188522	-0.155204369982541
ENSG00000108641	-0.0223663798029647
ENSG00000166484	0.20446898760138
ENSG00000128482	0.160534426452707
ENSG00000189343	-0.227780057721882
ENSG00000270091	0.230097179562342
ENSG00000108599	-0.0820415518074245
ENSG00000189423	0.0236465651432926
ENSG00000188013	0.653901212483232
ENSG00000109016	-0.0566155619506237
ENSG00000178307	-0.110706617262497
ENSG00000274180	-0.128235327642795
ENSG00000034152	-0.0788812063908917
ENSG00000168961	0.391775920477
ENSG00000232859	0.122023247620957
ENSG00000109083	0.0266081468357079
ENSG00000004142	-0.135654228974127
ENSG00000244045	0.133023554326032
ENSG00000004139	0.0989506530432505
ENSG00000279532	0.139589903192344
ENSG00000076351	0.0419263138282196
ENSG00000263266	-0.439971676880523
ENSG00000109107	-0.0289848423127362
ENSG00000007202	0.103925764198217
ENSG00000132581	-0.0357353457349694
ENSG00000109111	0.18036461606057
ENSG00000167525	0.100867748700257
ENSG00000109113	0.260868536575758
ENSG00000264577	0.373896303580679
ENSG00000160606	0.471668720286389
ENSG00000160602	0.0646621022509397
ENSG00000173065	-0.017125849698726
ENSG00000132591	-0.0317392492136134
ENSG00000179761	0.0901640400594409
ENSG00000063015	0.214902589636772
ENSG00000196535	0.177134037135695
ENSG00000221995	0.311665136476228
ENSG00000264050	-0.0234563473886962
ENSG00000108256	-0.0910468925457088
ENSG00000160551	0.121056680172039
ENSG00000168792	0.203033378540248
ENSG00000167543	0.221405315448927
ENSG00000264290	0.345832288540718
ENSG00000198720	-0.0961336614090431
ENSG00000141298	-0.0369995514761107
ENSG00000279431	0.250058526873284
ENSG00000176390	-0.149110801039155
ENSG00000172171	-0.163827210694066
ENSG00000230113	0.568603266576442
ENSG00000181481	0.0857864377314323
ENSG00000264743	0.658768072018722
ENSG00000266865	-0.00701957374705993
ENSG00000264107	-0.0870364176065962
ENSG00000126861	-0.0024752557562228
ENSG00000185862	0.359824576191946
ENSG00000126860	0.593388315767953
ENSG00000131242	0.164749310072984
ENSG00000178691	-0.148676454170928
ENSG00000214708	0.22500389578346
ENSG00000108671	-0.0884984916289129
ENSG00000176749	-0.291292084356573
ENSG00000108691	-0.803055859687553
ENSG00000108700	0.0882560747852921
ENSG00000132141	0.0814946616223025
ENSG00000198783	-0.247371664765945
ENSG00000005156	-0.0754642485523475
ENSG00000185379	-0.0686370976873739
ENSG00000073536	-0.226032782414525
ENSG00000266947	-0.0534107799147275
ENSG00000267547	0.162356164450306
ENSG00000267648	0.0391505817159743
ENSG00000267102	0.0795937535460082
ENSG00000172123	-0.070638569156344
ENSG00000108733	0.0279771866269238
ENSG00000006125	0.108044667374655
ENSG00000270765	-0.00976558498491376
ENSG00000271447	0.254545113573352
ENSG00000277632	-0.0498387734364281
ENSG00000276085	-0.210361441892096
ENSG00000276070	0.166650137586144
ENSG00000277161	0.0790986198937668
ENSG00000278535	-0.0253701002251985
ENSG00000278619	-0.0941863264097838
ENSG00000275720	-0.0221045482692117
ENSG00000278540	0.0581142698534441
ENSG00000276023	-0.142279782544855
ENSG00000278053	0.00205394073536498
ENSG00000274211	-0.144811737095799
ENSG00000275832	0.295229635865067
ENSG00000276170	-0.40017011070292
ENSG00000277363	0.379202031904763
ENSG00000277969	-0.0756099158224658
ENSG00000275023	0.250031720511061
ENSG00000277972	-0.194219640793972
ENSG00000277258	0.158501267195544
ENSG00000277791	-0.145708962152017
ENSG00000276293	-0.0714590839215831
ENSG00000273559	-0.0243369746579745
ENSG00000263874	0.145782933937195
ENSG00000161381	0.29460554290416
ENSG00000286443	-0.126525939201373
ENSG00000141750	-0.54854078939478
ENSG00000125686	0.0265990808895655
ENSG00000167258	0.0635229803885008
ENSG00000273576	0.258496632383068
ENSG00000131771	0.148413873688275
ENSG00000161395	0.0808046198208485
ENSG00000141736	0.0768864929515791
ENSG00000141741	-0.0803596612575737
ENSG00000073605	-0.09556692173365
ENSG00000172057	0.0894700744675294
ENSG00000108344	-0.0821242250040807
ENSG00000108342	0.0582380891092784
ENSG00000008838	0.0270156277909936
ENSG00000126351	-0.0102968143749447
ENSG00000126368	0.10064487649543
ENSG00000108349	0.272201317521705
ENSG00000108352	-0.230338614231301
ENSG00000171475	0.121658307491181
ENSG00000131759	-0.0720254675179628
ENSG00000183153	0.113743839192578
ENSG00000141753	-0.530312200219629
ENSG00000278834	0.146355769509127
ENSG00000213424	0.0567002558334732
ENSG00000167920	-0.166399944145984
ENSG00000171401	-0.395486089837533
ENSG00000173805	0.588365764708155
ENSG00000239542	0.810935066708651
ENSG00000131473	0.0254921890155398
ENSG00000173786	0.570831905091202
ENSG00000168256	-0.0634369941516812
ENSG00000267221	0.152851817161924
ENSG00000108771	0.25371910127342
ENSG00000108773	0.113355919645886
ENSG00000260325	-0.115085479818795
ENSG00000108774	0.153656472939092
ENSG00000126561	0.268421588133565
ENSG00000168610	0.0528936600012445
ENSG00000033627	-0.0104701726736847
ENSG00000108784	-0.0831883359111862
ENSG00000266962	-0.17794816979636
ENSG00000108786	-0.531483129389756
ENSG00000068120	-0.258868728538967
ENSG00000108788	-0.15914438411894
ENSG00000131462	-0.297487639081524
ENSG00000184451	-0.08309034518676
ENSG00000108797	0.0314212726692465
ENSG00000267765	0.498699187629276
ENSG00000108799	0.0920925559956913
ENSG00000273650	0.00852282005750585
ENSG00000197291	0.212428971025609
ENSG00000131477	0.047998019021251
ENSG00000131475	-0.0725036470161084
ENSG00000183978	0.0261422518261824
ENSG00000176563	0.0680802025566839
ENSG00000126581	0.152082353234112
ENSG00000131467	0.130194071433592
ENSG00000266967	-0.0893963811929184
ENSG00000068079	0.262726544307482
ENSG00000108830	0.11129090698053
ENSG00000012048	0.00414750904737396
ENSG00000267002	-0.118140880382202
ENSG00000188554	0.214565286963719
ENSG00000184988	0.131508460023183
ENSG00000067596	-0.0468057417369335
ENSG00000108861	-0.0370407327876033
ENSG00000161647	-0.215788019562947
ENSG00000161653	0.351706697340048
ENSG00000091947	-0.0233170074236108
ENSG00000161654	0.00133128201882831
ENSG00000141349	0.203934353178937
ENSG00000108840	0.0851655152777801
ENSG00000161664	-0.000602390268878156
ENSG00000267080	-0.0073289775225755
ENSG00000087152	-0.111087967915719
ENSG00000108312	-0.0832660955423782
ENSG00000260793	0.339440626397479
ENSG00000004939	-0.0582836710997527
ENSG00000108309	-0.152003600663005
ENSG00000288961	-0.102275638870444
ENSG00000030582	0.225914198523518
ENSG00000186566	0.161096197820171
ENSG00000180340	-0.069512306175576
ENSG00000279879	0.116389394980994
ENSG00000073670	-0.365388954616657
ENSG00000131097	0.66020686955691
ENSG00000108883	-0.113595464194795
ENSG00000131094	0.366405043226268
ENSG00000172992	0.0438111584485089
ENSG00000161714	0.00449277284621701
ENSG00000181513	-0.191811220787004
ENSG00000186834	0.0519186074492743
ENSG00000168517	-0.440266739791123
ENSG00000267288	-0.133701623096494
ENSG00000267121	0.170436133884205
ENSG00000184922	0.0096457470305618
ENSG00000233175	-0.182157352571451
ENSG00000006062	-0.124179249146111
ENSG00000267344	0.824507335494338
ENSG00000225190	0.0189759047103156
ENSG00000266918	0.0922917248362678
ENSG00000120071	-0.0216421930024554
ENSG00000214401	0.261023022849857
ENSG00000108433	-0.0381031173617069
ENSG00000262879	-0.0191007461394772
ENSG00000004897	-0.0593654269016693
ENSG00000259207	-0.202156465153195
ENSG00000276790	-0.662647597993098
ENSG00000108424	0.0185614970554079
ENSG00000198933	0.0732109988597714
ENSG00000006025	0.113477519652125
ENSG00000159111	-0.0251384416299491
ENSG00000167182	0.235443314819567
ENSG00000108439	0.038421163013474
ENSG00000108465	0.271366256938205
ENSG00000005243	-0.0382175211502869
ENSG00000082641	-0.0258190721766039
ENSG00000108468	0.087503404234595
ENSG00000173917	-0.439817221183665
ENSG00000230148	-0.152059732033096
ENSG00000136436	0.311199829644519
ENSG00000230532	-0.0183503731155307
ENSG00000289021	0.206634928865712
ENSG00000167083	-0.0551134619011953
ENSG00000108798	0.0261997129388295
ENSG00000173868	0.00312723931975467
ENSG00000198740	0.080432652158077
ENSG00000121067	-0.334951434546766
ENSG00000121073	-0.130434004568306
ENSG00000005882	0.107090923639621
ENSG00000167100	0.285581255811117
ENSG00000108819	-0.0643784948293851
ENSG00000188662	-0.245394647350443
ENSG00000108826	0.0249473860116968
ENSG00000154920	-0.127196355521317
ENSG00000108829	-0.21135393722773
ENSG00000167107	0.0180579860475324
ENSG00000136457	0.20497757596813
ENSG00000136444	-0.135972844492565
ENSG00000250107	0.163651831654907
ENSG00000006283	0.572912908059247
ENSG00000108848	0.0839090925903065
ENSG00000141232	-0.321829924226166
ENSG00000008294	0.111275087970874
ENSG00000239672	-0.0845289875918016
ENSG00000011258	-0.00241855666026172
ENSG00000279089	0.0694442133800489
ENSG00000011260	-0.128669419051292
ENSG00000108924	0.0664250360158865
ENSG00000166292	0.285683707787435
ENSG00000141179	-0.0655233843322224
ENSG00000183691	0.0943374636015362
ENSG00000121060	0.0299186219605725
ENSG00000274213	0.764630276321436
ENSG00000121064	0.0593720199845777
ENSG00000263004	0.0132643731622132
ENSG00000153944	0.187745765289882
ENSG00000279555	0.546256611367203
ENSG00000166329	-0.116007682368892
ENSG00000136450	-0.0524535414653959
ENSG00000264364	0.252316308719209
ENSG00000279207	0.282564650405037
ENSG00000278627	-0.423862163538618
ENSG00000011143	-0.0885585148660722
ENSG00000005381	-0.0457636626390675
ENSG00000289147	-0.357852823805201
ENSG00000263938	-0.372060417022543
ENSG00000182628	0.192559956054578
ENSG00000068489	0.0394563979194134
ENSG00000167447	0.027929611218091
ENSG00000175155	-0.155569317867813
ENSG00000108406	-0.00654341476550362
ENSG00000141367	-0.110592479214665
ENSG00000062716	-0.138872434173347
ENSG00000108423	-0.217484643594603
ENSG00000189050	0.0732444912132195
ENSG00000267248	-0.0207078994358138
ENSG00000167434	0.799858911112499
ENSG00000170836	-0.160506430237222
ENSG00000267280	-0.229845308338962
ENSG00000187013	-0.0791862726910579
ENSG00000108506	-0.0975094877366719
ENSG00000108510	-0.0913905309767598
ENSG00000279133	0.246575867493031
ENSG00000087995	-0.132573260920498
ENSG00000274565	0.211374884416108
ENSG00000011028	0.12628114625579
ENSG00000170921	-0.0639215595270334
ENSG00000159640	-0.0249647447326733
ENSG00000136485	0.122449194703206
ENSG00000270587	0.132875321977858
ENSG00000198909	0.0571851956687842
ENSG00000136490	0.135328820804181
ENSG00000279369	-0.327167138929538
ENSG00000198231	0.110072680911404
ENSG00000108604	0.0568062660389346
ENSG00000007312	0.031300291355845
ENSG00000264954	0.0131633481275701
ENSG00000224383	-0.458920106667562
ENSG00000178607	0.00425805840293573
ENSG00000136478	0.163716189320108
ENSG00000261371	0.129143163023715
ENSG00000271605	0.0709780618477073
ENSG00000256525	0.195810175729646
ENSG00000258890	0.126865987440982
ENSG00000265298	0.196984547042494
ENSG00000214176	0.13132860040906
ENSG00000176809	0.0180716471403022
ENSG00000214174	-0.136966163409538
ENSG00000120063	0.214714032494418
ENSG00000168646	0.0872229759509835
ENSG00000154229	0.00214014916925314
ENSG00000075461	0.434192822240711
ENSG00000198265	-0.0122067650958723
ENSG00000197170	-0.166082884703336
ENSG00000154217	0.028347831730511
ENSG00000130935	-0.278894786486384
ENSG00000171634	0.110198572082659
ENSG00000186665	-0.0224410148639146
ENSG00000182481	-0.169441657966021
ENSG00000267472	-0.379826316390718
ENSG00000196704	-0.0741220432186727
ENSG00000274712	-0.0340051260757317
ENSG00000265100	0.389107339699527
ENSG00000108932	0.195630533688862
ENSG00000070540	0.222988402067424
ENSG00000141338	0.224307083866552
ENSG00000154258	0.168385661899697
ENSG00000154262	0.074050465246458
ENSG00000108984	-0.0448481979858363
ENSG00000153822	0.0227620195985932
ENSG00000267365	0.50860156072519
ENSG00000123700	-0.134692424466614
ENSG00000289371	-0.196947192603002
ENSG00000256124	-0.0397191572869388
ENSG00000125398	0.200837106549111
ENSG00000180616	-0.376771364240839
ENSG00000133193	0.0282350122607555
ENSG00000141219	-0.0250205657695328
ENSG00000179604	0.177350471825251
ENSG00000246731	0.609435463548154
ENSG00000196169	0.702829164949062
ENSG00000204347	0.644558172818746
ENSG00000170412	0.258967348336764
ENSG00000167851	0.26351806110666
ENSG00000167850	0.238438804281902
ENSG00000186407	0.0898677561350704
ENSG00000172794	-0.240842805413761
ENSG00000186074	-0.0719916274295782
ENSG00000161513	-0.097859879036376
ENSG00000167861	0.271296389514877
ENSG00000109089	0.344592816290681
ENSG00000180901	-0.0903564739863359
ENSG00000170190	-0.0479582249645086
ENSG00000125458	-0.0291081838712162
ENSG00000189159	-0.243382765237696
ENSG00000125450	-0.124567277689707
ENSG00000125447	0.00327778828697281
ENSG00000125445	0.0822287193403731
ENSG00000125454	-0.0526705261958993
ENSG00000177728	0.035445812726315
ENSG00000182173	-0.119165719796002
ENSG00000073350	-0.107612603240735
ENSG00000108469	-0.0496941600562579
ENSG00000161526	-0.13665564182057
ENSG00000132470	0.243990315670274
ENSG00000108479	-0.128623743624311
ENSG00000132475	0.433463425805834
ENSG00000092929	0.334071626505707
ENSG00000267801	-0.213630506115807
ENSG00000188878	0.0347004998884247
ENSG00000161533	0.138493712896973
ENSG00000257949	-0.0988908548010653
ENSG00000167881	0.0049417491835602
ENSG00000182473	0.0181379913827473
ENSG00000185262	-0.0225173749755443
ENSG00000129646	-0.104100066877823
ENSG00000176170	-0.0183529482766175
ENSG00000129673	0.0382353731745663
ENSG00000214140	0.16159711703921
ENSG00000267543	0.313033275207261
ENSG00000163597	0.113719380346709
ENSG00000284526	-0.157631967297063
ENSG00000070495	-0.301482290470306
ENSG00000181038	-0.0667407588194322
ENSG00000167889	-0.180468895889745
ENSG00000129657	0.293173805434538
ENSG00000262870	0.0644963371106776
ENSG00000184640	-0.0744972767750389
ENSG00000078687	-0.152074831934319
ENSG00000141524	0.655970924721267
ENSG00000167895	0.183396152193755
ENSG00000108639	0.105683856924828
ENSG00000167900	-0.100007914817803
ENSG00000183077	0.0941136389475568
ENSG00000204278	0.426803742343057
ENSG00000184557	0.33236375781326
ENSG00000087157	0.0351265835746423
ENSG00000108669	0.0730257560469006
ENSG00000287539	-0.419542450396344
ENSG00000035862	-0.00219035670960417
ENSG00000173918	0.316551401183491
ENSG00000262188	0.0491973839217279
ENSG00000181523	-0.0536908783288896
ENSG00000181045	-0.0959378818294217
ENSG00000276863	-0.149802571750146
ENSG00000173818	-0.182439580327068
ENSG00000176108	-0.0720553422912042
ENSG00000280351	0.0485929435773065
ENSG00000226137	-0.11574405148102
ENSG00000181409	0.47871115879094
ENSG00000263167	0.131329033339398
ENSG00000141577	-0.0876855494085268
ENSG00000167302	0.0895784818329938
ENSG00000260005	0.234770186021399
ENSG00000185168	-0.0820780091662777
ENSG00000287431	-0.188992343163012
ENSG00000262223	0.200563715051132
ENSG00000262877	0.251547703524449
ENSG00000266074	-0.0036865334052763
ENSG00000279692	0.167982495422481
ENSG00000184009	-0.302710874616954
ENSG00000182446	-0.0126680139637411
ENSG00000182612	-0.00822672072575264
ENSG00000204237	-0.134889126360617
ENSG00000185298	-0.229977881050969
ENSG00000214087	-0.119115043852585
ENSG00000185359	0.1426368097311
ENSG00000275902	-0.429417515948454
ENSG00000262049	0.0378944165245742
ENSG00000185624	-0.236969997404477
ENSG00000141522	-0.00647694722032227
ENSG00000183684	0.014442487756089
ENSG00000185813	0.0563188547356459
ENSG00000197063	-0.0982937017927353
ENSG00000185105	-0.264088819122501
ENSG00000169750	-0.196944401387469
ENSG00000279372	0.603308962527183
ENSG00000169733	-0.18741160675099
ENSG00000169710	0.0947083366563917
ENSG00000141526	0.23954849868827
ENSG00000141551	-0.05533433731947
ENSG00000287737	0.00261887835522959
ENSG00000265692	0.0665930732234933
ENSG00000260563	-0.192269989461063
ENSG00000141574	-0.14153128473434
ENSG00000260011	0.0803238474920269
ENSG00000181396	-0.0561284467082063
ENSG00000169660	-0.0246021698204427
ENSG00000178927	-0.0818136191348425
ENSG00000265458	0.224618307513248
ENSG00000141562	-0.196311707169921
ENSG00000266236	0.374625737809505
ENSG00000141568	-0.176523061522019
ENSG00000262147	-0.54323733501076
ENSG00000141580	-0.0331125693808926
ENSG00000141560	0.0943326810278345
ENSG00000176845	-0.0242812596737033
ENSG00000274370	0.121972107885242
ENSG00000261888	-0.022292315214841
ENSG00000079134	-0.072806031425971
ENSG00000288533	0.114228272272451
ENSG00000176912	-0.0538853324143112
ENSG00000266456	-0.193412175655694
ENSG00000132199	0.246163950332306
ENSG00000286975	-0.0251100896416109
ENSG00000101574	-0.105675437738277
ENSG00000101605	0.136553343586334
ENSG00000101608	-0.28585372881234
ENSG00000118680	-0.106702067296542
ENSG00000262001	0.248331953632997
ENSG00000263753	0.199775913277683
ENSG00000198081	0.0217298215883952
ENSG00000082397	0.0433929197924534
ENSG00000206432	0.0908200958492301
ENSG00000264707	0.244989102919504
ENSG00000101680	-0.0345673985999486
ENSG00000265069	-0.0739813088707944
ENSG00000286649	0.375112602607025
ENSG00000272788	-0.360412266382706
ENSG00000288939	-0.256722021893347
ENSG00000101745	-0.188311155233175
ENSG00000017797	0.00475643029059456
ENSG00000168461	0.158701955114916
ENSG00000272799	0.502558729628667
ENSG00000154856	0.397985759355859
ENSG00000154864	0.0100870966848871
ENSG00000141401	-0.0811093094671956
ENSG00000267480	-0.181366315233231
ENSG00000176014	-0.474452730317358
ENSG00000141385	-0.0460944667126995
ENSG00000134278	0.0658231590449368
ENSG00000267515	0.404649240989765
ENSG00000128789	-0.065781173878632
ENSG00000101624	-0.0654985988755129
ENSG00000267249	-0.306093833928039
ENSG00000175354	-0.165308756703001
ENSG00000267570	-0.0525629546093923
ENSG00000085415	-0.292795767729675
ENSG00000267690	0.223705794717679
ENSG00000266954	0.22880709595963
ENSG00000177150	-0.0997733941428902
ENSG00000175322	-0.196566137540875
ENSG00000287723	-0.327026195773752
ENSG00000286293	-0.229418103743229
ENSG00000265015	-0.171394939244787
ENSG00000158201	-0.0953827583705017
ENSG00000101752	-0.121754191324798
ENSG00000134508	0.389995047850662
ENSG00000141452	-0.0526502168619866
ENSG00000141447	0.139901307836453
ENSG00000154059	0.162318375518731
ENSG00000170558	-0.137079338054195
ENSG00000274578	0.164594606847547
ENSG00000134755	-0.0705141074535897
ENSG00000263823	0.0327465465181442
ENSG00000134758	-0.219374150711398
ENSG00000134769	0.140796978995968
ENSG00000274400	-0.446272899265262
ENSG00000186812	0.0875897026113085
ENSG00000186814	0.181567657158027
ENSG00000279989	0.468242365768678
ENSG00000274184	0.287176425310694
ENSG00000268573	0.139908822457117
ENSG00000274918	0.0416793744055989
ENSG00000172466	0.294702040989757
ENSG00000186496	0.14602834223543
ENSG00000141429	-0.136042771240431
ENSG00000141425	-0.169364790948057
ENSG00000288917	0.464791547882145
ENSG00000134759	-0.00394218173400268
ENSG00000267651	-0.0160271081042153
ENSG00000078142	0.00845326278678388
ENSG00000132872	-0.210652319676491
ENSG00000141469	0.681628183173279
ENSG00000141622	-0.100041439198683
ENSG00000101638	-0.253684533366614
ENSG00000274776	-0.226668601497931
ENSG00000280212	-0.01307015518798
ENSG00000134049	-0.177408596135401
ENSG00000101665	0.00828351851370514
ENSG00000263916	-0.201083688702483
ENSG00000101670	-0.0694084457023646
ENSG00000167315	0.216033412838126
ENSG00000154832	-0.0772701945534723
ENSG00000141639	0.232436477444274
ENSG00000134042	0.274075247150511
ENSG00000082212	0.0532407657933478
ENSG00000141642	0.152280619961643
ENSG00000141646	-0.129630170692738
ENSG00000176624	-0.174957780966013
ENSG00000134046	-0.0683037418539847
ENSG00000101751	-0.0809398881497966
ENSG00000166845	-0.116986396796065
ENSG00000196628	-0.16925078371609
ENSG00000267325	0.121874306807739
ENSG00000066926	-0.087207101433716
ENSG00000074657	-0.0128426890212573
ENSG00000074695	-0.116309953369166
ENSG00000101542	-0.0317992988453384
ENSG00000141664	-0.0109381528036826
ENSG00000081913	-0.0759058753073761
ENSG00000171791	-0.13871295685796
ENSG00000267390	-0.0458136631473134
ENSG00000221887	0.396473330566735
ENSG00000166401	-0.0560566337030498
ENSG00000071991	-0.183570031202502
ENSG00000260578	0.267286924807561
ENSG00000171451	0.349763066538597
ENSG00000260747	-0.466003867582288
ENSG00000206052	0.0639552537869643
ENSG00000176225	0.0135286799528414
ENSG00000170677	0.14886658680507
ENSG00000278971	0.212073192323143
ENSG00000075336	-0.0941751075444627
ENSG00000187773	0.31194703177387
ENSG00000287689	-0.0648763263082922
ENSG00000150656	0.617154973693255
ENSG00000264340	0.480402829812336
ENSG00000264247	0.388261567560586
ENSG00000180011	0.0451826160281809
ENSG00000179981	-0.162435252700112
ENSG00000101493	-0.0156581460745252
ENSG00000278107	0.131379297674504
ENSG00000266844	0.136866662046676
ENSG00000279811	0.122866698433375
ENSG00000287680	0.35840783004632
ENSG00000278330	0.0805721820643955
ENSG00000263146	0.135394064502632
ENSG00000256463	0.19361889435122
ENSG00000267655	0.231901545459159
ENSG00000131196	0.0321529589485569
ENSG00000060069	-0.0508970610681417
ENSG00000267127	0.463557474211297
ENSG00000261126	-0.221753440116204
ENSG00000101544	0.0815779823975396
ENSG00000282393	-0.124412183282739
ENSG00000141934	0.108146279635901
ENSG00000099804	-0.188202185526108
ENSG00000172270	0.251280684634437
ENSG00000099822	0.448623740189583
ENSG00000070423	-0.165769308435898
ENSG00000099864	0.0240724879894065
ENSG00000272473	-0.218372492452677
ENSG00000172232	-0.256437849626773
ENSG00000197766	0.289788037422198
ENSG00000116017	0.0405491819958401
ENSG00000064687	-0.159048153883324
ENSG00000064932	-0.0691047901622385
ENSG00000099625	0.20360859220522
ENSG00000167470	0.168557592817305
ENSG00000099622	0.196045005041695
ENSG00000267493	-0.174555517445575
ENSG00000160953	-0.254810926557659
ENSG00000115286	-0.0650591594111423
ENSG00000280486	0.0505618702047849
ENSG00000248015	0.352845978100726
ENSG00000130005	-0.143511003070015
ENSG00000267317	-0.305220886514826
ENSG00000119559	-0.190740281000694
ENSG00000115255	0.0645821077127489
ENSG00000267244	0.407271416428332
ENSG00000261526	-0.094514812161972
ENSG00000133275	-0.122039340092342
ENSG00000133243	-0.0750717023304079
ENSG00000267283	0.0893885777060491
ENSG00000099875	-0.135875587816872
ENSG00000172081	-0.121052545699501
ENSG00000099840	0.0754718865721569
ENSG00000104885	0.012640152384328
ENSG00000104886	-0.158721437627356
ENSG00000188305	0.137515322868022
ENSG00000130332	-0.0495279731421746
ENSG00000176619	-0.361190683671643
ENSG00000099860	0.269140346109695
ENSG00000176533	0.12374988268154
ENSG00000176490	-0.334249920556699
ENSG00000261342	-0.330105643049228
ENSG00000141873	-0.168388685419255
ENSG00000104969	-0.101869808163986
ENSG00000172009	-0.159853301528539
ENSG00000186300	0.067439409557198
ENSG00000175691	-0.187256863233045
ENSG00000065717	0.253124828302081
ENSG00000104964	0.0477764883581688
ENSG00000125912	-0.179445310723022
ENSG00000161082	-0.0954023259778362
ENSG00000064961	-0.0995198844217469
ENSG00000179855	-0.0232478055118094
ENSG00000186111	-0.0661249280218275
ENSG00000007264	-0.199467741970786
ENSG00000105278	-0.0555788742322748
ENSG00000167654	0.260993952921008
ENSG00000167657	-0.33114853136472
ENSG00000105229	-0.144357470037006
ENSG00000178951	-0.198417981445212
ENSG00000105246	0.123365511960993
ENSG00000105251	0.264915076746686
ENSG00000105255	-0.268427946939999
ENSG00000178078	-0.0102706334493827
ENSG00000008382	-0.0640604988960489
ENSG00000269318	-0.297257136801885
ENSG00000141985	-0.145222583460982
ENSG00000214456	0.403587748250609
ENSG00000171236	-0.486789201387806
ENSG00000167680	-0.332803358847075
ENSG00000074842	-0.23640944964091
ENSG00000142002	-0.221602558047021
ENSG00000205790	0.0172211390629633
ENSG00000287884	0.213474783434635
ENSG00000127666	-0.0297400858457132
ENSG00000276043	-0.121029752022432
ENSG00000127663	-0.0229223679399984
ENSG00000105426	-0.13012766451263
ENSG00000130254	0.0699225239157765
ENSG00000160633	-0.0858904261179868
ENSG00000130255	0.016462751934719
ENSG00000167733	-0.198366000684216
ENSG00000212123	0.171244983137551
ENSG00000105519	0.0393158089196554
ENSG00000087903	-0.116176266867466
ENSG00000125656	-0.127432640829067
ENSG00000125652	0.0551464257341076
ENSG00000205744	0.00128767116394651
ENSG00000275234	0.211293685871234
ENSG00000125657	0.168173647306328
ENSG00000276980	0.11701722103783
ENSG00000125733	-0.0199204078815549
ENSG00000141968	0.019851023627351
ENSG00000171105	-0.0659560142485894
ENSG00000104883	-0.0688630905200017
ENSG00000198816	-0.0152289629078865
ENSG00000090674	0.0151887718698663
ENSG00000032444	-0.130566640583596
ENSG00000076826	-0.0522107407235075
ENSG00000076944	0.149803027126589
ENSG00000104918	-0.395844646744222
ENSG00000183019	-0.556812688313174
ENSG00000090659	-0.289501370364433
ENSG00000142459	0.0409006645553948
ENSG00000183248	0.555015625854632
ENSG00000076984	-0.107765280097904
ENSG00000260001	-0.196695515670739
ENSG00000104976	-0.322914127723925
ENSG00000269139	0.0760454197583794
ENSG00000286138	0.233548483446458
ENSG00000066044	-0.196057851098287
ENSG00000167772	0.435904225676211
ENSG00000133246	0.0256205697652699
ENSG00000142347	0.132551604670423
ENSG00000167785	-0.00151903512793722
ENSG00000269300	-0.101976919366311
ENSG00000269400	-0.237715293412535
ENSG00000130803	-0.0985928435221938
ENSG00000196110	-0.0256143260640683
ENSG00000174652	-0.00429080965747943
ENSG00000130818	0.140692884631302
ENSG00000278611	0.313402459798316
ENSG00000197961	-0.157851656235571
ENSG00000171469	-0.0620782358687685
ENSG00000224689	0.140687661987482
ENSG00000277587	0.279383773514634
ENSG00000267612	0.172165500974998
ENSG00000267741	0.198664435089186
ENSG00000127445	-0.0751379038038129
ENSG00000130812	0.0441302981646104
ENSG00000130810	-0.248176428415317
ENSG00000130816	0.0101669517612352
ENSG00000105364	-0.176934985161373
ENSG00000090339	0.304807604163374
ENSG00000220201	-0.253782068042363
ENSG00000267673	-0.101150990639552
ENSG00000274425	-0.199298245399328
ENSG00000076662	-0.111206577828901
ENSG00000065989	-0.0524603124210859
ENSG00000079999	-0.139875819503083
ENSG00000180739	0.51779183245762
ENSG00000129355	-0.0676368612046355
ENSG00000129353	0.263371950857029
ENSG00000267100	-0.0333947211690882
ENSG00000129351	0.0468515595199805
ENSG00000213339	-0.157520394182722
ENSG00000099203	0.0128087806457436
ENSG00000214212	-0.0319045732539403
ENSG00000142453	-0.0342619413907175
ENSG00000130733	-0.0895233985682466
ENSG00000142444	-0.02775008227015
ENSG00000127616	0.0850402990362261
ENSG00000130164	-0.20574771527961
ENSG00000105518	-0.192181394983387
ENSG00000105520	0.0450853076105524
ENSG00000173928	0.189761186891826
ENSG00000205517	0.0626410675860006
ENSG00000196361	-0.113052511562762
ENSG00000161914	-0.189243031732764
ENSG00000198551	-0.0475554519981529
ENSG00000197933	-0.23042598245144
ENSG00000197044	0.00906148865843658
ENSG00000171295	0.0738372224475857
ENSG00000171291	0.0657983079297367
ENSG00000198429	-0.0673203843993588
ENSG00000197054	0.12308640901062
ENSG00000197647	0.0691180626615566
ENSG00000223547	0.0969753882253778
ENSG00000242615	0.000198879776926165
ENSG00000196646	0.0841797476186992
ENSG00000197857	-0.00547132057962395
ENSG00000188868	-0.109818901271674
ENSG00000198342	-0.0166961715425885
ENSG00000248406	0.0973454314983651
ENSG00000180855	-0.0844539430061254
ENSG00000249709	-0.0361398731660725
ENSG00000188033	-0.0868601706399443
ENSG00000173875	0.00250617814908056
ENSG00000104774	0.15062718440609
ENSG00000105583	-0.0804276396913651
ENSG00000095059	-0.0207217799273817
ENSG00000198356	-0.0352491679491527
ENSG00000095066	-0.0583675176157133
ENSG00000171223	0.132581152496772
ENSG00000132026	-0.112269908576106
ENSG00000105613	0.0680716171859704
ENSG00000105612	0.246363640952616
ENSG00000105610	0.0171641238000374
ENSG00000105607	0.156595736685238
ENSG00000179115	-0.215752851565008
ENSG00000179218	-0.0720192846342389
ENSG00000179262	-0.118615928556197
ENSG00000008441	0.206132463296153
ENSG00000104907	-0.137807588627364
ENSG00000104915	-0.154940944205661
ENSG00000160888	-0.222492118583893
ENSG00000187556	-0.0669260084299082
ENSG00000132000	-0.00258893879818525
ENSG00000104998	-0.185363263835152
ENSG00000228887	-0.108124773223767
ENSG00000141858	-0.0435940362265059
ENSG00000072062	-0.0364487320699859
ENSG00000267783	0.121533374526002
ENSG00000267169	-0.00326626213547487
ENSG00000072071	-0.0823459004807633
ENSG00000123136	-0.0742312397002812
ENSG00000123143	-0.138086758119654
ENSG00000132002	-0.0261201390790649
ENSG00000099797	0.135421432725834
ENSG00000269378	-0.366391521325137
ENSG00000160961	0.0514381810643783
ENSG00000127507	-0.10546081220633
ENSG00000188269	0.476056049226144
ENSG00000105135	-0.0737936697384633
ENSG00000141867	-0.0328014167859562
ENSG00000105127	-0.0790039954395299
ENSG00000011243	-0.0932070410661856
ENSG00000279716	0.182413262540008
ENSG00000105122	0.379203021978359
ENSG00000171903	-0.0459214397181203
ENSG00000287961	0.269435874919047
ENSG00000072958	-0.149625432701588
ENSG00000127527	-0.0189466939512749
ENSG00000289330	0.472257242132592
ENSG00000105072	-0.0690380446298523
ENSG00000269399	-0.55592279734001
ENSG00000127526	-0.15156724907937
ENSG00000279748	-0.0689721664603556
ENSG00000268087	0.787576825326267
ENSG00000269044	0.2276061858884
ENSG00000267904	0.468376640831908
ENSG00000188039	0.0530685275136995
ENSG00000127511	0.0327676105073716
ENSG00000127533	0.386140264833255
ENSG00000099330	-0.0837722724980988
ENSG00000160117	-0.217992879580898
ENSG00000130299	-0.266136899567635
ENSG00000130300	0.197724408520893
ENSG00000130303	0.00343413466964061
ENSG00000282851	0.0159075798470741
ENSG00000188051	-0.155380896976033
ENSG00000130313	-0.116103511474115
ENSG00000130309	-0.265839269225046
ENSG00000130479	0.00314590448754878
ENSG00000130475	-0.00520958913870071
ENSG00000105639	-0.285459178223975
ENSG00000105643	0.355228123462004
ENSG00000273654	0.106004505239666
ENSG00000099308	0.0295103345158811
ENSG00000216490	0.485184111299992
ENSG00000254858	-0.0381675308320796
ENSG00000105649	0.322522623341001
ENSG00000130518	0.338948896929534
ENSG00000130522	0.21698665582519
ENSG00000130517	0.0336893420917687
ENSG00000130513	-0.364315166863528
ENSG00000175489	-0.0132870775330509
ENSG00000105655	0.249821667807441
ENSG00000105656	-0.0578021311505029
ENSG00000268030	-0.12220515316459
ENSG00000167487	0.0307172301759159
ENSG00000105662	-0.155959024222594
ENSG00000005007	-0.072147885024167
ENSG00000105669	0.0120780842494304
ENSG00000105676	-0.204321766578943
ENSG00000181035	-0.0877088211298677
ENSG00000213999	-0.0923651915984606
ENSG00000254901	-0.102297128715554
ENSG00000064490	-0.0284986903334906
ENSG00000184162	-0.569812121197607
ENSG00000167491	-0.0220398353070184
ENSG00000178093	-0.0269569297042293
ENSG00000250067	-0.0137130805151089
ENSG00000064547	0.545462333091955
ENSG00000089639	0.316913835890242
ENSG00000105726	0.0869771466077146
ENSG00000105708	-0.0409763067400823
ENSG00000266904	0.0780656518804396
ENSG00000256771	-0.0652911036886886
ENSG00000267565	0.0201996341439342
ENSG00000197124	0.0449270507250161
ENSG00000280079	-0.266996145813057
ENSG00000237440	0.0860206663532629
ENSG00000188171	-0.0951169377016637
ENSG00000118620	-0.0747247745179976
ENSG00000160352	-0.0670307679460806
ENSG00000268322	0.264446826407362
ENSG00000197013	-0.0184861339990567
ENSG00000197020	0.0418913431687125
ENSG00000198521	0.00993775393514906
ENSG00000269345	0.0300433480043069
ENSG00000269837	0.0706858245440957
ENSG00000284428	0.0215377118025746
ENSG00000269397	0.0084868338849906
ENSG00000268362	-0.098811691390093
ENSG00000213096	-0.113050739067699
ENSG00000267498	0.0706836172403445
ENSG00000276631	0.423714216668528
ENSG00000187135	0.329452473207368
ENSG00000105171	-0.12673898996309
ENSG00000105176	-0.0198381575334043
ENSG00000266910	0.0313986370660209
ENSG00000287859	-0.0785188499831232
ENSG00000178904	0.173632623605685
ENSG00000213965	-0.103682989923241
ENSG00000121289	-0.0810081864547161
ENSG00000131944	-0.193144829652606
ENSG00000131941	0.140745066140116
ENSG00000130876	0.607962288130038
ENSG00000245848	0.261590400249524
ENSG00000267296	0.522894999924181
ENSG00000153879	-0.195696171161002
ENSG00000153885	-0.216986136224901
ENSG00000289539	0.0121778537233572
ENSG00000277013	0.273789913817782
ENSG00000257103	0.0162002184608509
ENSG00000268751	-0.335991121208345
ENSG00000089335	0.145667778756145
ENSG00000197841	0.0869468458041883
ENSG00000153896	-0.112337486922521
ENSG00000270876	0.123590735048816
ENSG00000089351	-0.0290074278286772
ENSG00000105711	-0.230361524690745
ENSG00000179066	-0.149440286730393
ENSG00000089356	-0.18106871857602
ENSG00000153902	0.197934042682273
ENSG00000279619	0.076292015657982
ENSG00000221946	-0.180981156561062
ENSG00000089327	-0.144425430077474
ENSG00000105698	-0.0292496937711362
ENSG00000105697	-0.421857526817186
ENSG00000012124	0.473078677761463
ENSG00000126266	0.317840157199927
ENSG00000126262	-0.129491179419754
ENSG00000189001	-0.364062731265865
ENSG00000236144	0.231906314705413
ENSG00000249115	0.0734060640059955
ENSG00000126254	-0.0502959496714243
ENSG00000105672	-0.0686051400808075
ENSG00000126246	0.0748567983068812
ENSG00000205155	-0.090309511261081
ENSG00000004777	0.226175114074096
ENSG00000225872	0.20589945288557
ENSG00000126259	-0.152593607910963
ENSG00000167604	0.209934782392568
ENSG00000011600	0.579747721605961
ENSG00000126243	-0.054313470835391
ENSG00000161277	-0.176296727073794
ENSG00000126247	-0.157288207190321
ENSG00000161281	-0.255469852432603
ENSG00000267005	-0.497467341406749
ENSG00000167635	0.36340236460317
ENSG00000232677	-0.0804942423414909
ENSG00000267053	-0.0525308139930455
ENSG00000142065	-0.0923139604721133
ENSG00000186017	-0.0353039251863931
ENSG00000254004	-0.0693206931358956
ENSG00000186020	-0.0973482140180566
ENSG00000233527	0.134109251434548
ENSG00000276071	-0.043637579809549
ENSG00000225975	0.218461229255835
ENSG00000189042	-0.176738981100711
ENSG00000196967	-0.0438170566748793
ENSG00000245680	-0.0314145750162774
ENSG00000188283	-0.063644724675306
ENSG00000286449	0.129935276495558
ENSG00000276846	-0.0868486559775192
ENSG00000189164	-0.0630229267592985
ENSG00000171827	0.0212273825327283
ENSG00000266916	-0.0255218259115939
ENSG00000267470	0.0236050153153575
ENSG00000171817	-0.220184677516575
ENSG00000120784	-0.0739088608317811
ENSG00000196381	0.0856833424167732
ENSG00000267319	-0.844987194802093
ENSG00000198182	-0.117320105181744
ENSG00000267640	0.279499638627166
ENSG00000275132	0.0311889058183058
ENSG00000011332	-0.128482879418214
ENSG00000167642	-0.0122962989216739
ENSG00000099337	-0.365826827472434
ENSG00000099338	-0.0920844263795387
ENSG00000099341	-0.175945757126328
ENSG00000179168	-0.203015652995767
ENSG00000188766	-0.143179996880527
ENSG00000130244	0.045268077027786
ENSG00000171777	0.0269247484737149
ENSG00000104814	-0.00311312455916207
ENSG00000104823	-0.0323637291878446
ENSG00000104824	0.00949329293997778
ENSG00000269688	0.179468811375491
ENSG00000187994	-0.0336762816130963
ENSG00000128626	-0.218940362852409
ENSG00000269486	0.328743487793177
ENSG00000269190	-0.179829562279985
ENSG00000183760	0.0846035331060394
ENSG00000130669	0.0204645649025033
ENSG00000128011	-0.000407206768062413
ENSG00000130755	0.02690054039851
ENSG00000063322	0.141805487171145
ENSG00000288919	0.340581969223382
ENSG00000128016	0.363764556632273
ENSG00000105197	-0.085018672001131
ENSG00000276445	-0.156412214363324
ENSG00000013275	-0.074197317066951
ENSG00000187187	-0.123848410535277
ENSG00000128000	0.0145143482490167
ENSG00000197782	-0.246562172968275
ENSG00000174521	-0.0585202022557765
ENSG00000105221	0.0911802237907524
ENSG00000105223	-0.000316448203986443
ENSG00000105227	0.37429770788921
ENSG00000167565	0.205090748884483
ENSG00000090013	-0.190856502875025
ENSG00000160410	0.158303573427401
ENSG00000090006	-0.122928437180133
ENSG00000105245	-0.0588856976074773
ENSG00000123815	-0.0980388596853497
ENSG00000086544	-0.16133170944343
ENSG00000188493	0.104735225372347
ENSG00000077312	-0.247610618637748
ENSG00000261857	-0.337665171381094
ENSG00000233622	-0.0171180870330512
ENSG00000279108	0.435857555157609
ENSG00000167600	0.439794399963494
ENSG00000105323	0.140596763963987
ENSG00000105329	0.147585158667647
ENSG00000286177	-0.0761984774801815
ENSG00000077348	-0.117931975054736
ENSG00000269800	0.369131027874237
ENSG00000270164	0.784162443402241
ENSG00000268027	0.0248337034829541
ENSG00000007129	-0.239445751425682
ENSG00000076928	0.315716084148781
ENSG00000105409	0.426466318841877
ENSG00000028277	-0.00376888453312864
ENSG00000160570	-0.122106727207137
ENSG00000167625	-0.21924535541896
ENSG00000105723	-0.0923329959190825
ENSG00000079432	-0.0412509752508333
ENSG00000079462	-0.264855599342523
ENSG00000188368	-0.177010170945248
ENSG00000079435	0.568306496756745
ENSG00000225877	0.24089339837367
ENSG00000204936	-0.571371203940783
ENSG00000176531	-0.0254030385111717
ENSG00000105755	-0.0937283487221263
ENSG00000073050	-0.089554138062326
ENSG00000167378	-0.0209407266284315
ENSG00000131116	-0.0512108830663771
ENSG00000011422	-0.0545884770944881
ENSG00000176222	0.182985813854972
ENSG00000278917	0.172175136445502
ENSG00000267058	1.09929307099895
ENSG00000124459	0.0553162070827751
ENSG00000277806	-0.381713966593404
ENSG00000266921	-0.0286383770170935
ENSG00000159882	-0.137283318308685
ENSG00000159885	0.0438000934510777
ENSG00000178386	0.0736025191670241
ENSG00000186026	-0.0771819523026931
ENSG00000267680	-0.119689267896057
ENSG00000186019	-0.141826367111385
ENSG00000256294	-0.019338009673578
ENSG00000263002	0.032714603484808
ENSG00000167380	0.182612106204293
ENSG00000131115	0.0159731275539503
ENSG00000062370	-0.0569058106103121
ENSG00000267508	-0.171984428186235
ENSG00000278318	-0.0598507801656984
ENSG00000073008	-0.264913418241912
ENSG00000069399	-0.0751777698400268
ENSG00000130202	0.105942613011641
ENSG00000130204	-0.179375074440686
ENSG00000130208	0.163772174238406
ENSG00000267467	-0.0174633141662497
ENSG00000234906	0.445904309781399
ENSG00000104856	0.0339607812634344
ENSG00000104866	-0.146978001011186
ENSG00000179846	-0.0658696654969196
ENSG00000007255	0.0649134633318988
ENSG00000189114	-0.0439891473929663
ENSG00000125740	0.268379953022617
ENSG00000125744	0.0440987756344105
ENSG00000125741	-0.0637128487499128
ENSG00000125746	0.181660918593261
ENSG00000010310	0.118097538476873
ENSG00000125743	-0.223950918163845
ENSG00000177045	0.0208217633475963
ENSG00000176182	-0.0971293983059837
ENSG00000008438	-0.197933116458593
ENSG00000268401	-0.334094196104666
ENSG00000204869	-0.146122238109187
ENSG00000268460	-0.0568556593970896
ENSG00000124440	0.573046160617638
ENSG00000011485	-0.0454365615424315
ENSG00000169515	0.330971874061099
ENSG00000182013	0.15540451165813
ENSG00000204851	0.0673751338631819
ENSG00000160013	-0.381318108948445
ENSG00000167414	0.391145651034954
ENSG00000197380	0.273046828008774
ENSG00000105287	0.105804821805723
ENSG00000181027	-0.0649580519055152
ENSG00000105281	-0.187447826114302
ENSG00000130751	0.158146506709326
ENSG00000142230	-0.128571902107395
ENSG00000134830	0.251348444718385
ENSG00000105419	0.0826262839322864
ENSG00000118162	-0.0888427510906518
ENSG00000268061	0.0129806589951525
ENSG00000105373	0.0526781799105247
ENSG00000178980	-0.0879094414075351
ENSG00000185453	-0.0971118756013078
ENSG00000105483	0.0160903346735938
ENSG00000268583	-0.454652050906345
ENSG00000268001	-0.192461965023326
ENSG00000142227	-0.374341156629756
ENSG00000161558	-0.137570022194948
ENSG00000105438	0.0131441519226487
ENSG00000105464	0.214956870669491
ENSG00000105447	-0.335734837488799
ENSG00000182324	-0.00124321080249806
ENSG00000142235	-0.0881983956254471
ENSG00000063177	-0.226889255289589
ENSG00000063176	0.13354721267957
ENSG00000063180	-0.390413591712708
ENSG00000142233	-0.190180681295084
ENSG00000176920	-0.0297564592430581
ENSG00000105552	-0.0955209030712515
ENSG00000105559	0.0123114810886608
ENSG00000104805	-0.0373980884331329
ENSG00000104808	-0.160286412537051
ENSG00000087088	-0.0389075107193511
ENSG00000267898	0.289629534724314
ENSG00000087086	0.0410132742825188
ENSG00000104812	0.193070197139916
ENSG00000183207	-0.135370173636225
ENSG00000104863	-0.0592260098576189
ENSG00000221916	-0.485500443557344
ENSG00000177380	-0.0567748539020449
ENSG00000130528	0.460681211001888
ENSG00000130529	0.0892546004818501
ENSG00000104894	0.698067155706912
ENSG00000074219	-0.117957194318912
ENSG00000161618	-0.143957581287745
ENSG00000142541	-0.0862983957170865
ENSG00000104870	0.416282133647462
ENSG00000142552	-0.0684440194789993
ENSG00000142546	-0.178188567345752
ENSG00000126456	0.162684528736643
ENSG00000126453	0.0202614923260709
ENSG00000126457	-0.117170404681152
ENSG00000224420	-0.302268134861235
ENSG00000169169	-0.0977649429990146
ENSG00000010361	-0.0559583943330436
ENSG00000104973	0.0790969906023177
ENSG00000268006	0.233380532785031
ENSG00000039650	-0.108488665077984
ENSG00000104946	0.111065785253202
ENSG00000104951	0.165196114052971
ENSG00000213024	-0.0960626394066963
ENSG00000169136	0.214785184484378
ENSG00000161643	0.138443626893866
ENSG00000105053	0.0454035921294448
ENSG00000267890	0.00335594223237882
ENSG00000131398	0.205944449009743
ENSG00000131408	-0.131977355454082
ENSG00000131401	0.50354782548855
ENSG00000131400	-0.0545805304491881
ENSG00000062822	-0.0644151100079241
ENSG00000142530	0.108040797650445
ENSG00000204653	0.0098034192002267
ENSG00000131409	0.0552140457386053
ENSG00000213023	0.0878190212085536
ENSG00000161681	0.471539022370575
ENSG00000167747	0.0622341133602781
ENSG00000279676	0.517251491859387
ENSG00000129437	0.00682521600021385
ENSG00000142544	-0.238181779368418
ENSG00000129450	-0.162086335678905
ENSG00000168995	-0.0978232408625304
ENSG00000267895	-0.257561783212988
ENSG00000268849	0.210069862004627
ENSG00000105383	0.0477755232233485
ENSG00000142549	0.259563548015502
ENSG00000186806	0.15784614921412
ENSG00000105366	0.810688903522385
ENSG00000105497	-0.0583116986263455
ENSG00000267808	-0.254723866196814
ENSG00000269959	-0.326573999425927
ENSG00000182310	-0.275682673401099
ENSG00000105509	-0.199018975375563
ENSG00000171051	-0.0600145645869549
ENSG00000187474	0.0927371701270345
ENSG00000161551	-0.0950210556463737
ENSG00000283236	0.213776595151249
ENSG00000269235	-0.0544609380094532
ENSG00000197619	-0.176276333977183
ENSG00000142556	-0.268476539658969
ENSG00000256087	0.0533863136372336
ENSG00000275055	0.11503018461417
ENSG00000260160	-0.280425166812719
ENSG00000204611	-0.0605505347964099
ENSG00000196267	-0.186023567627634
ENSG00000105568	-0.167735163733154
ENSG00000196214	0.0187836149392982
ENSG00000198464	-0.0874190966664358
ENSG00000167554	0.00563362442759017
ENSG00000221923	0.119452132267301
ENSG00000269834	0.304677016413639
ENSG00000167555	0.132223023459055
ENSG00000198633	-0.119467437586347
ENSG00000289102	-0.251079956740367
ENSG00000167766	0.232454073441284
ENSG00000268970	-0.0158496030754922
ENSG00000288953	-0.291999149649619
ENSG00000213020	-0.0364884004518837
ENSG00000189190	-0.152079081087121
ENSG00000198538	-0.0284376943072858
ENSG00000204604	-0.246075580019521
ENSG00000182986	0.063453772432779
ENSG00000213793	-0.178731516261203
ENSG00000180257	-0.0499220257506226
ENSG00000170954	0.165947519034805
ENSG00000197937	0.0636612377013545
ENSG00000267809	0.371283816685612
ENSG00000197928	0.113144582894695
ENSG00000213799	-0.097700862482016
ENSG00000241015	0.0754256739102733
ENSG00000160336	-0.216562448526245
ENSG00000126583	-0.243121041124333
ENSG00000105605	0.299935748478994
ENSG00000142408	-0.0884650822282447
ENSG00000170909	0.171724731569793
ENSG00000105619	0.0476485637389398
ENSG00000105618	-0.121379434891138
ENSG00000088038	-0.0696571230480545
ENSG00000105617	0.0164635349441187
ENSG00000170892	0.132237056661565
ENSG00000204577	-0.398890431365025
ENSG00000235081	-0.200480492243671
ENSG00000244482	-0.483115667391348
ENSG00000105609	-0.0873783470270938
ENSG00000131042	0.176167242185676
ENSG00000187116	-0.0635542109744262
ENSG00000239961	0.766763625911853
ENSG00000167613	0.421702853613161
ENSG00000167614	0.283327426481403
ENSG00000268496	0.239213633747815
ENSG00000267838	-0.282876991289469
ENSG00000275183	-0.178200764190719
ENSG00000167617	-0.333654517225489
ENSG00000239998	0.227067285662503
ENSG00000104972	0.298194539595179
ENSG00000186818	0.653230952641114
ENSG00000225370	0.513982172072398
ENSG00000125503	0.00376347634985249
ENSG00000287170	-0.137534942182703
ENSG00000129990	0.154285413569897
ENSG00000160469	0.00487452680420077
ENSG00000133247	-0.282736929458742
ENSG00000095752	-0.0358662359230193
ENSG00000187902	0.195383096955885
ENSG00000063241	-0.068874087300354
ENSG00000197483	0.00770534984032018
ENSG00000179943	0.0264236932759053
ENSG00000171443	-0.143061183848277
ENSG00000171425	0.0044359709531831
ENSG00000173581	-0.0322693057419749
ENSG00000267523	0.0904914469461592
ENSG00000267117	-0.0495129334904601
ENSG00000279959	-0.156713594599812
ENSG00000266932	-0.280435159442758
ENSG00000285996	0.152326381204317
ENSG00000267192	-0.0144455737732602
ENSG00000267454	-0.101189302998482
ENSG00000198046	-0.0377057520200582
ENSG00000196263	0.229312234117084
ENSG00000267421	-0.0640761001849027
ENSG00000269696	-0.0148324286521638
ENSG00000197016	0.0315676394009719
ENSG00000197951	-0.0964143036880032
ENSG00000127903	-0.277816958094977
ENSG00000198300	0.386217500105129
ENSG00000083844	-0.0884133981860375
ENSG00000105146	0.41851596856785
ENSG00000197714	-0.0327896338474816
ENSG00000279541	-0.662686816348357
ENSG00000288899	-0.391506257874072
ENSG00000178229	-0.0586246321085927
ENSG00000268678	-0.245925559810064
ENSG00000256060	-0.241293704189932
ENSG00000186272	0.0758731855927633
ENSG00000197128	-0.103759012866897
ENSG00000105136	-0.000693179092086118
ENSG00000152439	0.200288515469599
ENSG00000251369	-0.147717416700874
ENSG00000171649	0.00440455889530581
ENSG00000183647	-0.15378492967151
ENSG00000204519	-0.0615851754809928
ENSG00000152443	-0.0597043253110536
ENSG00000204514	-0.0331453607403236
ENSG00000198466	0.320809483204061
ENSG00000152454	0.11998398925455
ENSG00000243234	0.0847465941955217
ENSG00000177025	-0.106571732424269
ENSG00000166704	-0.0213507152221347
ENSG00000176593	0.0579602893452196
ENSG00000152467	-0.105499595128106
ENSG00000268660	-0.0897859689281497
ENSG00000176293	0.0850730602328012
ENSG00000121413	0.0991786091896889
ENSG00000269236	-0.250111275792637
ENSG00000268516	-0.122371500564563
ENSG00000283103	0.17547829745462
ENSG00000269054	-0.0559680103396593
ENSG00000152475	-0.0311733123370879
ENSG00000268307	0.291479667889738
ENSG00000171574	-0.0737077546740335
ENSG00000232098	0.0543273653143804
ENSG00000131849	0.0433745869117776
ENSG00000249471	0.0787429997418518
ENSG00000083838	0.0283311558358579
ENSG00000083807	-0.0529630134010176
ENSG00000130724	-0.148929190849841
ENSG00000130725	-0.00392671461458547
ENSG00000099326	0.0159643215194061
ENSG00000247315	-0.126467702629759
ENSG00000286158	-0.264028571041591
ENSG00000225377	0.0504572627203768
ENSG00000177732	-0.0815273041680497
ENSG00000101255	-0.416587953600162
ENSG00000125826	0.265748080897772
ENSG00000125875	-0.0102466717245997
ENSG00000271303	0.0375623840877546
ENSG00000101276	-0.120260796374331
ENSG00000125818	0.147833518252111
ENSG00000125775	-0.0420845840136366
ENSG00000088832	-0.20210897679163
ENSG00000088833	-0.0583385205014776
ENSG00000196209	0.14099581448708
ENSG00000276649	0.18431316514182
ENSG00000198053	0.0196691176508006
ENSG00000125835	-0.242914502218358
ENSG00000101361	-0.188757601579944
ENSG00000101365	0.0400210975866202
ENSG00000228293	-0.0889480522759992
ENSG00000088881	0.0536677550971689
ENSG00000088882	-0.392798157665832
ENSG00000132635	0.164218610627372
ENSG00000215305	-0.025496977020854
ENSG00000132670	0.0209548516436819
ENSG00000101200	0.806897372671461
ENSG00000185019	-0.117647516304656
ENSG00000215251	0.0470798908041446
ENSG00000289183	0.0424371967928828
ENSG00000198171	-0.0251512894335055
ENSG00000289494	0.250772698253265
ENSG00000125877	-0.31308634236817
ENSG00000088827	0.510928182536136
ENSG00000275582	0.601887007536357
ENSG00000101236	-0.064089552922377
ENSG00000226608	-0.158984216894825
ENSG00000088826	0.133321279164751
ENSG00000089057	0.0207141996663493
ENSG00000276768	-0.227636167876219
ENSG00000132646	-0.124733663470833
ENSG00000125772	0.61931835820284
ENSG00000089195	-0.149789384898928
ENSG00000125885	-0.108111689638143
ENSG00000088766	-0.0674282148278873
ENSG00000125845	0.185292810783366
ENSG00000132639	-0.271975373195171
ENSG00000289505	0.226681722308348
ENSG00000132640	0.0797776951705302
ENSG00000089006	0.123819345111727
ENSG00000125871	0.00551002075661684
ENSG00000149474	-0.142847030891477
ENSG00000132664	-0.143824625994381
ENSG00000232388	0.00205131503717289
ENSG00000125821	-0.0499934138486501
ENSG00000273148	-0.00342711523200813
ENSG00000268628	0.269586107266397
ENSG00000132669	0.00147859170627094
ENSG00000173418	-0.125000564903719
ENSG00000101343	-0.0569686104094626
ENSG00000173404	0.208818676969894
ENSG00000088970	0.0578724803100066
ENSG00000214535	-0.785780673794697
ENSG00000275457	-0.23285775457718
ENSG00000088930	-0.0742903229753198
ENSG00000225280	-0.0176941134624079
ENSG00000278041	0.706497295298444
ENSG00000125820	-0.0734223675850774
ENSG00000259974	0.329937528781022
ENSG00000125798	0.47250128467268
ENSG00000178726	-0.413838783372664
ENSG00000125810	-0.169248307180283
ENSG00000101439	0.417019127081095
ENSG00000225056	0.0813680599146879
ENSG00000077984	-0.251591721967099
ENSG00000101474	0.0226307843956469
ENSG00000154930	0.0627070144173477
ENSG00000275358	0.414967280996148
ENSG00000100987	0.309436562863735
ENSG00000100994	-0.0107908438746482
ENSG00000100997	0.0639465922238768
ENSG00000170191	-0.0665430451114295
ENSG00000278383	0.17320368373364
ENSG00000283020	0.371298923049651
ENSG00000238151	-0.203496689715602
ENSG00000101294	-0.0440016111789043
ENSG00000131055	0.245067684323604
ENSG00000171552	-0.244543370080376
ENSG00000101306	0.0238440889642748
ENSG00000149599	0.142042225903956
ENSG00000131044	0.0527067965340146
ENSG00000088356	-0.328165638862018
ENSG00000101336	0.0517502390302247
ENSG00000101337	0.0725345275550124
ENSG00000235217	-0.0408570182686725
ENSG00000126003	-0.0903979434754159
ENSG00000101346	-0.00188098390538281
ENSG00000101350	0.15582750339749
ENSG00000197183	0.089904501747569
ENSG00000101367	0.261746754897444
ENSG00000101391	0.00859958872974627
ENSG00000101400	0.201572082418733
ENSG00000078699	-0.0474519739370222
ENSG00000275223	-0.393329021518418
ENSG00000125967	-0.0916598067825256
ENSG00000101412	0.0899407863155013
ENSG00000101417	-0.0553090174625931
ENSG00000131061	-0.14170421723134
ENSG00000101421	0.00830275773487843
ENSG00000287853	-0.213332365950669
ENSG00000101460	-0.151639368046873
ENSG00000198646	-0.108064966766031
ENSG00000131067	0.0300454310335514
ENSG00000131069	0.00276573014190145
ENSG00000100983	-0.00828654571492111
ENSG00000088298	-0.013460361627375
ENSG00000242372	-0.197192976500154
ENSG00000125991	-0.0706457775031799
ENSG00000214078	-0.0924004824618949
ENSG00000244462	0.203793411784186
ENSG00000244005	-0.0559646482096647
ENSG00000125995	-0.0126775075461316
ENSG00000131051	0.0158363159884754
ENSG00000025293	-0.0166485608591705
ENSG00000171222	0.0153200184728668
ENSG00000260032	0.0339990270832607
ENSG00000088367	0.117361515160167
ENSG00000232406	0.0818741235706209
ENSG00000131043	-0.0599677738173306
ENSG00000080845	-0.0904970987859905
ENSG00000118707	0.0555732625611088
ENSG00000101084	0.0485016728383722
ENSG00000149639	0.121070003110878
ENSG00000101347	0.32899505577857
ENSG00000118705	-0.0202967500565063
ENSG00000101363	-0.149106915813283
ENSG00000235044	0.114354637339554
ENSG00000132792	-0.0503974745442266
ENSG00000132821	0.399267998723743
ENSG00000101407	-0.0843073449674339
ENSG00000101413	0.0156012273977415
ENSG00000198959	0.213249478451136
ENSG00000277829	0.513605974706682
ENSG00000196756	0.0838807874140127
ENSG00000174365	-0.0322145087320519
ENSG00000101438	1.38649011061396
ENSG00000101445	0.13666463927134
ENSG00000204103	-0.107548806214173
ENSG00000198900	-0.0415346228913169
ENSG00000124181	0.105055913385382
ENSG00000174306	0.0248928786629615
ENSG00000101052	-0.090200577669948
ENSG00000124191	-0.0415033327232821
ENSG00000132823	-0.0758554261796994
ENSG00000223891	-0.15231471182393
ENSG00000124120	-0.0607617300315878
ENSG00000132824	0.153859595740021
ENSG00000168734	-0.073139976957602
ENSG00000196839	-0.0651579993834071
ENSG00000283440	0.170043323664059
ENSG00000124249	-0.229292148128889
ENSG00000101098	-0.00395894930481747
ENSG00000166913	-0.258505539100764
ENSG00000101104	-0.00936044416174208
ENSG00000025772	-0.363290990903557
ENSG00000101109	-0.0660851626022958
ENSG00000124102	-0.3818456226012
ENSG00000124145	0.576628115201007
ENSG00000275894	0.570482946443296
ENSG00000204070	-0.0388710075823317
ENSG00000124251	0.0956451991324699
ENSG00000277022	0.418391633473956
ENSG00000101443	-0.0229520610555603
ENSG00000101457	-0.113470566952479
ENSG00000124104	0.0281877985677753
ENSG00000168612	-0.0892429673269927
ENSG00000149634	0.187895246836621
ENSG00000124257	-0.391712836048628
ENSG00000100979	0.363120103608464
ENSG00000285796	-0.0105151565811693
ENSG00000100982	-0.00981232841570234
ENSG00000100985	-0.346103916508549
ENSG00000124140	0.0417026763589559
ENSG00000124160	-0.0217424913673645
ENSG00000101017	0.259623718338364
ENSG00000080189	0.0636863772828621
ENSG00000062598	-0.0757528518262401
ENSG00000198185	-0.0163157901500569
ENSG00000273893	-0.123943182106581
ENSG00000172315	-0.0377947819033532
ENSG00000197496	-0.0970283985215168
ENSG00000101040	-0.00839349587838556
ENSG00000124126	0.202317281483378
ENSG00000124214	-0.028836580205984
ENSG00000158470	-0.235932007102261
ENSG00000197818	0.0604615736062904
ENSG00000158480	0.0394833679218253
ENSG00000124216	0.0301904660705993
ENSG00000172216	-0.166948226224218
ENSG00000196396	-0.0141626838460681
ENSG00000000419	-0.2022033754385
ENSG00000124217	-0.244439248487111
ENSG00000171940	-0.0244532097344553
ENSG00000124098	-0.0326227417626125
ENSG00000022277	0.0212335686781053
ENSG00000288946	-0.0644447739884208
ENSG00000101146	-0.239954645867858
ENSG00000132819	0.141349109722626
ENSG00000124225	0.230755463962926
ENSG00000278709	0.238588473774945
ENSG00000124222	0.225829994746463
ENSG00000215440	0.1543528798484
ENSG00000101160	0.145014817493601
ENSG00000124205	0.58217667572342
ENSG00000087495	0.0387730326449382
ENSG00000238194	0.285528350726765
ENSG00000286232	0.0454741474790026
ENSG00000130699	-0.101591878052834
ENSG00000283078	0.0167570209785175
ENSG00000101182	-0.118330924151353
ENSG00000101180	-0.00324786127110756
ENSG00000130703	-0.0550253049026605
ENSG00000130706	-0.210216693073335
ENSG00000226332	-0.104699388415691
ENSG00000130702	0.09231422972657
ENSG00000101187	0.101984749770136
ENSG00000276317	-0.0349542464386659
ENSG00000232803	-0.101840075466061
ENSG00000101188	0.126698680832764
ENSG00000101191	-0.0110677033547278
ENSG00000101193	-0.0836944989819903
ENSG00000101194	-0.267176063981875
ENSG00000225978	0.28733082714908
ENSG00000149658	-0.192562882925195
ENSG00000273821	0.153132201249318
ENSG00000101198	-0.0150102011114566
ENSG00000101203	0.268631069890777
ENSG00000101204	0.0992078898382427
ENSG00000075043	-0.202957957505017
ENSG00000101210	0.0655415133961432
ENSG00000125534	0.363608194349987
ENSG00000101213	0.187522070727276
ENSG00000130589	0.593471295730689
ENSG00000101216	-0.121515629765837
ENSG00000232442	-0.0717245965662625
ENSG00000243509	-0.510979324029712
ENSG00000203896	-0.136803942981564
ENSG00000125520	0.114171923042929
ENSG00000268858	0.219825827949379
ENSG00000171700	0.0676745053353204
ENSG00000196132	0.0552373269496897
ENSG00000203880	0.0993949912251803
ENSG00000277117	-0.399580779225628
ENSG00000275464	0.013127259063795
ENSG00000280433	-0.287954732193711
ENSG00000275993	0.371834248125932
ENSG00000279414	-0.402323305464953
ENSG00000188681	0.158450939606329
ENSG00000228600	0.217268865518322
ENSG00000180530	0.0522922092448741
ENSG00000154640	0.106438931004023
ENSG00000154642	0.118071821602826
ENSG00000198618	-0.353764751996969
ENSG00000224924	-0.0411134705424915
ENSG00000154654	-0.0898949502939213
ENSG00000260583	-0.27594674755384
ENSG00000154719	-0.0795179003697587
ENSG00000154721	0.328393859829583
ENSG00000287109	-0.120483771359324
ENSG00000154727	-0.18199271914491
ENSG00000142192	0.127882563121229
ENSG00000156239	0.0520153443134063
ENSG00000176054	0.0723604029860887
ENSG00000156256	0.097564077264344
ENSG00000156261	-0.344072698351524
ENSG00000174680	0.211217430084778
ENSG00000142168	-0.021286334424135
ENSG00000166979	-0.0522086684221441
ENSG00000159079	-0.148028268790058
ENSG00000238197	0.142277972448153
ENSG00000159086	-0.0968924666450896
ENSG00000205929	0.0539729467859359
ENSG00000205927	0.864312460796702
ENSG00000184221	0.5821641377214
ENSG00000223799	0.132433864604563
ENSG00000142166	-0.0256820964837539
ENSG00000159128	-0.120265810665616
ENSG00000231355	-0.397204712488904
ENSG00000177692	-0.229889392694384
ENSG00000159131	-0.115282954660623
ENSG00000159147	-0.101021705011818
ENSG00000243927	-0.247439816484745
ENSG00000189089	-0.0809969600464592
ENSG00000159231	-0.102703317915681
ENSG00000214867	-0.355174595124009
ENSG00000159256	-0.263130295004271
ENSG00000231324	-0.0703614230066256
ENSG00000185808	0.118767567074734
ENSG00000182670	0.0507768303789073
ENSG00000270116	-0.226905219559259
ENSG00000242553	-0.638567708582367
ENSG00000272948	-0.463424650107422
ENSG00000289404	-0.308156211184056
ENSG00000157557	0.376719850897318
ENSG00000183527	0.0241998764257129
ENSG00000205581	0.231308091105599
ENSG00000182240	-0.238230349908306
ENSG00000183486	0.387648690030985
ENSG00000157601	0.360168389697777
ENSG00000141956	-0.108298742013701
ENSG00000173276	-0.178562232760767
ENSG00000160179	0.178266259207478
ENSG00000160183	-0.224072622900022
ENSG00000235023	0.131326503383064
ENSG00000160193	-0.182057901481219
ENSG00000160199	-0.0680023882232797
ENSG00000160200	-0.00378580491419645
ENSG00000160208	-0.128856587828128
ENSG00000160213	-0.0389144580256015
ENSG00000160214	-0.275842384701629
ENSG00000226543	0.539301689966473
ENSG00000160216	0.0221928731471161
ENSG00000160218	0.0244159186281896
ENSG00000237604	0.00555809333618489
ENSG00000160224	-0.255859736986684
ENSG00000141959	0.184988647885326
ENSG00000160226	-0.106943897719656
ENSG00000184441	0.140933229837351
ENSG00000142185	-0.00755635813506594
ENSG00000183255	-0.0430316333176092
ENSG00000289009	-0.16830395093373
ENSG00000160255	0.187904066958248
ENSG00000227039	0.149686469136634
ENSG00000183250	-0.160986919860808
ENSG00000160256	-0.132627419280872
ENSG00000197381	-0.11411159881704
ENSG00000223768	0.0124810447277778
ENSG00000182871	0.0214206782432312
ENSG00000173638	0.256719065545612
ENSG00000160282	-0.170245915262593
ENSG00000160284	-0.343502597549177
ENSG00000160285	0.0430007097274271
ENSG00000160294	0.0352095275157192
ENSG00000239415	-0.0934697469185451
ENSG00000160298	-0.129997880459738
ENSG00000160310	-0.0575328568979852
ENSG00000177663	-0.0880854938937313
ENSG00000069998	-0.0332660152048523
ENSG00000099954	0.170370967487747
ENSG00000182902	0.013427544752235
ENSG00000236754	-0.0244938159148014
ENSG00000099968	0.19510565094935
ENSG00000243156	0.0118006575805507
ENSG00000184979	0.346019607623293
ENSG00000100033	0.290922706261203
ENSG00000286025	-0.111496879412987
ENSG00000273311	0.305720356336304
ENSG00000070371	0.0432593611539296
ENSG00000242259	-0.0553255267105435
ENSG00000185608	0.0906335078855708
ENSG00000185065	-0.067843869104928
ENSG00000070010	-0.181995803232505
ENSG00000287652	0.134942518980419
ENSG00000184113	0.57857939055028
ENSG00000184702	-0.288249457391423
ENSG00000184470	-0.115853987873308
ENSG00000093010	0.154936508534158
ENSG00000099901	-0.206788098714851
ENSG00000234409	0.0166763670776512
ENSG00000128185	-0.136506683309915
ENSG00000185252	-0.265144580857719
ENSG00000236670	-0.206210857449819
ENSG00000099917	-0.0063190329193209
ENSG00000226287	-0.285012083229234
ENSG00000099940	-0.0637794919467995
ENSG00000099942	-0.00855067607480946
ENSG00000237476	-0.0709544910886454
ENSG00000099949	0.0662718802158219
ENSG00000184436	-0.309995006054647
ENSG00000099957	-0.204079060415267
ENSG00000099960	-0.136668773580947
ENSG00000206145	-0.0146208221389149
ENSG00000185651	-0.065320175958972
ENSG00000128228	-0.579422979888902
ENSG00000279278	-0.251222089184536
ENSG00000274422	-0.590299868434623
ENSG00000211644	-0.197293176300863
ENSG00000211653	-0.194901552001137
ENSG00000211662	-0.0162943998248951
ENSG00000211668	0.0983402585194303
ENSG00000278196	-0.0424418399339483
ENSG00000211675	0.422017554063875
ENSG00000211677	-0.198019170419935
ENSG00000211679	-0.313185115614419
ENSG00000128266	0.0648689869562842
ENSG00000283438	0.545523567367257
ENSG00000100228	-0.149576521625105
ENSG00000128218	0.0715430135731288
ENSG00000099956	-0.12977625915454
ENSG00000272973	-0.856131242247714
ENSG00000244425	0.360752469356293
ENSG00000273295	-0.39140683403397
ENSG00000133433	0.708683795965194
ENSG00000099998	0.106713551636024
ENSG00000128262	-0.0616773201607664
ENSG00000100028	0.206181632384754
ENSG00000178026	0.177360540866247
ENSG00000100031	0.119436585892846
ENSG00000197077	-0.0977380349185239
ENSG00000272977	-0.127589146086925
ENSG00000100077	0.0811113807780854
ENSG00000100099	-0.0609736842523067
ENSG00000100109	-0.0478135308811915
ENSG00000128294	-0.186127418586738
ENSG00000180957	-0.171004695553549
ENSG00000235954	-0.0731109359548558
ENSG00000100209	-0.292259991301127
ENSG00000159873	-0.508167371838928
ENSG00000100219	-0.381905991604821
ENSG00000183579	0.0251527926739577
ENSG00000100249	0.386695708677485
ENSG00000183762	-0.0238804801932149
ENSG00000186998	-0.0946497163854801
ENSG00000100263	-0.293539105715986
ENSG00000100276	0.433194817459606
ENSG00000100280	0.0515820491150989
ENSG00000100314	-0.0122633860359259
ENSG00000100319	-0.111501648440266
ENSG00000100325	-0.00170258856669239
ENSG00000100330	-0.0855536561584293
ENSG00000227201	0.26906904331746
ENSG00000128342	-1.01880193491848
ENSG00000268812	-0.119328013029486
ENSG00000099985	0.0523438224706568
ENSG00000279699	0.505600850761209
ENSG00000239282	0.316875301770649
ENSG00000099992	0.0795686401100292
ENSG00000099995	0.23164891754106
ENSG00000099999	-0.101419233726085
ENSG00000100003	0.275628406986944
ENSG00000273350	-0.106141001212352
ENSG00000214491	0.0929584926265763
ENSG00000100029	-0.167843690781553
ENSG00000185339	0.527791933857252
ENSG00000100036	-0.203954873435147
ENSG00000167065	-0.222290816113043
ENSG00000250318	-0.343896418568473
ENSG00000133422	-0.198147387132662
ENSG00000253352	0.157712197009494
ENSG00000273387	0.276559472705074
ENSG00000198832	-0.203268530071133
ENSG00000185133	0.0444660148506626
ENSG00000138942	-0.039129833216987
ENSG00000182541	-0.0473257162317204
ENSG00000100100	0.124552343138437
ENSG00000100105	0.0996670163882601
ENSG00000241878	-0.121801393247001
ENSG00000128245	-0.317135133128743
ENSG00000232346	-0.196798813490567
ENSG00000273325	-0.672689753689479
ENSG00000100220	0.061043589187161
ENSG00000100234	0.334002755971124
ENSG00000100281	-0.00783689683753871
ENSG00000100292	0.124519979151497
ENSG00000100302	0.162684894606047
ENSG00000221963	0.0827790162153555
ENSG00000279805	0.0921597562856596
ENSG00000128284	0.277323706694475
ENSG00000100336	-0.0119630915138806
ENSG00000128335	0.0070312533829133
ENSG00000100342	-0.10328068975547
ENSG00000100348	0.0812265972885736
ENSG00000100353	-0.0383102522651044
ENSG00000100360	-0.145048337285454
ENSG00000100365	-0.0410532124073182
ENSG00000100368	0.166196857750156
ENSG00000128309	0.0944728086309622
ENSG00000287236	-0.280206435054457
ENSG00000133466	0.118584978285467
ENSG00000128340	-0.292173187267249
ENSG00000100055	0.389802435541371
ENSG00000100060	-0.244217144487229
ENSG00000100092	0.245129316029377
ENSG00000241360	0.038441783735087
ENSG00000100097	0.133599816160201
ENSG00000273899	-0.238205911097227
ENSG00000189060	0.587068064323238
ENSG00000100124	-0.143629666795537
ENSG00000100129	0.116051636566858
ENSG00000100139	0.00979620977497307
ENSG00000272582	-0.00724124102314583
ENSG00000100146	0.486531564654774
ENSG00000273214	0.473616941824611
ENSG00000100151	-0.182915351107045
ENSG00000100156	0.389564163688693
ENSG00000128298	0.150716968812167
ENSG00000272720	0.293563945751174
ENSG00000184381	-0.00594258553294889
ENSG00000185022	-0.260893734840065
ENSG00000213923	0.0411224149838095
ENSG00000244627	-0.026527697044944
ENSG00000100201	0.153598237747425
ENSG00000100211	-0.213382954620864
ENSG00000228274	0.000714134390115766
ENSG00000100216	-0.0577964589622527
ENSG00000100226	0.142144381981791
ENSG00000273096	-0.0259919051498664
ENSG00000273076	-0.146382300753524
ENSG00000100246	-0.132565842069249
ENSG00000221890	-0.0074148025142313
ENSG00000183741	-0.198989301682616
ENSG00000128383	0.0772692998017385
ENSG00000244509	0.205369946319459
ENSG00000128394	0.0857160025511808
ENSG00000279833	0.153402542757142
ENSG00000100316	-0.206528863629701
ENSG00000100321	-0.029521555620161
ENSG00000128268	0.0573228921774443
ENSG00000227188	-0.0333761903520697
ENSG00000100335	0.108922677587897
ENSG00000128272	-0.23390924891966
ENSG00000100354	-0.0915518274174293
ENSG00000239900	-0.125532649959377
ENSG00000100359	0.00563519049468088
ENSG00000196588	-0.0647927357975048
ENSG00000128285	0.226046431847431
ENSG00000100372	-0.171402713175688
ENSG00000196236	-0.0566773886348699
ENSG00000100387	-0.0744613108208188
ENSG00000100395	-0.0823869014690722
ENSG00000235513	0.0692028008325771
ENSG00000100401	-0.241302572669948
ENSG00000100403	0.0569361876736353
ENSG00000167074	-0.189379454234566
ENSG00000273424	0.131322247667453
ENSG00000183864	-0.0164010683394844
ENSG00000100417	-0.0446431256109932
ENSG00000196419	-0.0857138426721604
ENSG00000184208	0.208675960977629
ENSG00000100147	0.0422397435157343
ENSG00000159958	0.473926326719412
ENSG00000205704	-0.0791657858278543
ENSG00000100167	0.281306515246477
ENSG00000198951	0.252929419575635
ENSG00000177096	-0.0681543239211705
ENSG00000100207	-0.0877519286293477
ENSG00000229891	-0.0119208076762749
ENSG00000235568	0.0953094381998638
ENSG00000189306	-0.279392466229664
ENSG00000183569	-0.293591357144365
ENSG00000100227	-0.122136998417963
ENSG00000100243	0.086656445546712
ENSG00000242247	0.0426172471299568
ENSG00000100266	0.0572615585569642
ENSG00000100294	-0.153952237748012
ENSG00000100300	-0.186882281636367
ENSG00000159307	0.00480133371521733
ENSG00000186732	-0.123560783572862
ENSG00000261251	-0.0580661415406327
ENSG00000130540	0.094792013327836
ENSG00000188677	-0.0334859393834256
ENSG00000138964	0.257639280775551
ENSG00000279933	0.782191420240892
ENSG00000138944	0.174662759418581
ENSG00000188636	0.451956156913268
ENSG00000186654	-0.0887134583833702
ENSG00000056487	-0.0401223072101372
ENSG00000226328	-0.1878854086881
ENSG00000273353	-0.637977281126868
ENSG00000100364	0.0133555249937094
ENSG00000273287	-0.459575816336224
ENSG00000273145	0.369099194413798
ENSG00000235159	0.19380454487933
ENSG00000186951	0.0937920806875567
ENSG00000205643	-0.0903082485701196
ENSG00000130943	0.0498199055964209
ENSG00000277232	0.0721592332673149
ENSG00000075240	-0.177117731058096
ENSG00000205632	0.250325122469438
ENSG00000286381	0.130968783328508
ENSG00000235111	0.0951189876190771
ENSG00000279345	-0.185880531070666
ENSG00000100426	-0.189875652799139
ENSG00000184164	-0.28030007576136
ENSG00000198355	-0.12957416835755
ENSG00000100427	0.117825034292386
ENSG00000073150	0.469075982938998
ENSG00000170638	-0.0118168238028908
ENSG00000196576	0.0756785164429927
ENSG00000128165	-0.0011828302579523
ENSG00000025770	-0.0959515500621907
ENSG00000284194	0.56125544844403
ENSG00000025708	0.359725640235211
ENSG00000177989	0.297933740812642
ENSG00000130487	0.211141858570731
ENSG00000205560	0.220448136765098
ENSG00000100288	0.0413262577196708
ENSG00000205559	0.0811744876184446
ENSG00000008735	-0.0323209912875596
ENSG00000184319	-0.142347642798421
ENSG00000198223	0.368738819645049
ENSG00000185291	-0.0615943598795178
ENSG00000169100	-0.0241557930908833
ENSG00000169093	0.0290130304404616
ENSG00000214717	0.04950218475028
ENSG00000002586	0.0554296651615403
ENSG00000006756	0.167795302235434
ENSG00000228459	0.329076975242339
ENSG00000183943	0.269064701282909
ENSG00000006757	0.0685066419093722
ENSG00000101849	-0.0391434244024523
ENSG00000101850	0.0720486854222517
ENSG00000047644	-0.0204848803251717
ENSG00000073464	-0.0908274826646724
ENSG00000196664	0.149240746886122
ENSG00000101916	0.0236943612296222
ENSG00000288817	-0.236952553188543
ENSG00000197582	-0.952946678143537
ENSG00000176896	-0.0493688954952298
ENSG00000123595	0.0453269633074213
ENSG00000046651	0.115996095749849
ENSG00000046647	0.240696978448129
ENSG00000165195	-0.0682502739586059
ENSG00000169239	0.00759720708564624
ENSG00000169249	-0.055544806213372
ENSG00000047230	0.0170228602334203
ENSG00000169895	0.106307215639269
ENSG00000102054	-0.0272625321795248
ENSG00000047634	-0.0361329725335667
ENSG00000044446	0.0764031305578888
ENSG00000147010	0.022662488436303
ENSG00000173681	0.00174107394625937
ENSG00000174028	0.0913148452648703
ENSG00000165186	-0.299586142017676
ENSG00000226774	0.245738767265688
ENSG00000123131	-0.0771759797782101
ENSG00000123130	-0.0887234912660063
ENSG00000130066	0.450246092627499
ENSG00000130741	-0.201400677145057
ENSG00000005889	-0.0861048274663252
ENSG00000223731	0.00157234816782727
ENSG00000102230	0.0297149434967867
ENSG00000227393	0.254362526956751
ENSG00000120280	0.0788882794199567
ENSG00000226781	-0.139217347756492
ENSG00000147027	-0.105867627350491
ENSG00000219186	0.162581971891885
ENSG00000165168	0.350754035664135
ENSG00000165169	-0.0923346753077581
ENSG00000101955	0.171782388877715
ENSG00000156313	-0.0368538576067407
ENSG00000223486	-0.0628743685451406
ENSG00000183337	-0.0363285484434687
ENSG00000288856	-0.00654652306979856
ENSG00000185753	0.0411965509292791
ENSG00000180182	0.0316047468893834
ENSG00000215301	0.171288871022756
ENSG00000171659	0.578398423196446
ENSG00000189221	0.304981881849167
ENSG00000124479	-0.142843037354612
ENSG00000147113	0.156032446760029
ENSG00000270069	-0.041341577636669
ENSG00000147121	-0.028521384892147
ENSG00000147119	0.107056134700816
ENSG00000102221	-0.0682255071214324
ENSG00000130988	0.33867106712295
ENSG00000224975	0.726922456804305
ENSG00000147124	-0.0642206302548033
ENSG00000196741	-0.309328470789908
ENSG00000008056	-0.0428195359586333
ENSG00000102265	-0.40672601910513
ENSG00000126756	-0.0699427025153184
ENSG00000147118	-0.0204295606074643
ENSG00000221994	-0.0026403593614145
ENSG00000287757	0.0976757254000357
ENSG00000068438	-0.196595622602577
ENSG00000147155	-0.151628318647268
ENSG00000068354	0.0114501878489824
ENSG00000102317	0.060588698977139
ENSG00000101940	-0.0873400073829351
ENSG00000101945	-0.0435857100834732
ENSG00000233585	0.418624965260421
ENSG00000102103	-0.200574289333987
ENSG00000126768	-0.0455873480648783
ENSG00000102100	0.00421103676339644
ENSG00000102057	0.256011587081973
ENSG00000068400	0.0316094553581998
ENSG00000068323	0.155175085277564
ENSG00000196998	-0.0842380786893728
ENSG00000068394	0.139213566677134
ENSG00000269313	-0.201925226179546
ENSG00000102007	-0.379870591018201
ENSG00000012211	0.00238854788549413
ENSG00000102003	0.0409740598449199
ENSG00000230216	-0.294767923936468
ENSG00000101997	-0.129537905713195
ENSG00000049768	-0.0369319351985811
ENSG00000234390	-0.0508941530533207
ENSG00000273820	0.113959112049274
ENSG00000179222	0.0448983444037287
ENSG00000184194	0.200433210806018
ENSG00000184205	-0.00475340597228788
ENSG00000232593	-0.139508350040583
ENSG00000072501	0.136380143000655
ENSG00000072506	0.0105529510550488
ENSG00000184083	-0.0514533280908725
ENSG00000158526	0.217443697447201
ENSG00000067445	0.113527573976102
ENSG00000169188	-0.144546359735735
ENSG00000158578	-0.177804040890292
ENSG00000182518	0.19366976656959
ENSG00000247746	0.152118821005955
ENSG00000198205	-0.126095128605622
ENSG00000102053	-0.0136587483758683
ENSG00000001497	0.103985269446564
ENSG00000155659	0.358946224226869
ENSG00000089472	0.302619875454373
ENSG00000131080	-0.0112602223130414
ENSG00000260118	0.410262738911072
ENSG00000228328	-0.00990319396726221
ENSG00000130052	0.348805668401429
ENSG00000090776	-0.304188794618304
ENSG00000089289	-0.0155578971409388
ENSG00000130055	0.330433737149767
ENSG00000184481	0.119687805064582
ENSG00000147168	0.0509445309650059
ENSG00000196338	0.321101696915828
ENSG00000147133	0.00563844569079217
ENSG00000147162	0.156349007524993
ENSG00000147174	-0.164393859790614
ENSG00000125931	-0.188528066698811
ENSG00000067177	0.177420999422489
ENSG00000186288	0.0876359909923409
ENSG00000204118	-0.0593987879451339
ENSG00000186462	-0.234540274066839
ENSG00000234969	-0.142330459087942
ENSG00000271533	-0.387324648892212
ENSG00000131269	-0.126057158341278
ENSG00000235447	0.443996867972301
ENSG00000102144	-0.114215983581839
ENSG00000147145	-0.148908482171586
ENSG00000165288	-0.0150288012870326
ENSG00000279437	-0.0822961584089013
ENSG00000196767	0.00827976046248146
ENSG00000147180	0.0992831623094534
ENSG00000102271	0.0220580880281333
ENSG00000174740	0.0104391443587815
ENSG00000186310	-0.182679834195525
ENSG00000000003	0.288322398189551
ENSG00000102362	0.215932504639013
ENSG00000101811	-0.138932767539831
ENSG00000126950	-0.0610406325722893
ENSG00000102385	0.0118519196742784
ENSG00000126953	0.120091760033363
ENSG00000010671	0.0728308519440741
ENSG00000102393	0.395636769239798
ENSG00000196440	0.142218092190618
ENSG00000234557	-0.306803487502529
ENSG00000102401	0.152961060151149
ENSG00000261101	0.155754498783348
ENSG00000166432	0.190442381530824
ENSG00000184905	0.0422888245257264
ENSG00000184515	-0.174868507329649
ENSG00000133169	0.206581739315224
ENSG00000180964	0.0510801772368976
ENSG00000204065	-0.0191302661492124
ENSG00000182916	-0.0174640663541197
ENSG00000133142	0.0598991382933712
ENSG00000279894	-0.35804411377178
ENSG00000172465	-0.235499469900131
ENSG00000123560	0.560442258333763
ENSG00000123570	-0.194750496421529
ENSG00000123575	-0.0323444757268429
ENSG00000089682	-0.105232604767441
ENSG00000147224	0.134039088943226
ENSG00000157514	0.188193408158318
ENSG00000101844	-0.116857119751021
ENSG00000188153	0.0925123176912407
ENSG00000133124	0.174208143405603
ENSG00000101888	0.0302175761582736
ENSG00000176076	0.848516839110391
ENSG00000068366	-0.105536873561709
ENSG00000289365	0.0937606005466438
ENSG00000229939	-0.202085880706359
ENSG00000101901	0.0128256106507911
ENSG00000126016	0.447212832440613
ENSG00000123496	-0.123244089531533
ENSG00000130224	-0.104615573524282
ENSG00000213526	-0.116922710536469
ENSG00000131724	0.219800701420781
ENSG00000174460	0.662241811889325
ENSG00000101856	-0.189101511979724
ENSG00000077713	-0.0986555414136884
ENSG00000125354	0.0339540361935484
ENSG00000187808	-0.145196569130198
ENSG00000125352	-0.0901229878207799
ENSG00000182890	-0.156571933727621
ENSG00000125675	-0.0937702359825779
ENSG00000125676	-0.0494135164858396
ENSG00000101966	-0.101243562756234
ENSG00000101972	-0.0395748524872176
ENSG00000198354	0.245828634740977
ENSG00000287024	0.379929966342319
ENSG00000122122	0.101806709645908
ENSG00000102034	-0.0773991865655309
ENSG00000134594	0.128168541502172
ENSG00000147255	0.0147004237331009
ENSG00000156531	-0.157806979175805
ENSG00000165704	-0.353352302845714
ENSG00000223749	0.489248045142731
ENSG00000156504	0.126646260459516
ENSG00000286964	0.224794249377201
ENSG00000196972	0.327773887284457
ENSG00000186376	-0.03793392418496
ENSG00000173275	-0.0954641696511882
ENSG00000178947	0.153697328412745
ENSG00000165359	0.0438524953643913
ENSG00000169446	0.00829132699877094
ENSG00000102241	0.102799444624875
ENSG00000129675	0.310521503808172
ENSG00000225125	0.314399480991543
ENSG00000232611	0.0457602895711032
ENSG00000225400	-0.0594487566920819
ENSG00000156925	0.155689233339137
ENSG00000230707	-0.051978219307376
ENSG00000203930	-0.246982763163211
ENSG00000207041	0.647400825932375
ENSG00000225660	-0.0849649790351788
ENSG00000271660	0.66596218236373
ENSG00000102081	-0.0291702588983945
ENSG00000219507	-0.507804811773645
ENSG00000241769	0.220673563251899
ENSG00000197021	-0.108202082483584
ENSG00000234825	-0.304580491446739
ENSG00000171100	0.0127709558078518
ENSG00000029993	0.0997956829009051
ENSG00000160131	-0.0975450101149579
ENSG00000130032	-0.224533178659953
ENSG00000147383	-0.100812896368939
ENSG00000147394	0.175823893547455
ENSG00000286939	0.656453331354072
ENSG00000183837	0.241005170894817
ENSG00000225110	0.388516671493554
ENSG00000063587	0.153580784118045
ENSG00000189420	0.118936248147411
ENSG00000182492	0.297967404672511
ENSG00000262919	-0.0236090096620126
ENSG00000130829	0.0158000099379502
ENSG00000130822	-0.255125601284769
ENSG00000130821	0.256529035147967
ENSG00000185825	-0.00675626504296318
ENSG00000180879	0.0272247012016821
ENSG00000198910	-0.192998664942165
ENSG00000089820	0.288998828790138
ENSG00000102030	-0.116148780807121
ENSG00000184216	0.0131600025941496
ENSG00000102119	0.255912049312014
ENSG00000147403	-0.00265411872046031
ENSG00000013563	-0.0837890100893749
ENSG00000102125	0.0993991738613707
ENSG00000196976	-0.221478187056856
ENSG00000126903	0.0318091233252507
ENSG00000160211	-0.0241059609483267
ENSG00000269335	-0.0965413169269682
ENSG00000160219	0.106033917629924
ENSG00000185010	-0.0268423538372515
ENSG00000155962	-0.292240926759988
ENSG00000235001	-0.170288501127557
ENSG00000067048	-0.12350662793011
ENSG00000012817	0.0697694656619079
ENSG00000210100	-1.75255641596607
ENSG00000210112	-0.104488873549829
ENSG00000210135	-0.737376022128799
ENSG00000210140	-1.45287612987487
ENSG00000210144	-0.235223036507682
ENSG00000210156	-0.504038156884412
ENSG00000198695	-0.550257089205443
