Gene	Value
ENSG00000227232	-0.0409948063131496
ENSG00000268903	-0.290872129656457
ENSG00000269981	-0.371940026616836
ENSG00000269732	0.0402122680463429
ENSG00000225972	-0.472190198761172
ENSG00000225630	0.615443404088142
ENSG00000237973	0.270691617124282
ENSG00000240409	0.387787256982415
ENSG00000198744	-0.283362895888795
ENSG00000229376	0.0359030203854255
ENSG00000228794	-0.0309497207031046
ENSG00000234711	0.0343381053137591
ENSG00000187608	0.0703226612215659
ENSG00000186891	-0.269403285900733
ENSG00000162576	0.00363583844705759
ENSG00000205116	-0.111742710899345
ENSG00000225285	-0.0333585291779078
ENSG00000187730	-0.0994218522891663
ENSG00000157916	-0.0574007945104301
ENSG00000229393	-0.258035385091874
ENSG00000197921	0.888275465756226
ENSG00000177133	0.130775650428438
ENSG00000272235	0.125599389257009
ENSG00000287828	0.0148088175492481
ENSG00000238260	-0.540863633754989
ENSG00000272153	-0.200126596822045
ENSG00000116198	0.0107351006664559
ENSG00000116251	-0.00283273968168368
ENSG00000162413	0.0717683489102185
ENSG00000041988	-0.0123612911396846
ENSG00000116285	0.150965296198646
ENSG00000049239	-0.120641225015591
ENSG00000171621	0.0445404902686377
ENSG00000142657	-0.00893885495055474
ENSG00000241563	0.197491314925817
ENSG00000160049	0.023887320404261
ENSG00000171824	-0.171778631165386
ENSG00000226849	-0.0481891636640864
ENSG00000116670	-0.0854858140067399
ENSG00000177674	0.011653440223883
ENSG00000083444	-0.0401690546366795
ENSG00000048707	-0.0728925652518249
ENSG00000162496	0.239688792687199
ENSG00000288927	0.259167134893457
ENSG00000157330	0.0824052729535523
ENSG00000175147	-0.00678476521868085
ENSG00000132906	0.0855929794715762
ENSG00000272510	0.132110610347348
ENSG00000116771	-0.0167747352015941
ENSG00000271742	0.259359059710086
ENSG00000162458	0.0187690735333201
ENSG00000065526	0.0266668400065158
ENSG00000116809	-0.0252775208503682
ENSG00000185519	0.20506757447862
ENSG00000142627	0.105211021135707
ENSG00000055070	0.161584103481563
ENSG00000157191	0.159434155058435
ENSG00000080947	-0.0982168922941185
ENSG00000261135	-0.0699581406902863
ENSG00000215908	0.0687285886616216
ENSG00000179051	0.153233645872717
ENSG00000280222	0.187442682553559
ENSG00000159423	0.135618072276557
ENSG00000272084	-0.186659881497677
ENSG00000173436	0.130740837602602
ENSG00000162545	0.0341916136115682
ENSG00000289402	-0.0466095599743591
ENSG00000244038	-0.113978357622069
ENSG00000127483	-0.00573365072408628
ENSG00000233072	-0.0551721879011575
ENSG00000287192	-0.0589873303757026
ENSG00000117298	0.0230980285567134
ENSG00000162551	-0.00986527146739855
ENSG00000142798	-0.0875122477838387
ENSG00000184677	0.00086077829680074
ENSG00000289014	-0.0557898641710226
ENSG00000261326	-0.298703207567753
ENSG00000125945	-0.225813864728941
ENSG00000249087	-0.18601653786843
ENSG00000011007	-0.0443820557760684
ENSG00000057757	-0.0854926174874745
ENSG00000117305	-0.0483278005616377
ENSG00000189266	0.0390702713586459
ENSG00000001460	-0.0770885559078745
ENSG00000117614	0.059870484131644
ENSG00000117616	-0.275961026485512
ENSG00000183726	-0.0762944796760718
ENSG00000162430	-0.0385746225253502
ENSG00000117640	-0.0323897554066417
ENSG00000117632	-0.0831300910097217
ENSG00000142669	-0.0192665346470678
ENSG00000198830	0.0154286211312227
ENSG00000117713	0.0306608004599329
ENSG00000060642	-0.0780692784462156
ENSG00000175793	-0.2194000120998
ENSG00000289554	0.230187316295631
ENSG00000198746	-0.128402962897979
ENSG00000158246	-0.0280119710422277
ENSG00000142733	-0.0770199947031194
ENSG00000142748	-0.0953287853963981
ENSG00000181773	0.0714319130350134
ENSG00000126709	-0.0928840179478977
ENSG00000158156	0.0334536413167319
ENSG00000158161	-0.0481368480667414
ENSG00000130770	-0.00662210987368696
ENSG00000130766	0.234291395074959
ENSG00000130772	0.0470788597489812
ENSG00000180198	0.0235611674680506
ENSG00000279443	0.048852153231527
ENSG00000180098	0.00233430195752833
ENSG00000229388	0.0457908257594917
ENSG00000162419	-0.0101790779262428
ENSG00000198492	0.0464842964146985
ENSG00000162512	-0.028363741999865
ENSG00000134644	-0.0584713692082639
ENSG00000060688	-0.0337948479370853
ENSG00000121766	-0.122024041331163
ENSG00000121769	-0.190103307961703
ENSG00000142910	0.102532150541687
ENSG00000084636	-0.0601386896310781
ENSG00000183615	-0.213179269546987
ENSG00000116478	0.0066793940521177
ENSG00000273274	0.00316205422554836
ENSG00000176261	0.00252186630738597
ENSG00000134684	-0.0802858110967839
ENSG00000116514	0.00438338230177915
ENSG00000142920	-0.0263806852669811
ENSG00000278997	0.0456948346773451
ENSG00000134686	-0.0671953592197926
ENSG00000121903	-0.0426990077245415
ENSG00000163866	-0.0398948782071938
ENSG00000187513	-0.169458329608764
ENSG00000243749	0.0445994400622667
ENSG00000163867	-0.0109819766974271
ENSG00000116560	-0.0410045961838869
ENSG00000116819	-0.198377752719345
ENSG00000134698	-0.0615906401546322
ENSG00000116871	-0.146056886424089
ENSG00000054118	-0.0323653792419437
ENSG00000196182	0.105925450722833
ENSG00000181817	0.193982449491038
ENSG00000116898	0.0389544335987211
ENSG00000134697	-0.0740778931265987
ENSG00000116922	0.00991752372042363
ENSG00000183431	-0.00169963151746008
ENSG00000212541	0.546314405404152
ENSG00000214114	0.0493262663595831
ENSG00000168653	-0.0858765849341294
ENSG00000127603	-0.124306919309034
ENSG00000237624	-0.109389460272845
ENSG00000163909	0.160081397588861
ENSG00000198754	0.0670919659602458
ENSG00000168389	-0.187704459618565
ENSG00000117000	-0.0847837551484443
ENSG00000259943	-0.0516209779220805
ENSG00000049089	-0.0316968838762723
ENSG00000260920	-0.194636251567093
ENSG00000279667	-0.223616340723255
ENSG00000187815	0.0822920038619123
ENSG00000171793	-0.14371823452366
ENSG00000198815	-0.0763949965740381
ENSG00000066185	0.125694973198576
ENSG00000234917	0.124627136844527
ENSG00000164008	0.0308618687206938
ENSG00000177868	0.119926755118315
ENSG00000164011	-0.0334876681993211
ENSG00000117394	-0.200444927145948
ENSG00000243710	-0.00169646327808524
ENSG00000179178	-0.124296831184497
ENSG00000198198	-0.0790596100544283
ENSG00000142949	-0.0218544461456262
ENSG00000117408	-0.0533970194530418
ENSG00000233602	0.0210142774502098
ENSG00000187147	0.00645493010239597
ENSG00000198520	-0.0849928956295073
ENSG00000222009	-0.16054102814198
ENSG00000132773	0.150340722567427
ENSG00000159592	0.00221279347477807
ENSG00000159596	0.0469011861560565
ENSG00000086015	0.00119650576799648
ENSG00000132128	-0.0254807182035736
ENSG00000173660	0.0946316439221023
ENSG00000162366	0.116175019227408
ENSG00000279214	-0.0376106319398559
ENSG00000117862	-0.0314734573841033
ENSG00000198841	0.0191392645097849
ENSG00000157077	0.0323827251875712
ENSG00000228407	-0.0273143518439441
ENSG00000134744	0.0331168526170112
ENSG00000121310	0.0408432260598795
ENSG00000230953	0.0141286167163942
ENSG00000174348	-0.119299879809141
ENSG00000162383	-0.190557503140566
ENSG00000162385	0.055223395151071
ENSG00000058799	-0.0479918382913106
ENSG00000081870	-0.0134472089156836
ENSG00000198711	-0.188696347311644
ENSG00000184313	-0.0246594888395537
ENSG00000162402	0.0116109920274409
ENSG00000162601	0.045642405358143
ENSG00000177606	0.210461485716976
ENSG00000134716	0.0616433161076093
ENSG00000162598	-0.0515542366415856
ENSG00000271200	0.141164280563429
ENSG00000203965	-0.0854416212490675
ENSG00000116678	0.0118867089922006
ENSG00000116704	-0.0536931497211219
ENSG00000116717	-0.236798027364881
ENSG00000228431	0.152782661983
ENSG00000234383	0.192249339137886
ENSG00000287283	0.0416044466102782
ENSG00000116761	0.0857332106297427
ENSG00000269933	0.470571480613695
ENSG00000233994	-0.0878441819546979
ENSG00000254685	0.0554776897265859
ENSG00000116791	0.236558577571374
ENSG00000162623	0.101749934730731
ENSG00000226084	0.103245634281346
ENSG00000162614	0.0156583523586859
ENSG00000162613	-0.0323419166806045
ENSG00000285928	0.110069333297009
ENSG00000137959	-0.0258129403648591
ENSG00000137965	-0.0685481107929198
ENSG00000142875	-0.12730455439384
ENSG00000117151	-0.0761087507020964
ENSG00000162642	0.0228198809272019
ENSG00000142871	0.0884047925275324
ENSG00000016602	0.0060277332594776
ENSG00000286758	-0.0984281458156628
ENSG00000065243	0.041640826243909
ENSG00000137947	0.00830426558044257
ENSG00000162654	0.0504258147332317
ENSG00000097046	-0.0528429949858876
ENSG00000069702	-0.0212751446830966
ENSG00000137962	-0.0433719000746268
ENSG00000235501	-0.0520633783895604
ENSG00000172339	0.0101240305133255
ENSG00000122481	0.0439703018563772
ENSG00000137970	-0.135122771404266
ENSG00000117569	0.0773625811629681
ENSG00000162627	0.0301823088627534
ENSG00000117598	-0.0461416572898097
ENSG00000117600	-0.412270075098004
ENSG00000224616	0.187881224813565
ENSG00000162695	0.0398345462427338
ENSG00000240038	-0.16992402718517
ENSG00000224550	0.0268426360684179
ENSG00000121940	-0.0429770456553409
ENSG00000215717	-0.120829585164156
ENSG00000031698	-0.113241804766824
ENSG00000143126	-0.199801866537333
ENSG00000273373	-0.249605039498927
ENSG00000134248	0.0918632777823149
ENSG00000259834	-0.0184602334983831
ENSG00000288803	-0.223163155294803
ENSG00000162777	-0.220624038964227
ENSG00000116489	-0.0370105121432135
ENSG00000155363	-0.0347490762342954
ENSG00000155380	-0.191369388552983
ENSG00000232499	0.197648688881179
ENSG00000118655	0.144579660185304
ENSG00000134207	0.00532994110853878
ENSG00000177551	0.0677703642404155
ENSG00000134247	-0.0435538943634319
ENSG00000279513	-0.0222646073895383
ENSG00000183508	0.135225653281215
ENSG00000196505	0.0146847497659227
ENSG00000143067	-0.0365484893972237
ENSG00000134250	0.0499260364444619
ENSG00000270231	-0.0538694458063122
ENSG00000273136	-0.013365046658812
ENSG00000277610	0.134893800936124
ENSG00000131788	-0.0647676308862027
ENSG00000198483	0.15106984176954
ENSG00000265972	0.148940551310614
ENSG00000268043	-0.0141974425692002
ENSG00000226015	0.135115936718424
ENSG00000162836	-0.157669250168803
ENSG00000265107	-0.0461098320892151
ENSG00000231551	0.0855197107815032
ENSG00000225871	0.276559345817614
ENSG00000270629	0.0571608079938905
ENSG00000206828	-0.0427976856379944
ENSG00000261716	0.327100283795654
ENSG00000184260	0.496539132590204
ENSG00000178096	0.11205016391979
ENSG00000159164	-0.237116712330407
ENSG00000117362	-0.0470329076353989
ENSG00000118292	0.296632337813383
ENSG00000289041	0.0531329942751238
ENSG00000159208	0.356726233415173
ENSG00000117360	-0.0457356755744735
ENSG00000143369	-0.0874226198900614
ENSG00000143382	-0.124059113576674
ENSG00000143384	0.238113547790938
ENSG00000143420	-0.0555331159390256
ENSG00000143457	-0.0212051221463967
ENSG00000143379	0.0118461936662077
ENSG00000213190	-0.103524053125021
ENSG00000143458	-0.0194842183034538
ENSG00000289288	-0.0996721301884859
ENSG00000163156	0.0281947100079316
ENSG00000163159	0.0403162569444526
ENSG00000143398	-0.0482954042761024
ENSG00000143373	0.131672850947302
ENSG00000143393	-0.0519486915345101
ENSG00000143442	-0.109397782258599
ENSG00000143375	-0.0241960430374338
ENSG00000143367	0.00157844944350689
ENSG00000269489	-0.252765932324138
ENSG00000163220	-0.947204383654906
ENSG00000163221	-0.726266659900971
ENSG00000143546	-1.12025993253008
ENSG00000188015	-0.324386027564486
ENSG00000196754	0.0812625080408831
ENSG00000143553	0.132254820249241
ENSG00000143554	-0.142207948102966
ENSG00000143614	0.0310776900178218
ENSG00000198837	-0.0404165198394091
ENSG00000143570	-0.170528897262826
ENSG00000143578	0.0110836038391278
ENSG00000143543	0.0596241155615094
ENSG00000272654	-0.134252204285531
ENSG00000143575	-0.0520650000268231
ENSG00000143515	-0.0221348004715143
ENSG00000160710	-0.146982925883999
ENSG00000163344	0.18752370220747
ENSG00000270361	0.0630221395503191
ENSG00000163346	0.172567713497726
ENSG00000160691	-0.295694646878026
ENSG00000173207	0.152752928145036
ENSG00000169242	-0.355730974952892
ENSG00000185499	-0.257958248755299
ENSG00000143630	-0.153401096364879
ENSG00000225855	-0.160794395720722
ENSG00000160753	0.0161881137204662
ENSG00000235919	-0.00276544264642224
ENSG00000163374	-0.0610600962635458
ENSG00000203761	-0.0608494374252003
ENSG00000116580	-0.0382863417835719
ENSG00000132680	-0.0755057543827013
ENSG00000116586	0.0538686043051585
ENSG00000160789	0.0932054350493993
ENSG00000160785	-0.0444129900041186
ENSG00000242252	0.335481711389603
ENSG00000198952	-0.0532067936929577
ENSG00000163472	-0.0402342806888911
ENSG00000198715	-0.0760935934480386
ENSG00000163468	-0.12382931370665
ENSG00000160818	-0.0875104893106542
ENSG00000272068	0.110007390226869
ENSG00000132692	0.209205250065811
ENSG00000143303	0.0592894544521776
ENSG00000143294	-0.0348837838113897
ENSG00000187800	-0.0113065786116574
ENSG00000117036	0.128223056787525
ENSG00000225670	-0.149239456478528
ENSG00000213088	-0.170423991278553
ENSG00000288775	-0.00726310498685122
ENSG00000158716	-0.116532089424373
ENSG00000158714	-0.252039917033315
ENSG00000188004	-0.0915718273951554
ENSG00000162728	-0.52161202643137
ENSG00000162729	-0.235503800586076
ENSG00000122218	-0.0700504203349577
ENSG00000162736	-0.110084916358512
ENSG00000162738	0.0888990810168159
ENSG00000158769	-0.118921752776446
ENSG00000143256	0.0788699441275526
ENSG00000158796	0.0292881070641151
ENSG00000143258	-0.0140392284313683
ENSG00000158850	-0.0529454754169627
ENSG00000158864	-0.122648070966082
ENSG00000248485	0.21310252097081
ENSG00000162747	-0.323383063259966
ENSG00000117143	-0.0236923024710484
ENSG00000132196	0.0193719942695014
ENSG00000143248	0.392484065417037
ENSG00000143171	0.268074059943599
ENSG00000215835	-0.00264367836304661
ENSG00000143158	-0.0243077372093935
ENSG00000143155	0.00639211364251447
ENSG00000143153	-0.172356243829009
ENSG00000117479	0.0675053076969943
ENSG00000007908	0.382942773390251
ENSG00000171806	0.021775494422848
ENSG00000285665	-0.069168871064404
ENSG00000233328	-0.0941990373054677
ENSG00000135845	-0.0433080418523069
ENSG00000116161	0.0633615426163881
ENSG00000235750	-0.123202872983636
ENSG00000242193	-0.010074188540032
ENSG00000186283	0.0103445373951943
ENSG00000143322	-0.0599247272352837
ENSG00000143337	0.192890431128001
ENSG00000143333	0.0605326933086439
ENSG00000135838	0.0405739020483181
ENSG00000198756	-0.13984938504514
ENSG00000047410	-0.00738297075063185
ENSG00000228238	-0.0968716452949375
ENSG00000090104	0.559883807224212
ENSG00000231767	0.37551762077981
ENSG00000162630	0.00658472168243991
ENSG00000203724	0.313049158709652
ENSG00000163362	0.0788636793973873
ENSG00000224536	-0.0173376242614806
ENSG00000134375	0.0846750086803102
ENSG00000234678	-0.0781084742637674
ENSG00000170075	0.256275739630741
ENSG00000143862	-0.0828159100013045
ENSG00000077152	-0.153634524520643
ENSG00000117139	-0.0738481159689691
ENSG00000183155	0.0426312016087395
ENSG00000159346	-0.0762179564235352
ENSG00000159348	0.00582626917074806
ENSG00000163485	0.0774570700860231
ENSG00000133055	-0.166189499711904
ENSG00000236523	0.10869862118134
ENSG00000159388	-0.0142578069355874
ENSG00000188783	0.381366800146239
ENSG00000182004	0.0896416723309752
ENSG00000143845	0.182890849846649
ENSG00000163531	-0.0636284512761845
ENSG00000229657	-0.00089074590011946
ENSG00000133069	0.00305798272325826
ENSG00000117266	0.0273659171403815
ENSG00000143486	0.0236083396512765
ENSG00000143479	0.0755901364870428
ENSG00000180667	-0.0272910066233395
ENSG00000174059	-0.341792802066058
ENSG00000196878	-0.0198279558055943
ENSG00000082497	-0.325540948807069
ENSG00000234233	-0.0429636923122953
ENSG00000170385	0.127765030047539
ENSG00000233626	0.119317251551833
ENSG00000143493	-0.0411402295536882
ENSG00000162772	0.410568199832124
ENSG00000136643	-0.092756020605473
ENSG00000274895	0.0600716405175754
ENSG00000277007	-0.0482019762111814
ENSG00000143507	0.219398311106035
ENSG00000162819	0.0610735682604655
ENSG00000287338	-0.430613919300387
ENSG00000143771	-0.0110015128128988
ENSG00000289602	0.280328889936305
ENSG00000143819	0.307113819909381
ENSG00000225518	0.0570941116015432
ENSG00000286389	-0.224773824761922
ENSG00000162910	-0.148326615471172
ENSG00000280157	-0.703960403481369
ENSG00000203684	0.0169817500086713
ENSG00000181218	-0.0705348051776931
ENSG00000183929	-0.245273812595165
ENSG00000154429	-0.131616122835987
ENSG00000069248	-0.0850487512367613
ENSG00000173409	0.0368474595076869
ENSG00000143633	-0.00638911317864661
ENSG00000116906	0.00580359025512336
ENSG00000233461	-0.0457211493578227
ENSG00000116991	-0.0346971439904256
ENSG00000168275	0.0363001728141835
ENSG00000059588	-0.214637211634237
ENSG00000273416	-0.256947764105907
ENSG00000173726	-0.251465580608779
ENSG00000116962	-0.0480428801375917
ENSG00000119285	-0.0937614218998031
ENSG00000116984	-0.100627382585554
ENSG00000223694	0.218892680714213
ENSG00000287516	-0.0448020072710247
ENSG00000162852	-0.00407807478979243
ENSG00000153207	0.00828398272648513
ENSG00000289566	0.348002522756951
ENSG00000287116	-0.187945252137415
ENSG00000162722	0.0709353292304308
ENSG00000171161	0.0449218263030393
ENSG00000184731	-0.105204396510268
ENSG00000035115	0.00388875996839156
ENSG00000151353	-0.145856875298284
ENSG00000171865	-0.117393888018952
ENSG00000171863	-0.0402465636460754
ENSG00000134326	-0.0542361832045709
ENSG00000134321	-0.0144813035187918
ENSG00000134313	-0.056316185442779
ENSG00000119203	-0.0404072543076036
ENSG00000134330	-0.041831673940147
ENSG00000269973	-0.0331615871244406
ENSG00000172059	0.175408694952727
ENSG00000205795	0.116624175211324
ENSG00000115758	0.2364616748486
ENSG00000257135	0.0500672156658616
ENSG00000115761	-0.042242251674901
ENSG00000272275	0.0516899813521943
ENSG00000169016	0.11265851022363
ENSG00000162981	-0.249134062493351
ENSG00000279663	-0.113785783070627
ENSG00000163029	-0.0212573759383028
ENSG00000132031	-0.23457199002415
ENSG00000068697	-0.0119757972643434
ENSG00000143878	0.106022495086649
ENSG00000173960	0.109930777686298
ENSG00000163026	0.00642521636990028
ENSG00000119782	-0.0277378425992819
ENSG00000115128	0.106117804792452
ENSG00000219626	0.0674889748345973
ENSG00000143970	-0.00168446453868493
ENSG00000084754	0.0508843860502836
ENSG00000138018	-0.141611053396735
ENSG00000171303	0.0934426787696606
ENSG00000213699	0.00758746043977283
ENSG00000157851	-0.192552668701916
ENSG00000119777	-0.075553722376363
ENSG00000272148	0.144983178893067
ENSG00000138085	0.00223023610579201
ENSG00000084774	-0.0513342842493844
ENSG00000115204	0.050567139476995
ENSG00000115207	-0.065881466588792
ENSG00000163795	0.15602632893291
ENSG00000138002	-0.108232964165959
ENSG00000198522	0.0384815566415369
ENSG00000243147	0.192227174080106
ENSG00000075426	0.0505890706283942
ENSG00000270640	-0.118438924104322
ENSG00000189350	0.0527271638362033
ENSG00000213626	0.0199095477819923
ENSG00000162961	0.0719576584222004
ENSG00000152683	-0.0180222120611254
ENSG00000119820	-0.032474027708536
ENSG00000276517	0.114423054713272
ENSG00000163171	-0.0634263600871413
ENSG00000143889	0.0145681876518097
ENSG00000152147	-0.106954791994037
ENSG00000011566	0.0290986227107505
ENSG00000286796	0.149079410736194
ENSG00000138078	-0.140468374721175
ENSG00000116016	-0.145725467376402
ENSG00000250565	0.0797639080182447
ENSG00000279254	0.0925583999582825
ENSG00000116062	-0.00667869648501617
ENSG00000243244	-0.0208744997964681
ENSG00000143942	0.0968025844500591
ENSG00000170634	0.0812272415169627
ENSG00000272156	-0.0291709710081721
ENSG00000115310	-0.139551271423055
ENSG00000085760	0.0733858848410093
ENSG00000162997	-0.233349736879705
ENSG00000138035	-0.0155722939110659
ENSG00000055813	0.0366480024837461
ENSG00000115392	-0.0749173381272006
ENSG00000119866	-0.0808881293033835
ENSG00000162929	-0.0762110959915044
ENSG00000212978	-0.0822512065811912
ENSG00000270820	0.112454243339687
ENSG00000082898	0.00777294056448639
ENSG00000229831	0.0937970791837525
ENSG00000170264	0.0288953382536815
ENSG00000115484	-0.0671339697684869
ENSG00000119844	-0.0454624510624006
ENSG00000011523	-0.0547641233111692
ENSG00000143971	0.120667383644187
ENSG00000204923	-0.00825369261608988
ENSG00000169564	0.0493115789869392
ENSG00000231327	0.0308259133720473
ENSG00000115998	0.0246156466261513
ENSG00000035141	-0.0103587727317202
ENSG00000144043	-0.0436436789258214
ENSG00000289463	0.0432302447079361
ENSG00000135636	-0.0788089588651774
ENSG00000116096	0.0768335441813677
ENSG00000135625	0.128715146841311
ENSG00000230002	-0.213756128851057
ENSG00000114956	-0.00536296810831248
ENSG00000187605	-0.00530147078983735
ENSG00000225439	-0.122571778222686
ENSG00000065911	-0.0148478777293879
ENSG00000204843	-0.17128013183605
ENSG00000115289	0.0312269267745812
ENSG00000163541	-0.010392614739102
ENSG00000213399	0.303231562081681
ENSG00000286532	-0.0421756562402868
ENSG00000168906	-0.225438031292477
ENSG00000168883	0.0172497309936226
ENSG00000168874	-0.0073944976624311
ENSG00000115525	-0.0561549304426266
ENSG00000272564	-0.190297795477427
ENSG00000115548	-0.0227688871095618
ENSG00000229604	0.806362135173079
ENSG00000172086	0.156991315726027
ENSG00000163586	-0.0259290161744734
ENSG00000288734	-0.062177291946145
ENSG00000172071	0.00426334596696781
ENSG00000234028	-0.0997014339288241
ENSG00000153574	0.0323713109480213
ENSG00000243466	-0.00156967597476841
ENSG00000163060	0.154075995332043
ENSG00000144029	-0.0389120725460142
ENSG00000232931	-0.239338668893466
ENSG00000144021	-0.0551002930200933
ENSG00000144028	-0.0475688449509715
ENSG00000198885	-0.221275977227428
ENSG00000196843	0.108209459443871
ENSG00000075568	-0.0538166144601553
ENSG00000183513	0.114801994710456
ENSG00000135945	-0.0111953166069711
ENSG00000273306	0.349184820188429
ENSG00000115539	0.10715055471589
ENSG00000223947	-0.0423888845134372
ENSG00000175874	-0.166372787525917
ENSG00000115602	-0.655918069690227
ENSG00000234389	-0.0329293978978916
ENSG00000228528	0.278962226097184
ENSG00000233639	0.109261450324404
ENSG00000198914	0.220006254101837
ENSG00000289498	0.237506160804253
ENSG00000135966	-0.00366440722289142
ENSG00000071051	0.0459806557243357
ENSG00000144057	0.114299265848945
ENSG00000175701	0.0790578429571908
ENSG00000153208	0.154584700544458
ENSG00000286904	0.0412736431663413
ENSG00000153214	-0.0466048726217701
ENSG00000144161	-0.0270941042326964
ENSG00000286545	0.0349108697591474
ENSG00000114999	-0.0583409610267948
ENSG00000125611	0.207974751139961
ENSG00000243389	0.00991835001088677
ENSG00000184492	0.397917557386034
ENSG00000235026	0.034184836669353
ENSG00000236255	-0.00655732499549893
ENSG00000125633	-0.0953743588667864
ENSG00000144119	0.433379361419771
ENSG00000115107	-0.251579992945144
ENSG00000186132	0.0223792451059989
ENSG00000163075	0.00633396925816736
ENSG00000227788	-0.0367459500455818
ENSG00000163083	0.160989994263942
ENSG00000236859	-0.0626796172326042
ENSG00000211460	-0.0260855405436258
ENSG00000144230	0.46431353553352
ENSG00000286873	0.141127912295792
ENSG00000136731	-0.0809827653723611
ENSG00000136699	-0.1043120941106
ENSG00000072135	-0.0900482992893383
ENSG00000232503	-0.258788138793668
ENSG00000233087	-0.0932752736327347
ENSG00000232742	-0.00899815336939625
ENSG00000163040	0.107145090728097
ENSG00000150551	0.214314230479556
ENSG00000176601	0.00935855137046551
ENSG00000076003	-0.131249451599157
ENSG00000121966	0.58620258065153
ENSG00000150540	0.0933864820543317
ENSG00000121964	-0.0376740405289582
ENSG00000287115	0.606735434463948
ENSG00000135999	0.0204307311019132
ENSG00000184898	0.014645123793899
ENSG00000123609	-0.108871103055373
ENSG00000213197	-0.202386627077844
ENSG00000287085	-0.265467385603609
ENSG00000286207	0.202757056105813
ENSG00000153234	0.303650565811053
ENSG00000123612	-0.101058294902897
ENSG00000115170	-0.0910564021746066
ENSG00000196151	0.0610943639527268
ENSG00000224152	0.32095014595138
ENSG00000241399	0.00520612723863888
ENSG00000115267	0.0527295274189313
ENSG00000182263	0.0278962313084012
ENSG00000138399	-0.0313673777542395
ENSG00000213160	0.127931025716389
ENSG00000138382	0.149174814249332
ENSG00000239467	0.127549567909341
ENSG00000204334	0.0475630475276031
ENSG00000128683	0.0950242663855574
ENSG00000235934	0.0810931220699202
ENSG00000071967	0.25252621922934
ENSG00000091409	-0.189942585293658
ENSG00000152256	-0.102770572743079
ENSG00000230104	0.0465805547859418
ENSG00000271151	-0.187136291225112
ENSG00000138433	-0.00815407651960943
ENSG00000163328	-0.0161214056269097
ENSG00000128654	-0.0165536791490489
ENSG00000225808	-0.00579593013605646
ENSG00000280374	-0.114355667336691
ENSG00000223960	0.0460518211777451
ENSG00000170035	0.0601529689533249
ENSG00000162998	0.263700116902892
ENSG00000283839	-0.0255473984064191
ENSG00000065548	0.0189212320398382
ENSG00000064989	0.00513062364215173
ENSG00000138449	0.067942584826993
ENSG00000138381	-0.0446393290910573
ENSG00000151689	0.00200334485589355
ENSG00000151690	-0.165767185933145
ENSG00000189362	-0.0127755991745802
ENSG00000115419	-0.244822822333688
ENSG00000115415	-0.21011899160284
ENSG00000168497	-0.0779951907196088
ENSG00000144339	-0.0493313841537702
ENSG00000280176	-0.338948377186679
ENSG00000162944	0.0769153733027549
ENSG00000082146	0.046165788085541
ENSG00000055044	-0.0344222618775303
ENSG00000138439	-0.00745762217305561
ENSG00000138442	-0.0329152051268912
ENSG00000119004	0.0758253614062286
ENSG00000114933	0.0291573769750111
ENSG00000114942	-0.153411991442552
ENSG00000138400	0.0245209849574316
ENSG00000118260	0.0451313991161115
ENSG00000163249	0.0635382780172609
ENSG00000138413	-0.0888281954933474
ENSG00000115361	0.125432208952536
ENSG00000079246	-0.169376496184541
ENSG00000079308	-0.017796057681588
ENSG00000163466	-0.0174551191501222
ENSG00000135926	-0.324845820793344
ENSG00000225062	-0.0557388154999217
ENSG00000018280	-0.761420180292265
ENSG00000144579	0.0769421281663333
ENSG00000115556	0.0215522579349158
ENSG00000074582	0.00331919638798906
ENSG00000135912	0.0211160592096989
ENSG00000171450	-0.0712342505993801
ENSG00000158552	-0.0642294748051018
ENSG00000115657	-0.0780559774743168
ENSG00000163516	-0.334233465702964
ENSG00000123992	0.0588950265529079
ENSG00000268603	-0.0862094311360878
ENSG00000171951	-0.332356626171099
ENSG00000273301	0.00218164112965964
ENSG00000169047	-0.00804969857823468
ENSG00000168958	0.107541837280296
ENSG00000284631	-0.396466155539996
ENSG00000135917	-0.211796613514689
ENSG00000153823	0.0373892495440776
ENSG00000163053	-0.225912594286638
ENSG00000277986	0.110946287678059
ENSG00000156973	0.0974051967474044
ENSG00000237641	0.215470823606522
ENSG00000163273	0.128534599707237
ENSG00000221944	-0.202778037835485
ENSG00000204120	-0.0247024017829297
ENSG00000077044	-0.0417695881936045
ENSG00000085982	0.0259636582534648
ENSG00000188042	0.224696496419229
ENSG00000157985	0.0017759156230386
ENSG00000132321	-0.00989558211341106
ENSG00000144476	0.0977634797121002
ENSG00000132323	-0.0332535581229404
ENSG00000132326	0.221698918738549
ENSG00000065802	-0.101430022752186
ENSG00000063660	-0.0818270883661063
ENSG00000144504	-0.0417055431290917
ENSG00000142327	-0.0341875147215653
ENSG00000130294	0.01432630609573
ENSG00000289555	-0.0351199079228924
ENSG00000273113	0.161472237846926
ENSG00000235351	-0.286034807021182
ENSG00000113851	0.086125983347503
ENSG00000175928	0.287751233856171
ENSG00000170364	0.0372836423967394
ENSG00000134107	-0.115007022426464
ENSG00000134109	-0.0838701001458006
ENSG00000156983	0.0655654905295343
ENSG00000214021	-0.128468022078297
ENSG00000163702	0.0196433321210015
ENSG00000163703	-0.276737986425693
ENSG00000232901	-0.0461769856891013
ENSG00000134070	-0.0112486549542226
ENSG00000272483	0.090661198526815
ENSG00000157150	0.0271724945247153
ENSG00000132155	0.00435881986003791
ENSG00000132182	-0.0194974937106772
ENSG00000163517	0.10506607380812
ENSG00000163528	0.0826150881487743
ENSG00000170876	-0.248642881923092
ENSG00000154767	-0.0236371199489505
ENSG00000170860	0.134929376936352
ENSG00000177463	-0.0265907627671365
ENSG00000131375	-0.0513248657314897
ENSG00000206562	0.00656796830266419
ENSG00000144597	0.0317700355463364
ENSG00000114166	0.147233942873085
ENSG00000182247	-0.0661288391747367
ENSG00000174748	-0.0529592401214438
ENSG00000151093	-0.0625491095536041
ENSG00000033867	0.0256877409916844
ENSG00000187118	0.0629726706162052
ENSG00000091317	0.0573810267495096
ENSG00000188167	0.0981824828560355
ENSG00000163539	-0.013270764630946
ENSG00000170248	-0.0827038912420598
ENSG00000172995	0.00222978937719254
ENSG00000270194	0.177632638949014
ENSG00000144677	0.109546433535414
ENSG00000187091	-0.00957900561271632
ENSG00000229589	0.0504403986711036
ENSG00000157036	-0.0878543897668215
ENSG00000114742	-0.00946981202724439
ENSG00000168026	-0.198975654801378
ENSG00000144655	0.194331038759723
ENSG00000289279	-0.192877945777268
ENSG00000114784	-0.030287145032488
ENSG00000168032	-0.02160413120599
ENSG00000188846	-0.00593419562777086
ENSG00000177842	0.00899396310726332
ENSG00000168036	0.0417889378943885
ENSG00000187094	-0.0385295565636266
ENSG00000008324	-0.0524571254964841
ENSG00000114853	-0.0429251208640548
ENSG00000010282	0.219909156039752
ENSG00000144649	-0.0212206285544137
ENSG00000196345	0.006010425470991
ENSG00000214820	0.0271809926334823
ENSG00000272077	0.0110571600474575
ENSG00000163807	0.0848371654884504
ENSG00000169964	-0.163730733718948
ENSG00000075914	-0.0938810887796112
ENSG00000012223	-0.147505400419088
ENSG00000160808	0.0439081179483648
ENSG00000160801	0.129763988027375
ENSG00000160799	0.010317471273298
ENSG00000160796	-0.204295452167389
ENSG00000076201	0.0950230235379929
ENSG00000164047	-0.0294738885666459
ENSG00000172113	0.0969723563409918
ENSG00000164050	0.0631034846204975
ENSG00000164054	-0.0832567612251814
ENSG00000114270	-0.0814988410229987
ENSG00000225697	-0.22097897156044
ENSG00000177479	-0.0843691198120333
ENSG00000178252	0.00076113967376888
ENSG00000178057	-0.000278274059244786
ENSG00000272434	0.264695509417229
ENSG00000172046	0.0310568966992567
ENSG00000172037	-0.0540454671229733
ENSG00000145022	-0.00500306080200717
ENSG00000145020	0.0109505587200887
ENSG00000173402	0.0697490764956999
ENSG00000173531	-0.0944032797997044
ENSG00000173540	-0.129865973553975
ENSG00000182179	0.0398070285682113
ENSG00000164077	0.0334374667161736
ENSG00000001617	-0.0614465839469359
ENSG00000188338	-0.0408416457837447
ENSG00000012171	-0.186187024397756
ENSG00000243477	-0.202375315451399
ENSG00000068001	0.0816847339908374
ENSG00000114735	-0.104174591788264
ENSG00000164080	-0.00511098168995413
ENSG00000023330	-0.0336872420059599
ENSG00000114841	-0.161138961423249
ENSG00000010327	-0.199654456732025
ENSG00000163938	-0.057181425869273
ENSG00000114902	-0.0919253036946174
ENSG00000055955	-0.0505334590549122
ENSG00000272573	0.675314593714039
ENSG00000279144	0.21834375728087
ENSG00000242142	0.415139459671807
ENSG00000113812	0.0114203465220098
ENSG00000286353	0.102566365942711
ENSG00000163686	-0.035263425981248
ENSG00000168309	0.205012226395603
ENSG00000243384	0.00852388125166112
ENSG00000163634	-0.0164593630134275
ENSG00000163635	-0.00703566220145894
ENSG00000163638	-0.160085196081896
ENSG00000270059	-0.129769376678088
ENSG00000214552	-0.0627293352020763
ENSG00000241532	-0.271838907953594
ENSG00000163320	0.046554756624872
ENSG00000184500	-0.0676530920117183
ENSG00000178694	-0.0201724023228288
ENSG00000249274	0.200069003223352
ENSG00000184220	-0.0340549988163287
ENSG00000206535	-0.0180242961166229
ENSG00000242299	0.126810266102527
ENSG00000289629	-0.140339803124509
ENSG00000114391	-0.0711304507762514
ENSG00000272597	-0.238326789878062
ENSG00000241634	-0.0590666848328668
ENSG00000091972	-0.161584447582725
ENSG00000144857	-0.0186039670656275
ENSG00000178075	0.033805937721212
ENSG00000241889	0.00875182772866237
ENSG00000121578	0.0530693181810784
ENSG00000031081	0.0750763704850657
ENSG00000144837	-0.0458190360849876
ENSG00000138495	0.164593543738729
ENSG00000163430	-0.0962342146078871
ENSG00000153767	0.0362443884309964
ENSG00000160124	0.0762083651094895
ENSG00000196981	0.0657573672710341
ENSG00000138496	-0.242031163064213
ENSG00000163840	-0.325755141918652
ENSG00000121542	-0.0730586569892339
ENSG00000173175	-0.0748840656023934
ENSG00000273123	-0.280464982835899
ENSG00000114491	-0.00465515290653161
ENSG00000144908	0.0715066780635637
ENSG00000250218	-0.0680546249490646
ENSG00000250934	0.0189000705981949
ENSG00000251448	0.0211276074493756
ENSG00000163884	0.168693304601034
ENSG00000070476	-0.00497117174124061
ENSG00000058262	-0.0640479334614797
ENSG00000244300	-0.0585562876508454
ENSG00000239405	-0.088323314987311
ENSG00000172780	-0.0015144236040514
ENSG00000183624	-0.0558413077032376
ENSG00000251474	-0.0244357890576826
ENSG00000246082	0.0231448903535427
ENSG00000138246	-0.00755254670181
ENSG00000113971	-0.0807104047825572
ENSG00000163781	-0.0352612351534127
ENSG00000163785	0.0177042963867108
ENSG00000174579	0.0747046326716183
ENSG00000158092	0.0591212279697568
ENSG00000138231	0.0532499680930942
ENSG00000114098	-0.00429500553240718
ENSG00000155893	-0.0396885170692926
ENSG00000114125	0.164192903411719
ENSG00000175066	-0.106705850305988
ENSG00000242479	-0.121518670462289
ENSG00000188582	-0.0429456524822873
ENSG00000279320	-0.000213867511382638
ENSG00000188313	-0.107563071160153
ENSG00000047457	-0.44423594409286
ENSG00000169908	0.00650788395725894
ENSG00000286501	0.0750316555512595
ENSG00000169860	0.28076141506038
ENSG00000181467	-0.0756872820054412
ENSG00000286585	0.0260437495988029
ENSG00000163659	0.0544910027439246
ENSG00000230457	0.0700778317203507
ENSG00000163660	0.070502660671303
ENSG00000068885	-0.0117914730055329
ENSG00000113810	0.0100327920119858
ENSG00000114200	0.215603585770457
ENSG00000272797	0.0803721721625701
ENSG00000171757	0.0623480126138564
ENSG00000013293	-0.190742715357412
ENSG00000279673	0.316051568235853
ENSG00000114757	-0.0200863525007482
ENSG00000163728	-0.252161508119424
ENSG00000205981	0.027786303240568
ENSG00000242808	0.0940251582939395
ENSG00000233885	-0.216242816363836
ENSG00000175193	0.0494384038335377
ENSG00000114859	0.0854274229977648
ENSG00000244405	0.0621958957849316
ENSG00000113838	0.0656537780312061
ENSG00000090520	-0.0813259175267424
ENSG00000156976	-0.133677000373792
ENSG00000200418	-0.507250285964879
ENSG00000163923	0.0290367689233593
ENSG00000157005	-0.0122767357528652
ENSG00000113916	-0.344039953659159
ENSG00000223117	-0.0633268965293078
ENSG00000127249	0.0279288852262171
ENSG00000041802	0.0857129129178538
ENSG00000229178	0.0847096464317354
ENSG00000283426	-0.085233722500938
ENSG00000231443	-0.186626362338929
ENSG00000185485	-0.149968578356544
ENSG00000072274	-0.171137266026762
ENSG00000163958	-0.0917746749930731
ENSG00000174013	-0.0366991066767817
ENSG00000232065	0.113516031836507
ENSG00000163975	0.16160618267516
ENSG00000228109	0.0642539242961338
ENSG00000213519	-0.453719194807177
ENSG00000273375	0.084879773494742
ENSG00000182899	0.0366388141027845
ENSG00000185621	-0.0977628213543496
ENSG00000286705	-0.039877243706933
ENSG00000182903	0.0454207345384484
ENSG00000133256	-0.176773331457399
ENSG00000169020	0.100269632075797
ENSG00000185619	-0.0420686795122278
ENSG00000249592	-0.00165526339470027
ENSG00000127418	0.00793881042041959
ENSG00000280927	-0.0148683255430865
ENSG00000159692	0.0814771297604357
ENSG00000163945	-0.231698724530051
ENSG00000163950	-0.0231790568242474
ENSG00000168936	0.0503756706912905
ENSG00000123933	0.213384718030524
ENSG00000063978	0.0204099897202294
ENSG00000248840	-0.015403700701986
ENSG00000289414	0.194658270872913
ENSG00000170846	-0.0632760667282008
ENSG00000163993	-0.0194235344798693
ENSG00000178988	-0.142633515986202
ENSG00000287104	-0.259401311549695
ENSG00000169676	-0.154306328792783
ENSG00000071127	-0.230490099602904
ENSG00000048342	0.0926747305292853
ENSG00000151552	-0.0925998027545528
ENSG00000163257	-0.181126029798444
ENSG00000261121	-0.0997255110221491
ENSG00000181982	-0.0217104429411088
ENSG00000153012	-0.0228044052968904
ENSG00000168228	-0.00907864284621078
ENSG00000250317	0.192427490081913
ENSG00000109689	-0.0299173435945939
ENSG00000181826	-0.0281204165497961
ENSG00000065882	-0.0469625067604249
ENSG00000157796	-0.104365781657686
ENSG00000260296	-0.325001899861266
ENSG00000178343	-0.351961275463351
ENSG00000260918	-0.0621011165832813
ENSG00000169019	0.0961048279372347
ENSG00000145246	0.0149836357143861
ENSG00000109171	0.0841343721344175
ENSG00000145247	0.0209295094807631
ENSG00000163069	-0.0842014826781345
ENSG00000163071	0.112949106429022
ENSG00000226950	0.118645528698384
ENSG00000226887	-0.109780287328845
ENSG00000109220	0.0450500874917934
ENSG00000248518	0.0880270345153254
ENSG00000128039	-0.174995520362683
ENSG00000273257	-0.133152521575289
ENSG00000280285	-0.0628835850543887
ENSG00000226439	-0.16993034268424
ENSG00000243199	0.0484738793014181
ENSG00000162840	0.334297763300835
ENSG00000272986	-0.117739887880333
ENSG00000018189	-0.0866373913544683
ENSG00000169429	0.64295761487738
ENSG00000163739	0.197366533858025
ENSG00000163734	0.0316685812040483
ENSG00000081041	0.50378147162084
ENSG00000269559	0.0474772960179753
ENSG00000174796	-0.00367830249181854
ENSG00000138755	0.0508239192111288
ENSG00000169245	0.0833190434576941
ENSG00000169248	0.0871919100773662
ENSG00000289515	0.260505947954322
ENSG00000138764	0.0983594083263122
ENSG00000289480	-0.0465117078142027
ENSG00000189308	0.0156420038974218
ENSG00000284968	0.0639885529108829
ENSG00000172493	0.00455898504957922
ENSG00000170502	0.0202628638178649
ENSG00000272856	0.175534418953908
ENSG00000138642	-0.050988328549008
ENSG00000163104	-0.0250699505197993
ENSG00000271474	-0.259236933593209
ENSG00000138698	-0.0968214720200074
ENSG00000260641	-0.251931448578696
ENSG00000164032	-0.0714199061026121
ENSG00000254531	0.113296213698975
ENSG00000138821	-0.0332859044096968
ENSG00000164038	-0.0370017404254097
ENSG00000138777	0.0689902589154873
ENSG00000245293	-0.108882685024164
ENSG00000155016	0.116399332054666
ENSG00000249465	-0.174015879283385
ENSG00000138802	-0.0264447065740885
ENSG00000138794	0.0118775415666193
ENSG00000205403	-0.119768978615667
ENSG00000109534	0.0693860628012007
ENSG00000170522	-0.0444298082268866
ENSG00000174720	0.0763209024102101
ENSG00000234841	0.104547847833682
ENSG00000250215	0.178179519708563
ENSG00000174599	-0.212648820330475
ENSG00000260404	0.0210313630134037
ENSG00000145388	-0.031591443304895
ENSG00000283050	0.0110099360130659
ENSG00000164112	-0.294780107167326
ENSG00000145386	-0.0558043083773729
ENSG00000273007	-0.036189002372134
ENSG00000164070	0.143515254484596
ENSG00000077684	0.0112052083866385
ENSG00000151014	0.12400552487137
ENSG00000137463	0.092596050849481
ENSG00000085871	-0.0238466460018459
ENSG00000179387	0.035607267094582
ENSG00000109436	-0.0468330453278996
ENSG00000228981	0.19073316891209
ENSG00000248890	0.0232773598522235
ENSG00000289314	0.0109307080902399
ENSG00000170365	0.0104110586468347
ENSG00000164167	0.0571876347868067
ENSG00000164169	-0.0424292764169275
ENSG00000270681	0.143788542573977
ENSG00000164144	0.0212019879147221
ENSG00000213406	0.189161838700003
ENSG00000145428	-0.0640375725179947
ENSG00000185149	-0.128367339101538
ENSG00000164114	-0.0179611771556993
ENSG00000287730	0.303208551693779
ENSG00000171497	0.0617575425636439
ENSG00000109466	-0.0528070965560397
ENSG00000052802	-0.279169217456646
ENSG00000137628	-0.0191771321175041
ENSG00000279384	0.0800493925277393
ENSG00000137601	0.0392467879248073
ENSG00000056050	0.0139996184726779
ENSG00000109586	-0.00527453915444678
ENSG00000164104	0.141058602934336
ENSG00000272870	0.0104237574322991
ENSG00000164117	0.0951397172090313
ENSG00000272784	-0.412522341662023
ENSG00000272744	0.0236523336754513
ENSG00000168310	0.00218541652293002
ENSG00000271646	0.161761787429763
ENSG00000109771	0.128421726838
ENSG00000250327	0.355433193075318
ENSG00000164366	0.0638535123671874
ENSG00000249915	0.0750157923565816
ENSG00000271781	0.0482410430203685
ENSG00000028310	-0.0358740766332904
ENSG00000113504	0.0235729885671774
ENSG00000049656	-0.0366611388561811
ENSG00000145494	0.0999172785654885
ENSG00000133398	0.0424693096377838
ENSG00000215218	-0.0878961198436618
ENSG00000250056	0.153611927289922
ENSG00000112941	-0.00435338461560104
ENSG00000247516	0.121557670118751
ENSG00000272417	0.0985208068123695
ENSG00000150756	0.0240950485552267
ENSG00000150753	-0.14596890912222
ENSG00000164237	0.181964429767481
ENSG00000112977	0.177951357982024
ENSG00000286970	-0.073281234203142
ENSG00000173545	-0.13438049512163
ENSG00000154153	-0.0758673946944736
ENSG00000145555	0.128865283294617
ENSG00000272086	0.132125656594168
ENSG00000152582	-0.0498455039989537
ENSG00000079215	-0.00222338403608536
ENSG00000285967	-0.234323728483228
ENSG00000113569	-0.0220143339227901
ENSG00000145623	-0.244164472400023
ENSG00000171522	-0.0865443796164733
ENSG00000177453	0.0474782478964278
ENSG00000164172	0.0713853477391648
ENSG00000164258	0.0772282067626762
ENSG00000169271	-0.631374625779492
ENSG00000280159	-0.0425580011720368
ENSG00000227908	0.0406329502963766
ENSG00000062194	-0.0530947655128949
ENSG00000164182	0.0294101369223541
ENSG00000188725	0.174777971482094
ENSG00000130449	0.0438109897333881
ENSG00000251682	0.119060042308388
ENSG00000186105	0.016199670696559
ENSG00000153006	-0.00459985729903233
ENSG00000134061	-0.124764419676629
ENSG00000134056	0.219959309942613
ENSG00000134058	-0.0484905018883269
ENSG00000250138	-0.257283918474434
ENSG00000157107	0.000378433829652675
ENSG00000251493	0.108922983421778
ENSG00000164346	-0.00296325914150168
ENSG00000271714	0.318161743864638
ENSG00000289639	0.272181344603476
ENSG00000113161	-0.407725481467493
ENSG00000164251	0.0397138837272238
ENSG00000145708	-0.000797920297747656
ENSG00000164253	0.00341748848944531
ENSG00000171530	0.0180002611459949
ENSG00000164300	0.0218284506785682
ENSG00000288741	0.083956006273993
ENSG00000251450	-0.405201396059389
ENSG00000131732	0.0931369039041186
ENSG00000251495	-0.0426358289874891
ENSG00000281327	0.117068873985705
ENSG00000134480	0.0220181791471383
ENSG00000289008	0.141322130940204
ENSG00000250377	0.0354019493450231
ENSG00000260871	0.0395126960834587
ENSG00000153140	0.0610094328902773
ENSG00000113369	0.111782309907641
ENSG00000164291	-0.0159705756690463
ENSG00000236882	0.00878171066083405
ENSG00000175426	0.00719758376054873
ENSG00000174136	-0.0253581475336813
ENSG00000270388	0.026362442730636
ENSG00000271207	0.088971173032434
ENSG00000112874	0.0473440190893579
ENSG00000244245	0.261367719953594
ENSG00000153037	0.0644910124645936
ENSG00000047188	0.045379646093819
ENSG00000243414	0.0332765226472676
ENSG00000145782	0.0425357977727958
ENSG00000168938	0.082166788252808
ENSG00000288766	0.284999086377781
ENSG00000288890	-0.014036074760278
ENSG00000155324	0.26322474103478
ENSG00000279118	0.122470599489553
ENSG00000113368	-0.066033288225022
ENSG00000250859	-0.156313452249536
ENSG00000205279	-0.337286201140087
ENSG00000245937	0.0406419460949381
ENSG00000169567	0.0435383884104096
ENSG00000217128	0.0158838719178375
ENSG00000197375	-0.0317463983912088
ENSG00000113575	-0.0129813795412998
ENSG00000043143	-0.0233284451534232
ENSG00000244921	0.642734452314015
ENSG00000249119	0.409558041464391
ENSG00000248923	0.338652671661471
ENSG00000113648	-0.0966124594213055
ENSG00000031003	0.0603189959409803
ENSG00000120733	0.0468987539314988
ENSG00000120738	0.994329123558968
ENSG00000281398	0.0948042788834963
ENSG00000249751	-0.248656583747784
ENSG00000131508	0.0521815253896939
ENSG00000171604	-0.028878852472833
ENSG00000113068	-0.00239878769181784
ENSG00000113070	0.0829893150431903
ENSG00000249637	0.0407893838276911
ENSG00000131503	-0.0198837225845697
ENSG00000213523	0.126117687500039
ENSG00000113108	-0.15879404053836
ENSG00000131495	0.062528365344443
ENSG00000120314	-0.0578736339985664
ENSG00000113205	-0.186547476797323
ENSG00000146001	-0.141438733812512
ENSG00000178913	5.32787975657169e-05
ENSG00000081853	0.0216564866211671
ENSG00000262209	-0.0275182938360435
ENSG00000253731	-0.0804086379164373
ENSG00000253537	0.103724406120201
ENSG00000261934	-0.205826610066398
ENSG00000242419	0.151775202864279
ENSG00000197948	-0.0165373406980332
ENSG00000289478	-0.0873151595552389
ENSG00000278925	0.237830016775615
ENSG00000081791	-0.0118146533251458
ENSG00000280047	0.0786943706277342
ENSG00000187678	0.163114069125113
ENSG00000261757	0.0428001911540591
ENSG00000113649	-0.105222499002521
ENSG00000173250	-0.164483927480329
ENSG00000248568	0.221633349909062
ENSG00000176049	0.00944365948549083
ENSG00000164284	0.0986757226715611
ENSG00000155850	-0.130199885846494
ENSG00000113716	-0.094740641278063
ENSG00000113721	0.0802651334094592
ENSG00000183876	-0.0953380520574511
ENSG00000070614	-0.0999450759279901
ENSG00000256235	-0.105300683392854
ENSG00000177556	0.0943885781959776
ENSG00000037749	-0.0321480289930611
ENSG00000170271	-0.0312309913540843
ENSG00000082516	-0.110799304658543
ENSG00000082515	-0.0318692793650017
ENSG00000155868	0.0286931841937562
ENSG00000145860	-0.0743388055360348
ENSG00000170234	-0.0073513065229646
ENSG00000221886	-0.162849468225368
ENSG00000164611	-0.10552482923745
ENSG00000168246	0.0825603667520318
ENSG00000174705	0.0621269767849873
ENSG00000120129	-0.0950567812783944
ENSG00000037241	0.0574578975615021
ENSG00000113732	0.119234552023675
ENSG00000164463	0.0182271497111709
ENSG00000113734	0.0239589134901016
ENSG00000145919	-0.0539840213581971
ENSG00000048162	-0.0981987309226513
ENSG00000146066	0.100527926394688
ENSG00000175416	-0.0310544134105189
ENSG00000113194	-0.0289206344168202
ENSG00000146083	0.144101904252447
ENSG00000160883	-0.276375663006651
ENSG00000169228	-0.0853685770751653
ENSG00000169223	0.0255613799371475
ENSG00000247679	-0.184542252174195
ENSG00000197451	0.0587002557982101
ENSG00000169131	-0.104147844678063
ENSG00000272431	-0.351953210292728
ENSG00000234284	-0.0152876636846042
ENSG00000127022	-0.032790106988932
ENSG00000225051	0.0700115160792783
ENSG00000113269	0.00891686255218568
ENSG00000050748	-0.144622595346417
ENSG00000113300	0.0830339145527054
ENSG00000131446	-0.0598489323741832
ENSG00000278970	-0.00621378358703072
ENSG00000245060	0.0620698980342878
ENSG00000196670	-0.0972850161433667
ENSG00000250222	0.300308168083603
ENSG00000248514	-0.139945384784708
ENSG00000183718	-0.143019159918052
ENSG00000248275	-0.00995523579560003
ENSG00000188996	0.105592607545198
ENSG00000218027	0.00553789493679273
ENSG00000280916	0.116169591802649
ENSG00000124535	-0.0246389532579083
ENSG00000021355	-0.0663252699076616
ENSG00000137275	-0.0217597074409801
ENSG00000288840	-0.191029770717263
ENSG00000270504	-0.275018844279599
ENSG00000219992	0.00177212126631617
ENSG00000288904	0.181505439680509
ENSG00000220685	-0.0969067412202648
ENSG00000124783	-0.0764791663849507
ENSG00000220472	0.471137401138684
ENSG00000168566	-0.0153295773605283
ENSG00000188428	0.0118535800023065
ENSG00000124802	0.0645425959982139
ENSG00000137210	0.0845468558661309
ENSG00000224531	0.0214704202929246
ENSG00000111859	0.0375137168300792
ENSG00000212802	0.180817981307577
ENSG00000272341	0.0497349374454789
ENSG00000137414	0.00117393636353079
ENSG00000124789	-0.0245628673028656
ENSG00000260455	0.10746826917461
ENSG00000172179	0.176347971003566
ENSG00000111802	0.0895199746358782
ENSG00000112308	0.1060210217883
ENSG00000112312	0.197311457045268
ENSG00000214975	-0.603591293619322
ENSG00000010704	-0.0640966741596762
ENSG00000180573	0.206414790304122
ENSG00000196866	0.0400141711581247
ENSG00000158406	0.180761444038738
ENSG00000228223	0.164827455542517
ENSG00000204789	-0.152522657495807
ENSG00000271755	-0.252322360118102
ENSG00000197279	-0.00815785025049843
ENSG00000226314	0.050152825012599
ENSG00000232173	0.248618902766224
ENSG00000281831	-0.24877338184468
ENSG00000206503	-0.262988977188068
ENSG00000204623	-0.0786267562455432
ENSG00000204619	-0.0263462410978054
ENSG00000234127	0.0843532127836556
ENSG00000280128	-0.210733261482972
ENSG00000241370	-0.0116659611739972
ENSG00000236603	0.00176270306718036
ENSG00000204592	-0.253740308700588
ENSG00000204574	0.00204656910351781
ENSG00000137337	-0.0501850334167211
ENSG00000137312	-0.187598662192955
ENSG00000213780	-0.0826040557955205
ENSG00000227939	0.00530076087876931
ENSG00000198563	-0.0858928313810287
ENSG00000213760	-0.191417242125902
ENSG00000204498	-0.0646427163721674
ENSG00000289375	0.0610441247346953
ENSG00000204469	0.0191463180016297
ENSG00000204463	0.0225867826403282
ENSG00000204410	-0.109076079461542
ENSG00000204394	-0.125863749304144
ENSG00000204389	0.760038941328356
ENSG00000204388	0.576620068337437
ENSG00000204386	-0.164947609267649
ENSG00000166278	-0.233607772108499
ENSG00000204366	0.209797364396849
ENSG00000243649	-0.380292268600462
ENSG00000204351	-0.124012491756296
ENSG00000204348	0.0129426930408922
ENSG00000204344	-0.023517060143217
ENSG00000231852	0.0309625147095062
ENSG00000168477	-0.152121921378464
ENSG00000213676	-0.0767749210910835
ENSG00000221988	-0.0965013960680306
ENSG00000204305	0.0185387065006858
ENSG00000241106	-0.155093307382594
ENSG00000204267	-0.127283589411263
ENSG00000168394	-0.236069588842032
ENSG00000289559	-0.0901457764568938
ENSG00000204248	-0.19680548587374
ENSG00000288751	0.144297009850674
ENSG00000232940	-0.0633058499540916
ENSG00000204220	-0.0448597624259979
ENSG00000237441	0.0345247408806385
ENSG00000204209	0.0784195884358541
ENSG00000112511	0.0640503934774536
ENSG00000030110	-0.00532269204528625
ENSG00000096433	-0.16359291224506
ENSG00000137288	0.0385372213163392
ENSG00000137309	0.0125886817492446
ENSG00000124562	0.133274742889393
ENSG00000112033	0.0256397340333382
ENSG00000007866	-0.0175975088147309
ENSG00000096060	-0.143291354561404
ENSG00000157343	0.0457906424795062
ENSG00000096070	0.0187289139640705
ENSG00000112081	0.113441068964393
ENSG00000124762	-0.181731183891471
ENSG00000198663	-0.0759074357606456
ENSG00000137193	-0.364780041103409
ENSG00000112130	-0.016190655647262
ENSG00000112167	0.0487628690893978
ENSG00000124615	-0.032378564993054
ENSG00000180211	0.281701390831287
ENSG00000112559	0.0863001093370664
ENSG00000137218	0.00448719290328333
ENSG00000278224	0.0586009805406577
ENSG00000214736	-0.01601317845198
ENSG00000112578	-0.108469285443655
ENSG00000137413	0.02435183807077
ENSG00000048544	-0.0646653308192198
ENSG00000024048	-0.00473796779087225
ENSG00000287825	0.0335653513406875
ENSG00000124587	-0.194391985220664
ENSG00000112655	0.0166740556993541
ENSG00000171467	0.0152581638697121
ENSG00000171453	-0.014925975975628
ENSG00000137207	-0.0193482022418404
ENSG00000170734	-0.0130190537341342
ENSG00000112715	0.188595036279269
ENSG00000181577	0.147516507916902
ENSG00000180992	0.0408670476057509
ENSG00000112759	-0.0656031298169814
ENSG00000096384	-0.213726750688258
ENSG00000146232	0.163496243172304
ENSG00000172348	0.036289845805202
ENSG00000180113	-0.135129692824472
ENSG00000112118	0.0142243768085183
ENSG00000096092	0.0991246275606342
ENSG00000242865	-0.114659596548832
ENSG00000137269	-0.0553849209752901
ENSG00000151917	0.209119753677901
ENSG00000112208	0.116930808661202
ENSG00000266680	0.0681515233534913
ENSG00000203908	-0.0204005054191678
ENSG00000135297	0.00786811367717297
ENSG00000231652	-0.114462812833244
ENSG00000118418	0.231489819773159
ENSG00000279659	-0.213637206879063
ENSG00000287705	-0.190351469788395
ENSG00000135324	-0.129332332265018
ENSG00000111850	0.0423209042789154
ENSG00000272514	0.00625874467994338
ENSG00000135334	0.0457058495237436
ENSG00000118432	0.0465597258737634
ENSG00000146281	0.0456302583698026
ENSG00000184486	0.362984589412348
ENSG00000132424	-0.117599039242312
ENSG00000260000	-0.218022966455569
ENSG00000132429	0.128061463596433
ENSG00000130349	0.0519340709125993
ENSG00000112320	0.163581314893154
ENSG00000272476	-0.141590950592351
ENSG00000279398	0.213418944901361
ENSG00000185250	0.0244322828101407
ENSG00000146360	-0.329518939187826
ENSG00000112290	-0.114321188295706
ENSG00000203797	0.114407450905771
ENSG00000155115	0.123149793637116
ENSG00000271789	-0.437468812462257
ENSG00000289256	-0.0690029591531324
ENSG00000196591	-0.0395372943616695
ENSG00000152661	0.295818210576281
ENSG00000146373	-0.00315125120378853
ENSG00000118518	0.0132936490246737
ENSG00000118507	0.0646204280555719
ENSG00000112282	0.0153854338973486
ENSG00000079950	-0.0200309153814856
ENSG00000286663	0.0928516622647509
ENSG00000118515	0.181943707893034
ENSG00000112339	-2.26726313796513e-05
ENSG00000135541	-0.0985580167384089
ENSG00000135525	-0.107891320965563
ENSG00000112379	-0.0795829542638924
ENSG00000051620	0.0815652511964241
ENSG00000135521	0.0352943059097471
ENSG00000111961	0.219396804306185
ENSG00000202343	-0.11182717408974
ENSG00000120278	0.01823477391658
ENSG00000146476	0.0689009621766727
ENSG00000120262	0.0438318192444467
ENSG00000146469	0.58156482098205
ENSG00000112029	0.0822463921933449
ENSG00000271265	-0.135597450710319
ENSG00000271551	-0.197319765608502
ENSG00000078269	-0.249934496138858
ENSG00000122335	-0.0872210236897079
ENSG00000130338	0.0259660838221165
ENSG00000112096	-0.295117569335181
ENSG00000220305	-0.0616486713130336
ENSG00000120437	-0.175045900747238
ENSG00000207392	0.497361955071252
ENSG00000112110	0.076393661238146
ENSG00000197081	-0.0420226126601496
ENSG00000213073	-0.0935892651346608
ENSG00000026652	-0.193469737019019
ENSG00000225683	-0.0302217970566194
ENSG00000287550	0.107771740109742
ENSG00000227455	0.288675812709651
ENSG00000130396	-0.0429357458875472
ENSG00000266896	-0.0200106965404136
ENSG00000288959	-0.156135847438896
ENSG00000008018	-0.120003961285767
ENSG00000177706	-0.221578028065305
ENSG00000286710	-0.107833744563643
ENSG00000164818	0.0357361742261614
ENSG00000164828	-0.122756366464149
ENSG00000178381	0.244760346539314
ENSG00000164877	0.110278463539798
ENSG00000157778	0.0426165103639289
ENSG00000225968	0.079137526217242
ENSG00000106263	-0.0840515823575248
ENSG00000288792	-0.0913599159573777
ENSG00000075624	-0.201919511398693
ENSG00000178397	0.0172404986881911
ENSG00000236609	0.136489833054251
ENSG00000205903	0.035746585201299
ENSG00000164654	-0.0423939425315983
ENSG00000106399	0.0293710456735276
ENSG00000106443	0.0433821191793703
ENSG00000224280	-0.0582079353959666
ENSG00000272361	-0.0974493742740139
ENSG00000106524	-0.00917807152951765
ENSG00000136261	-0.107064057088934
ENSG00000106537	-0.0245088210869037
ENSG00000164651	-0.12023336020033
ENSG00000136237	-0.25261112640322
ENSG00000136235	0.25725102911991
ENSG00000156928	0.0798094456333319
ENSG00000164548	0.0556474616645369
ENSG00000122585	0.276251522534421
ENSG00000105926	0.0409244054295624
ENSG00000233830	0.114920537351298
ENSG00000153814	-0.0414517040140836
ENSG00000106069	-0.0231357598460318
ENSG00000106080	-0.087512691846257
ENSG00000235859	-0.0401798701628916
ENSG00000006625	-0.0534840171185941
ENSG00000196295	-0.228504559781484
ENSG00000244480	-0.391300360986894
ENSG00000106105	-0.0657113534190246
ENSG00000240583	-0.9193341544075
ENSG00000272905	0.00771983852073895
ENSG00000122642	-0.0263287742292608
ENSG00000011426	-0.134602801493836
ENSG00000241127	0.0335160297821439
ENSG00000287584	-0.066076067076675
ENSG00000233225	-0.036027421951837
ENSG00000224116	-0.0860114662148757
ENSG00000136197	0.0668627667933366
ENSG00000106603	-0.0134978773453452
ENSG00000062582	0.131235045941763
ENSG00000078967	0.0850490802729378
ENSG00000241057	0.053616760678576
ENSG00000235314	-0.121211116209017
ENSG00000106633	-0.00268455639175068
ENSG00000106636	0.0712554625325908
ENSG00000158604	-0.129950745119969
ENSG00000105953	0.0257296935385449
ENSG00000122515	-0.043709610427143
ENSG00000196262	-0.153077880246667
ENSG00000260997	-0.261856540515269
ENSG00000136286	-0.307229336364623
ENSG00000232956	-0.0386157093935752
ENSG00000136274	-0.149140771564193
ENSG00000122679	-0.26016246868857
ENSG00000272556	0.0368147366046056
ENSG00000286315	-0.0109863260444432
ENSG00000136205	0.40387657667079
ENSG00000136273	0.0280926342860646
ENSG00000164746	0.0622220086612904
ENSG00000183696	-0.0641022200983511
ENSG00000132436	-0.0518816735037985
ENSG00000106070	-0.0745856029516642
ENSG00000170419	-0.00836120281341138
ENSG00000224223	-0.0263068060706825
ENSG00000146733	0.141174146327859
ENSG00000146731	-0.0934740067971069
ENSG00000214652	0.0722512338910677
ENSG00000234444	0.104731244838199
ENSG00000228653	0.0979069864847976
ENSG00000152926	0.152163457543728
ENSG00000169902	-0.221715774237286
ENSG00000179406	0.0413731024678538
ENSG00000196313	-0.0137298291924588
ENSG00000106638	-0.0172598100619828
ENSG00000106077	0.0472441281404291
ENSG00000165171	0.0504778171734313
ENSG00000106682	-0.0539630928599668
ENSG00000049541	-0.0599025085859995
ENSG00000106665	-0.0770926715979292
ENSG00000006704	0.0142736916632448
ENSG00000274523	0.126697502650395
ENSG00000127946	-0.0726562448000707
ENSG00000106211	0.378665462580396
ENSG00000214293	-0.00362663087223321
ENSG00000187257	0.0117963105051128
ENSG00000135211	-0.0553933343026527
ENSG00000006576	-0.0126940581257115
ENSG00000198822	-0.0290937325680319
ENSG00000261462	0.0327687648436625
ENSG00000182165	0.082906897046098
ENSG00000235436	-0.109537123114451
ENSG00000157240	0.280413841013269
ENSG00000127914	-0.0674963979691453
ENSG00000127993	-0.0101245533536059
ENSG00000234545	0.0138720497619751
ENSG00000205413	-0.00746327624427983
ENSG00000105829	0.0280808318863517
ENSG00000242265	-0.264364555108888
ENSG00000105854	0.104120812287206
ENSG00000004799	0.208863075720414
ENSG00000127922	0.0290767403012172
ENSG00000196636	0.101396136249068
ENSG00000006128	0.0197802980311046
ENSG00000164713	0.143153496909262
ENSG00000196367	-0.0317129022878179
ENSG00000198742	-0.0295184021643733
ENSG00000160917	-0.0105782516842185
ENSG00000160908	-0.0421474119885998
ENSG00000221909	0.0637394238423143
ENSG00000244219	-0.0551277152982882
ENSG00000197037	0.0842368552877514
ENSG00000273407	-0.171688175491321
ENSG00000176402	-0.0813836871696045
ENSG00000166997	-0.0933162869149246
ENSG00000188186	0.149435296156366
ENSG00000197093	0.0635095983776531
ENSG00000066923	-0.0747912598783419
ENSG00000213413	0.0218337879102099
ENSG00000205307	0.130142398879656
ENSG00000077454	0.0518005406834325
ENSG00000172354	-0.0517314309787814
ENSG00000146830	-0.0510003328445832
ENSG00000196411	-0.134466305251244
ENSG00000087077	0.241845886690594
ENSG00000087087	0.00338764050919263
ENSG00000106366	0.345909368993049
ENSG00000106367	-0.179791169539583
ENSG00000167011	-0.0875840088126366
ENSG00000106400	0.0209417688202445
ENSG00000160999	0.0473246478611219
ENSG00000213385	-0.0981190977729679
ENSG00000161048	-0.0269629323823931
ENSG00000224415	0.174458960052375
ENSG00000105819	-0.0538952758933755
ENSG00000105821	0.0265493289020487
ENSG00000235354	-0.210212370111667
ENSG00000228393	-0.0533148612526123
ENSG00000135249	-0.0163922206859156
ENSG00000272604	-0.0191570223991257
ENSG00000105835	-0.055610954109163
ENSG00000105865	0.0766300123075943
ENSG00000250474	-0.0741583474170351
ENSG00000241764	0.00831610010248102
ENSG00000128512	0.0112051836808939
ENSG00000198839	-5.77516961285914e-05
ENSG00000164603	0.021442030838091
ENSG00000164604	-0.163583915042362
ENSG00000214194	0.0617606793273499
ENSG00000227199	-0.162582703829602
ENSG00000008311	-0.016651724706351
ENSG00000230316	0.104946585919947
ENSG00000279419	0.0713859061744216
ENSG00000128513	-0.0113143879583088
ENSG00000280347	0.10033993087043
ENSG00000135245	-0.656227125323338
ENSG00000272601	-0.639293735735341
ENSG00000243302	-0.251756941032961
ENSG00000230715	-0.297376243083593
ENSG00000243679	-0.202166909631338
ENSG00000281490	-0.194519719198054
ENSG00000205085	0.000233787812824129
ENSG00000128596	0.0380539738049517
ENSG00000128602	0.22992090174807
ENSG00000243230	0.139524999230513
ENSG00000240204	-0.0683428639984468
ENSG00000229196	0.233911525419016
ENSG00000259920	0.292423938903868
ENSG00000236753	0.114900925041353
ENSG00000273489	0.105188285298317
ENSG00000128567	-0.299853493767346
ENSG00000236281	0.151137798532941
ENSG00000172331	0.0837155637600041
ENSG00000105875	-0.0154579099503382
ENSG00000080802	0.00513982015372107
ENSG00000155561	-0.0554458899038588
ENSG00000105894	0.159004330306326
ENSG00000230383	-0.0217715361803146
ENSG00000289438	0.234522936426016
ENSG00000271537	-0.191020079752049
ENSG00000157741	-0.0588127849106847
ENSG00000146963	0.013379334704613
ENSG00000236279	-0.224803844814355
ENSG00000260231	0.147974191110426
ENSG00000133606	-0.0185748823614689
ENSG00000146966	-0.00808562363126529
ENSG00000090266	0.135456561320814
ENSG00000090263	0.0734577580411314
ENSG00000127366	-0.116248430170124
ENSG00000270672	0.121827461725709
ENSG00000211772	0.317939224847811
ENSG00000165125	-0.100694387620183
ENSG00000159784	-0.160135289946083
ENSG00000232533	-0.013510801656139
ENSG00000159840	-0.193982200082635
ENSG00000170379	-0.0431773973317543
ENSG00000170260	0.0694923666158346
ENSG00000204946	-0.0957897487889195
ENSG00000244560	-0.126590514224958
ENSG00000273419	0.174980424891594
ENSG00000242258	0.213661091451894
ENSG00000055118	0.0913901548404109
ENSG00000164889	-0.0208702244030773
ENSG00000033100	-0.102373559592541
ENSG00000013374	-0.0471091016001124
ENSG00000106617	-0.0126288702145257
ENSG00000229591	-0.236170953076922
ENSG00000055609	0.0216371281625036
ENSG00000220575	-0.157039737035524
ENSG00000157219	-0.25107381986531
ENSG00000273117	-0.0566987375227081
ENSG00000164778	-0.082214191115829
ENSG00000184863	-0.111026406987861
ENSG00000234450	-0.283576725763888
ENSG00000146909	-0.0404877349963352
ENSG00000105993	0.0872310135158258
ENSG00000146918	-0.0442830419339288
ENSG00000126870	-0.0733013634687097
ENSG00000279852	-0.117980424983121
ENSG00000282375	-0.111342358742181
ENSG00000253764	-0.197908875155023
ENSG00000246089	-0.128139926588059
ENSG00000091879	-0.105752487945632
ENSG00000164821	-0.0328102768747525
ENSG00000239839	0.177887343064048
ENSG00000147324	0.000731129251091278
ENSG00000171056	-0.1949856538175
ENSG00000255310	0.131051310994575
ENSG00000280273	0.13989348763048
ENSG00000255020	0.41676633697365
ENSG00000186523	-0.108510486983705
ENSG00000242607	0.242600971531047
ENSG00000284663	-0.304651496107853
ENSG00000254917	0.0276512752502974
ENSG00000154359	0.0353972920204114
ENSG00000078674	-0.0343269059057812
ENSG00000245281	-0.0103202287246673
ENSG00000244018	0.526050740433991
ENSG00000104613	-0.145884483083295
ENSG00000175445	-0.148385690854424
ENSG00000158863	-0.14171074882297
ENSG00000168453	0.0484558461365732
ENSG00000168481	-0.06426668807676
ENSG00000168495	-0.126405675833835
ENSG00000104635	-0.420857775332466
ENSG00000120896	0.223558201894805
ENSG00000120913	0.117089553838955
ENSG00000241852	0.0774510001516292
ENSG00000253200	0.0287619783385039
ENSG00000261026	0.0198394955904871
ENSG00000248738	-0.166163523842569
ENSG00000120889	0.0266275957598587
ENSG00000289584	-0.0103722898355418
ENSG00000104679	0.0711762911072142
ENSG00000197217	-0.108074146926808
ENSG00000167034	0.382723721349263
ENSG00000159167	-0.053791318192075
ENSG00000104722	-0.223167552258299
ENSG00000287185	-0.00213571081909116
ENSG00000015592	-0.398035496537731
ENSG00000104228	-0.00496128426808312
ENSG00000120903	0.192169797098239
ENSG00000168081	0.0287155175065255
ENSG00000186918	-0.0197719817538127
ENSG00000246339	0.0399388105690576
ENSG00000147421	0.00184707289823535
ENSG00000289334	-0.33187737461773
ENSG00000285669	0.0616222055840977
ENSG00000272375	0.00665280726553754
ENSG00000279041	-0.0171059240472693
ENSG00000197265	-0.068887183922265
ENSG00000172733	-0.0286473286219187
ENSG00000272338	0.0977888662733531
ENSG00000133874	0.127683171238962
ENSG00000133878	-0.16179501701435
ENSG00000147475	-0.0187698756317013
ENSG00000187840	-0.0631991352595574
ENSG00000147535	-0.0639745990479931
ENSG00000165046	-0.0100021959203989
ENSG00000077782	0.0217841904890549
ENSG00000253570	0.00504117429140231
ENSG00000147526	-0.121285710320445
ENSG00000169499	-0.102062195438449
ENSG00000176907	-0.185045833520508
ENSG00000272479	-0.176098851958802
ENSG00000104332	0.0159783657530196
ENSG00000070501	0.0236709208475128
ENSG00000176209	0.058624275366729
ENSG00000131931	0.0923235051713171
ENSG00000255366	-0.169880156250725
ENSG00000253330	0.131116600861375
ENSG00000221869	0.0643059832192956
ENSG00000168300	0.0452314124423361
ENSG00000288611	0.192139309348439
ENSG00000260484	-0.0066349372040979
ENSG00000167904	-0.0284473849040149
ENSG00000236814	0.433364317414151
ENSG00000272343	0.075990523798301
ENSG00000241431	-0.0198931316067505
ENSG00000147571	0.523572841559362
ENSG00000185697	0.0302632932657393
ENSG00000121022	0.0304752868517863
ENSG00000104218	-0.0307746408756284
ENSG00000067167	0.108467450357504
ENSG00000147592	0.063033542126905
ENSG00000175606	-0.00394396378376896
ENSG00000137558	-0.209477129750782
ENSG00000121005	-0.0271031782291667
ENSG00000270866	0.120558008073997
ENSG00000091656	0.0838512802703237
ENSG00000076554	-0.0463691820911997
ENSG00000205189	0.139160618642666
ENSG00000253598	-0.00400094358696153
ENSG00000104231	0.0268100399018705
ENSG00000085719	0.0657045228088304
ENSG00000155099	0.169610784659118
ENSG00000205133	-0.0159014484006053
ENSG00000183808	0.0289900212412382
ENSG00000164953	0.0259204749468703
ENSG00000265817	0.220538281968723
ENSG00000164941	-0.0728428050896145
ENSG00000253878	-0.0704495353310811
ENSG00000254224	0.167296279668733
ENSG00000243504	-0.180789774931059
ENSG00000164919	0.145737286618734
ENSG00000034677	-0.0468952550295769
ENSG00000260368	0.30201434955855
ENSG00000164924	-0.0637165381783038
ENSG00000120963	-0.00162232943075576
ENSG00000236939	-0.252987930103129
ENSG00000247081	-0.251893515708965
ENSG00000164935	0.0906547392755564
ENSG00000104408	-0.00584170089861643
ENSG00000120533	0.0783806375272925
ENSG00000164794	-0.167854711591111
ENSG00000147677	0.0188822802901292
ENSG00000164761	-0.0682060472898322
ENSG00000147676	0.0152418632865106
ENSG00000136999	-0.114330977798614
ENSG00000155792	-0.0551589655683731
ENSG00000254343	-0.0637024979549779
ENSG00000156802	-0.0118523490702439
ENSG00000164983	0.0346775890992841
ENSG00000245149	-0.135370295381616
ENSG00000104549	-0.258732226919702
ENSG00000153317	0.0361221308703949
ENSG00000259820	0.0176816092161732
ENSG00000131773	0.0701657645203869
ENSG00000123908	-4.02397920234673e-05
ENSG00000279766	0.217465170563887
ENSG00000280303	-0.123436781786953
ENSG00000169398	-0.0339353919531627
ENSG00000184489	-0.297402426704428
ENSG00000198576	0.532772134319151
ENSG00000283992	0.0261942900605375
ENSG00000181638	0.137310829995017
ENSG00000104518	-0.106209683149356
ENSG00000204839	0.11629741002005
ENSG00000279605	0.0676459892638441
ENSG00000104529	-0.034340062632509
ENSG00000183309	-0.0191279510755005
ENSG00000180921	-0.0115028586244608
ENSG00000185189	-0.233129873784889
ENSG00000285599	-0.0612853788316571
ENSG00000178209	-0.109353441949596
ENSG00000178685	0.00909943500854813
ENSG00000178896	0.0131136434863737
ENSG00000179632	0.028699494789228
ENSG00000185122	0.13678216969278
ENSG00000185803	-0.00579097858644085
ENSG00000071894	-0.280187876709666
ENSG00000147799	-0.0570639850452528
ENSG00000196378	-0.0338737825722455
ENSG00000147789	-0.0489182405355819
ENSG00000170619	-0.00396446275875774
ENSG00000286681	-0.0325415298527045
ENSG00000196922	0.0813990644218189
ENSG00000255559	-0.180183137298792
ENSG00000147852	0.0114883830200711
ENSG00000080298	-0.0141727970429582
ENSG00000107036	-0.0416191695643442
ENSG00000147854	-0.0156450535755626
ENSG00000178445	0.0576702816990482
ENSG00000256968	0.218106617963926
ENSG00000230207	-0.0285628648356246
ENSG00000137038	0.0643211531372225
ENSG00000147862	0.100278896791959
ENSG00000214110	0.297513765930954
ENSG00000147872	0.0553071031134057
ENSG00000232176	0.0167018441702661
ENSG00000273226	0.293051697025129
ENSG00000137154	-0.0407835188292522
ENSG00000198642	0.0120314178758903
ENSG00000099810	0.00560289668992485
ENSG00000198680	0.0611630830108774
ENSG00000137055	-0.0539878432049616
ENSG00000147894	0.0155017853976934
ENSG00000107201	-0.0377859794262596
ENSG00000188133	-0.637645110065632
ENSG00000137074	-0.0392036570581734
ENSG00000122692	-0.0209383918353123
ENSG00000233554	0.0993116813396116
ENSG00000107262	-0.00302346340754541
ENSG00000086102	-0.0573632325399521
ENSG00000165271	-0.124066025036013
ENSG00000230453	-0.0637616865934773
ENSG00000281128	-0.0156398167978971
ENSG00000260947	-0.117732000255326
ENSG00000107341	-0.0530898873938082
ENSG00000198876	0.0679431574873881
ENSG00000164978	-0.191736306346647
ENSG00000168913	0.493174720136645
ENSG00000172724	-0.279042296162055
ENSG00000137094	0.167580502545046
ENSG00000273597	0.168997925691393
ENSG00000279489	0.517126204660011
ENSG00000165280	-0.170643883136876
ENSG00000165282	-0.153722323920459
ENSG00000005238	-0.0228456248968901
ENSG00000070610	-0.0128541659552775
ENSG00000107185	0.0811452701226792
ENSG00000159899	-0.0951858893238578
ENSG00000137098	0.0895139465578737
ENSG00000122705	-0.00895932706906685
ENSG00000175768	0.0906974044349663
ENSG00000165275	-0.0325790622151873
ENSG00000107371	-0.0089666706840829
ENSG00000279456	0.0049990052804426
ENSG00000284471	0.0938813201405739
ENSG00000233765	0.00104171138760796
ENSG00000187866	0.100135001789139
ENSG00000119138	-0.211055628985383
ENSG00000155621	-0.00811170198291893
ENSG00000288865	0.0877868627148493
ENSG00000135045	-0.051031612468424
ENSG00000156017	0.0126249277714774
ENSG00000135002	0.206133355251832
ENSG00000186940	0.259434494671995
ENSG00000237529	-0.0362650859534885
ENSG00000165118	0.0831654847561051
ENSG00000235298	-0.0413937994397802
ENSG00000165121	-0.0446316112256619
ENSG00000135052	0.0849343827040074
ENSG00000227638	0.0305037627817993
ENSG00000224945	0.0147895464244603
ENSG00000123975	0.158683441341385
ENSG00000130222	0.328999509896318
ENSG00000165023	0.0751975692909658
ENSG00000289123	0.370702976467047
ENSG00000148090	-0.00272707508858558
ENSG00000196305	-0.128859906083904
ENSG00000106809	0.0696464279643053
ENSG00000127083	-0.200291805023439
ENSG00000127081	-0.0371674759152953
ENSG00000165233	-0.0483726414613203
ENSG00000185920	0.069470434417726
ENSG00000225194	0.208384201064074
ENSG00000275465	-0.0706237700772202
ENSG00000081386	-0.0588328290876659
ENSG00000196312	-0.0236845514244388
ENSG00000196116	-0.0423996339292199
ENSG00000136925	0.0132291345702547
ENSG00000136937	0.0423215385676322
ENSG00000165138	-0.0168889062982168
ENSG00000106803	0.0789735459124432
ENSG00000119508	0.217721025136826
ENSG00000136891	0.023597337136579
ENSG00000066697	0.0253840180169417
ENSG00000148123	0.0419221939742412
ENSG00000136897	-0.00995989216154729
ENSG00000155827	-0.0785303274437813
ENSG00000165028	-0.134032090127274
ENSG00000106692	-0.013879191322219
ENSG00000148143	0.121892711213227
ENSG00000136826	0.418875133488089
ENSG00000136810	-0.0105013999415727
ENSG00000198121	-0.00207225558685605
ENSG00000148154	-0.0873664804248808
ENSG00000259953	-0.217102888739036
ENSG00000226609	0.00231201252314531
ENSG00000148158	0.00753443156578839
ENSG00000271631	0.0887743545380929
ENSG00000228623	-0.0362494624166034
ENSG00000225684	0.0253879567769266
ENSG00000136868	-0.0731727424408467
ENSG00000136875	-0.00172833293410921
ENSG00000119431	-0.0284416840921751
ENSG00000196739	-0.0269055940440573
ENSG00000136869	0.190836254696199
ENSG00000234782	-0.0867366953149272
ENSG00000095261	0.000463115770013859
ENSG00000119403	0.0158374893842907
ENSG00000106804	-0.0587296050374913
ENSG00000119397	0.0118678895542631
ENSG00000235865	-0.0167782917362485
ENSG00000148175	-0.0117076036697983
ENSG00000213467	0.0510622964719714
ENSG00000119421	0.0240059596529842
ENSG00000185681	0.0462294344846292
ENSG00000106852	0.086357873098484
ENSG00000136950	0.0477671312287452
ENSG00000165219	-0.0371079550785693
ENSG00000169155	0.0760624764278247
ENSG00000177125	0.0693378082138418
ENSG00000160401	0.412289088951167
ENSG00000095370	0.0507335681387255
ENSG00000136877	0.0374823821404334
ENSG00000106991	-0.0913701252503408
ENSG00000136840	0.00806236798811162
ENSG00000167103	0.0604599522699212
ENSG00000227218	0.330059892928035
ENSG00000148339	0.0835709027700578
ENSG00000234771	-0.0378023424207772
ENSG00000148346	-0.15128248529681
ENSG00000167112	-0.0380011310638019
ENSG00000207955	-0.248181678817818
ENSG00000167123	-0.0457655655767986
ENSG00000228510	0.225280329776592
ENSG00000280758	-0.245015671214794
ENSG00000160447	-0.115459438840838
ENSG00000160446	-0.0136845382979059
ENSG00000136802	-0.0202392931703557
ENSG00000175287	0.200331630508999
ENSG00000095319	0.0233113869447635
ENSG00000095321	0.0499492537025187
ENSG00000188483	-0.183853270137671
ENSG00000233901	-0.194499963425706
ENSG00000204054	-0.0049226383006157
ENSG00000136819	0.00500226483452057
ENSG00000288924	-0.0229152609826282
ENSG00000148358	-0.116715727976086
ENSG00000126883	-0.0211974499535986
ENSG00000130717	0.0554548806715535
ENSG00000165698	-0.00786424540584426
ENSG00000148308	-0.104710605175196
ENSG00000160271	-0.269163036465383
ENSG00000148296	-0.0709671024258929
ENSG00000148297	-0.0486425406989411
ENSG00000148303	-0.0772453047980135
ENSG00000148291	0.153597467998515
ENSG00000148248	-0.0852041109794022
ENSG00000148300	0.0199876288222808
ENSG00000235106	0.0625913360187759
ENSG00000148386	-0.399158684354941
ENSG00000130560	0.174328420220803
ENSG00000165661	-0.10020758774601
ENSG00000160360	0.0504851875828148
ENSG00000165688	-0.000425318898516238
ENSG00000148396	-0.0727928385872912
ENSG00000148400	0.081322565956305
ENSG00000267206	0.198393478518163
ENSG00000054148	0.0529912016720129
ENSG00000177943	-0.0937245874016155
ENSG00000107223	-0.0295249190439268
ENSG00000214402	-0.244347060712204
ENSG00000107331	-0.214655982946785
ENSG00000180539	-0.113667681510878
ENSG00000180549	-0.129401578737079
ENSG00000176248	-0.0740906506519757
ENSG00000188566	-0.0613709845165923
ENSG00000233198	-0.234777398123319
ENSG00000198569	-0.0818801623744527
ENSG00000198113	-0.0912755296476459
ENSG00000260996	0.0612321075003528
ENSG00000198435	0.396768657802462
ENSG00000151240	-0.0601086731110514
ENSG00000107929	-0.0179211960526772
ENSG00000107937	-0.0581924679141976
ENSG00000067064	-0.0898824405499543
ENSG00000107959	-0.0242921410281997
ENSG00000067082	0.134364961371188
ENSG00000187134	-0.265665677660272
ENSG00000287566	-0.479309817941064
ENSG00000270427	0.16420302977039
ENSG00000232807	-0.0634070199551464
ENSG00000134470	-0.00850974184391778
ENSG00000123243	0.124804907263348
ENSG00000134463	-0.0374581291737525
ENSG00000151461	-0.031254638663784
ENSG00000065665	-0.18111049124261
ENSG00000228302	-0.0330549737409108
ENSG00000086475	0.197703849705123
ENSG00000165626	-0.0143949545725695
ENSG00000187522	-0.0589836389836747
ENSG00000272853	-0.320892503066394
ENSG00000152455	0.043777066061038
ENSG00000026025	-0.191174589592522
ENSG00000165996	-0.071447038694849
ENSG00000260589	-0.312229758166704
ENSG00000136738	-0.00964872585885132
ENSG00000165997	0.0985314646913149
ENSG00000148444	0.017385088885281
ENSG00000107890	0.00874940100593639
ENSG00000120539	-0.0420883854954233
ENSG00000120616	0.00779339522039549
ENSG00000269952	0.380085837741153
ENSG00000229644	-0.0212393812831348
ENSG00000198105	-0.149585645074092
ENSG00000075407	-0.00285570959434905
ENSG00000272983	-0.179505088553271
ENSG00000165733	-0.00358078872938493
ENSG00000198915	-0.0558860045865234
ENSG00000243660	0.0540017137008494
ENSG00000196793	0.0505108574062982
ENSG00000169740	0.0225519552233945
ENSG00000107562	0.202941140213314
ENSG00000107551	-0.0818835650288406
ENSG00000165507	-0.522351732382122
ENSG00000172661	-0.00905747397919568
ENSG00000204172	-0.169835433239708
ENSG00000170324	-0.028926148235115
ENSG00000279822	-0.12126887605176
ENSG00000165633	0.0709554742735401
ENSG00000225830	0.00518855178594122
ENSG00000072401	0.099580781910083
ENSG00000165449	0.091413753000051
ENSG00000151150	-0.0461993351531395
ENSG00000138311	-0.165874027395688
ENSG00000122877	0.379992471341526
ENSG00000232075	0.287813854549068
ENSG00000108176	-0.22728594933839
ENSG00000148634	-0.015274241019482
ENSG00000226318	-0.152586889587587
ENSG00000108187	0.0139978660432017
ENSG00000107625	-0.0185396302993955
ENSG00000156510	0.157947654472439
ENSG00000148730	0.222400686282675
ENSG00000280401	0.0874787849943023
ENSG00000180644	-0.00964225901105867
ENSG00000138316	0.0346660689400717
ENSG00000166228	0.0729243341324038
ENSG00000237512	0.192323547709608
ENSG00000107738	0.0986583889135659
ENSG00000197746	-0.124268502390776
ENSG00000166295	0.1983909733339
ENSG00000200170	-0.263886961106102
ENSG00000168209	0.251186883358276
ENSG00000213551	-0.0155607966028221
ENSG00000156042	0.0181097359219556
ENSG00000138279	-0.0317679688819276
ENSG00000177791	0.115774899942369
ENSG00000214655	-0.066371166654261
ENSG00000185009	-0.0448735238407374
ENSG00000156650	0.0596546749196363
ENSG00000138326	-0.0317911356550563
ENSG00000165424	-0.0945865746534486
ENSG00000253626	0.174430601476919
ENSG00000280355	0.250033576335296
ENSG00000242600	-0.1733858915164
ENSG00000133678	-0.0600983150428353
ENSG00000108219	-0.087944633802681
ENSG00000148600	0.136736989598957
ENSG00000204033	0.0770790872181331
ENSG00000178429	0.349376506675334
ENSG00000173269	-0.0589191525617141
ENSG00000272734	0.00151734091871673
ENSG00000200253	0.686311680519618
ENSG00000198682	-0.0839501673037236
ENSG00000227268	0.162516017602417
ENSG00000138135	-0.456857524937257
ENSG00000119917	-0.004700296782557
ENSG00000185745	-0.103617471806025
ENSG00000152778	0.00224617369467111
ENSG00000232229	0.113099105294194
ENSG00000148688	-0.0329570047584956
ENSG00000234043	-0.0994077740929545
ENSG00000180581	0.464047331522447
ENSG00000272817	0.0532034864563049
ENSG00000095564	-0.110697824837195
ENSG00000119912	-0.0569955384014939
ENSG00000107438	-0.0455837643070794
ENSG00000138185	-0.0486053939769856
ENSG00000177853	-0.0625770974254681
ENSG00000197430	-0.233508470259943
ENSG00000052749	-0.0973698501678114
ENSG00000203942	-0.0483824450987613
ENSG00000119986	0.127660441374903
ENSG00000095713	0.0637359093708394
ENSG00000224934	-0.127558173160147
ENSG00000119929	0.00480772973474065
ENSG00000014919	-0.0259807857712045
ENSG00000107566	-0.0843418417088748
ENSG00000230224	-0.240723189274691
ENSG00000196072	0.157515015359797
ENSG00000235823	0.15379063093513
ENSG00000055950	0.0419577339693212
ENSG00000107815	0.0411880937364808
ENSG00000107819	-0.399289797046302
ENSG00000107821	0.140315582353633
ENSG00000107833	0.0240942664832599
ENSG00000198408	-0.148334075566169
ENSG00000198728	0.0122040646620003
ENSG00000148840	-0.0217233905932898
ENSG00000269609	-0.159007989266412
ENSG00000107882	0.057292317474703
ENSG00000076685	0.0164637365223519
ENSG00000148835	0.0375916206598671
ENSG00000173915	0.116538794769492
ENSG00000148843	-0.11785952595412
ENSG00000148834	-0.0195637676690111
ENSG00000138166	0.159621565814677
ENSG00000203497	0.228707805367455
ENSG00000197142	-0.193364276144866
ENSG00000148737	0.0297448383188644
ENSG00000196865	0.0611269549011225
ENSG00000165816	-0.054370516079295
ENSG00000151553	-0.00379361789673678
ENSG00000232767	0.136417733525343
ENSG00000165868	-0.129169016296404
ENSG00000277879	-0.0457910185851233
ENSG00000229847	0.22217978190124
ENSG00000277687	-0.0376291814072417
ENSG00000119979	0.0041077506567696
ENSG00000198825	-0.153786694980419
ENSG00000203805	-0.0707364996444033
ENSG00000177234	0.042973640700559
ENSG00000107679	-0.0314182394787102
ENSG00000166033	0.0633806006475039
ENSG00000179988	-0.0166306463076775
ENSG00000175029	0.114446792742118
ENSG00000273599	0.231616507896669
ENSG00000107949	0.091359416178675
ENSG00000150760	0.00085399871778573
ENSG00000277218	-0.0579990204996629
ENSG00000175470	0.024114785370189
ENSG00000188385	-0.0888435337192813
ENSG00000165752	0.0346803178612358
ENSG00000068383	-0.021932505122656
ENSG00000256925	0.0442263714659143
ENSG00000198546	0.110522480449202
ENSG00000148824	-0.0907970538600323
ENSG00000214279	-0.0039097977471147
ENSG00000277290	-0.0505832209866652
ENSG00000255026	-0.0450441820771442
ENSG00000185201	-0.177490555562857
ENSG00000185885	-0.517158380471754
ENSG00000247095	-0.114761614333236
ENSG00000070047	0.0265033211721072
ENSG00000255142	0.00148634205719411
ENSG00000199785	-0.371558962366003
ENSG00000177666	0.105244259390479
ENSG00000177697	-0.0955320005283571
ENSG00000177700	0.294345210398184
ENSG00000255153	0.172684829128172
ENSG00000244242	0.111645135354646
ENSG00000117984	-0.0348943890245234
ENSG00000226416	0.00377696329911021
ENSG00000110651	-0.0801977058416811
ENSG00000237941	-0.134514980187354
ENSG00000110619	-0.0649659629471062
ENSG00000110713	0.00892116084486121
ENSG00000167333	-0.0679947949904154
ENSG00000244734	0.71197638130808
ENSG00000213934	0.149370827837948
ENSG00000175518	0.0184907955448085
ENSG00000051009	-0.088168834586336
ENSG00000132259	-0.0719442441830214
ENSG00000166311	5.48104898922359e-05
ENSG00000132254	-0.074887517687793
ENSG00000254595	-0.352584121525913
ENSG00000179532	-0.00821271236547237
ENSG00000166333	-0.0669135855881948
ENSG00000166340	0.0595968844191079
ENSG00000175390	0.0226665158129782
ENSG00000254921	-0.117581503423144
ENSG00000166444	0.0598812289966852
ENSG00000175348	0.0691126240051502
ENSG00000175352	0.0781348587185212
ENSG00000148926	-0.0738834095929847
ENSG00000198730	0.00400571225765336
ENSG00000247271	0.0875709833085384
ENSG00000189431	0.234197094250038
ENSG00000187486	-0.126675905367496
ENSG00000129158	0.0417775033394584
ENSG00000166788	-0.0872198945125408
ENSG00000134333	-0.309493975707845
ENSG00000074319	-0.0217225839142907
ENSG00000179119	0.0957554163592702
ENSG00000091664	0.0952101618489191
ENSG00000183161	0.121775621544726
ENSG00000176697	-0.195488038531839
ENSG00000152219	-0.0490065936337685
ENSG00000242353	0.220416586582453
ENSG00000149100	0.00225136033567115
ENSG00000270903	-0.165984234128023
ENSG00000280798	-0.0514868071125716
ENSG00000205177	0.182142816821308
ENSG00000085063	-0.0756263753672962
ENSG00000121691	0.128630180754417
ENSG00000166326	-0.0286548618282559
ENSG00000166352	0.0129406378679368
ENSG00000283341	-0.233335125691692
ENSG00000166199	-0.012752055304777
ENSG00000213693	0.16635283563153
ENSG00000187479	-0.0276758706143765
ENSG00000244953	0.0804761473560606
ENSG00000121671	-0.0510541525151028
ENSG00000121680	-0.0257373545591868
ENSG00000157613	0.0836068167724216
ENSG00000110492	0.308929854520717
ENSG00000175213	0.157421847996328
ENSG00000270060	-0.0493792524870475
ENSG00000165915	-0.0854308787993584
ENSG00000254567	0.210428358121347
ENSG00000149115	-0.063700223506934
ENSG00000149136	-0.117976311182057
ENSG00000186907	-0.128452426604068
ENSG00000134809	0.0449855174052793
ENSG00000240371	0.0826850540013676
ENSG00000149131	-0.120778012406999
ENSG00000166793	-0.39668753536372
ENSG00000198561	-0.0408592747935243
ENSG00000245571	-0.0390645830611922
ENSG00000110042	-0.020456889367195
ENSG00000166902	0.0216108540687385
ENSG00000110104	-0.101633976006533
ENSG00000183134	0.60426855898886
ENSG00000110108	-0.119904703926827
ENSG00000167987	0.0189761137173911
ENSG00000167986	-0.0285990246965381
ENSG00000187049	0.139614296225099
ENSG00000149532	-0.0561660735058828
ENSG00000167985	0.061408217538999
ENSG00000162148	0.111000312491965
ENSG00000168496	-0.0412869924773999
ENSG00000221968	-0.210766116795104
ENSG00000124935	0.374289997474504
ENSG00000124942	0.0544306825045871
ENSG00000254772	-0.0399151091438137
ENSG00000149016	0.0284178630828524
ENSG00000149480	0.109469416278288
ENSG00000149499	-0.0915566934562381
ENSG00000089597	-0.173681428789194
ENSG00000162194	-0.044346229319744
ENSG00000177363	0.126830707755374
ENSG00000269176	-0.0181069190690869
ENSG00000162231	0.0195495131200209
ENSG00000133316	-0.0739755375917405
ENSG00000168003	0.159074377594033
ENSG00000257002	-0.416778839698562
ENSG00000184743	-0.0639306479856858
ENSG00000256481	0.0942743701784818
ENSG00000168439	0.031670544034146
ENSG00000110011	0.221815661094533
ENSG00000002330	0.12970134760054
ENSG00000219435	0.0355934796500658
ENSG00000173113	-0.016406911519824
ENSG00000289058	0.086848247725655
ENSG00000168066	0.030548135289375
ENSG00000168067	0.0330389274032974
ENSG00000110046	0.0561461910060293
ENSG00000068971	-0.0439619975528966
ENSG00000110025	0.0281099054552889
ENSG00000168061	0.0838361172551349
ENSG00000149792	-0.101387050439299
ENSG00000173825	0.0603542163548169
ENSG00000126391	-0.0554356014212068
ENSG00000168056	0.0901515203933582
ENSG00000173338	0.0316314695093528
ENSG00000197136	-0.010716248706757
ENSG00000172922	-0.0515790638412521
ENSG00000172757	-0.0761445176109953
ENSG00000172638	0.165995136883473
ENSG00000175592	0.478640975617874
ENSG00000175334	-0.0781703147407401
ENSG00000087365	-0.107835131067128
ENSG00000175115	0.0275264833449451
ENSG00000254855	-0.144140381665679
ENSG00000179292	-0.162158854529247
ENSG00000174669	-0.161021172953351
ENSG00000254510	0.0149555168516273
ENSG00000174576	0.389396677385702
ENSG00000239306	-0.0148141316319381
ENSG00000173933	0.0184048170848602
ENSG00000173914	0.0975708207407843
ENSG00000173156	0.094572718160964
ENSG00000172932	0.0592284996199032
ENSG00000172508	-0.204079906432142
ENSG00000110711	0.0656213043681054
ENSG00000110697	0.0479233807184689
ENSG00000084207	0.054199713647499
ENSG00000132744	0.752701667225619
ENSG00000239559	0.286943826771275
ENSG00000110721	-0.00717087710301657
ENSG00000162337	0.039168405182066
ENSG00000110090	0.149882320779519
ENSG00000261625	0.229320372847989
ENSG00000162341	0.00157732008294782
ENSG00000255980	0.103532961069394
ENSG00000085733	-0.0531827828603392
ENSG00000172893	-0.0835622266681852
ENSG00000172890	-0.0827773380699741
ENSG00000137497	-0.0721570876148602
ENSG00000184154	0.188315859319567
ENSG00000165458	0.0687516242784481
ENSG00000214530	0.0116917075047694
ENSG00000171631	-0.0491110847447033
ENSG00000110237	-0.175769677733096
ENSG00000054967	-0.0291738464906028
ENSG00000175581	-0.0352438876433121
ENSG00000077514	-0.0714334951785848
ENSG00000255136	-0.186282525567651
ENSG00000261594	0.0172048943044624
ENSG00000137492	0.033962008098112
ENSG00000179240	-0.218395287462196
ENSG00000236304	-0.0256233781207085
ENSG00000137507	-0.186700144777887
ENSG00000182704	0.138545721786077
ENSG00000255100	-0.074204388733432
ENSG00000149260	0.0911617555174753
ENSG00000227097	0.524023930726929
ENSG00000247137	-0.0241897167647996
ENSG00000137500	0.121889217889894
ENSG00000171204	0.052362778501667
ENSG00000171202	0.0745886648905403
ENSG00000179071	0.280067581161324
ENSG00000074266	0.0246241963558994
ENSG00000255222	0.19923948992208
ENSG00000278989	-0.162907962121015
ENSG00000150687	-0.0894827551875304
ENSG00000110172	0.213928828315938
ENSG00000182919	-0.0252817013161222
ENSG00000042429	0.0267634833866494
ENSG00000168876	-0.01120509976032
ENSG00000150316	0.0650090574651633
ENSG00000263465	-0.0067579933046538
ENSG00000270689	0.282193276371652
ENSG00000137691	0.110085611390265
ENSG00000023445	0.0533837071233477
ENSG00000152558	0.0161631464012061
ENSG00000196954	-0.0836283167461203
ENSG00000204397	-0.0152123848048207
ENSG00000149313	-0.0189713154789751
ENSG00000152404	-0.0314334473112243
ENSG00000149311	-0.0439880218226214
ENSG00000214290	0.0771253612483333
ENSG00000288097	0.363542128957655
ENSG00000286028	0.00296226595788389
ENSG00000170145	0.0298184341580493
ENSG00000086848	-0.0633518231321134
ENSG00000255561	0.196383681609844
ENSG00000150776	0.0269688054559251
ENSG00000150779	0.143757015361179
ENSG00000197580	0.000635577959661871
ENSG00000150787	0.0457990801780591
ENSG00000250303	0.093176449206409
ENSG00000227487	-0.0561699532860213
ENSG00000170209	0.00423004614159274
ENSG00000166682	-0.143198299283246
ENSG00000255710	-0.101865784001625
ENSG00000109917	0.0260260943101572
ENSG00000160584	0.0418451513082442
ENSG00000149577	-0.214864551031218
ENSG00000280143	-0.0517721127263886
ENSG00000149573	-0.171881969270679
ENSG00000198851	0.0749651699930374
ENSG00000110344	-0.0242203861646912
ENSG00000167283	0.0871584491938767
ENSG00000118096	0.0217797663975488
ENSG00000255176	-0.131229840298196
ENSG00000186174	0.104928654635697
ENSG00000254428	-0.230763313077403
ENSG00000137700	-0.153628935749479
ENSG00000149428	-0.166763799432709
ENSG00000271751	-0.0197798497009701
ENSG00000160703	-0.00983035132173199
ENSG00000036672	0.0550666195303877
ENSG00000154134	0.113420600893771
ENSG00000165478	0.287577562344199
ENSG00000285825	0.161710343162763
ENSG00000255537	0.0592689483682892
ENSG00000134910	-0.0785955867264787
ENSG00000110060	-0.00250007049736657
ENSG00000182934	-0.245016160703471
ENSG00000280832	-0.0865751813387286
ENSG00000254960	-0.0535761307550592
ENSG00000134954	0.0471054490239459
ENSG00000254703	-0.0314022607043416
ENSG00000134917	0.0155257261704581
ENSG00000120451	0.0316259651330722
ENSG00000151503	-0.0344134541618283
ENSG00000226210	0.152805303667503
ENSG00000120645	0.0597874346555716
ENSG00000111181	0.17190545846406
ENSG00000073614	0.0195571857717769
ENSG00000177406	0.0512078798217016
ENSG00000002016	-0.0387023989564245
ENSG00000171823	0.242248910898755
ENSG00000151065	0.000485978136655848
ENSG00000004478	0.235075323665364
ENSG00000171792	0.0714229439560832
ENSG00000250899	-0.0831607047579319
ENSG00000078237	0.0627160804645921
ENSG00000047621	-0.0219035207724077
ENSG00000130035	-0.0287778642253465
ENSG00000110799	-0.352141145251976
ENSG00000067182	-0.192828509886426
ENSG00000139192	0.0853459704711521
ENSG00000139190	-0.205748289588007
ENSG00000010292	-0.0626174860086777
ENSG00000245667	0.0574152385202298
ENSG00000111642	-0.0059134009631034
ENSG00000111653	-0.0856323122159443
ENSG00000139200	-0.117197328216345
ENSG00000089693	-0.0254084793502294
ENSG00000275703	0.390168371790766
ENSG00000182326	-0.432443518654179
ENSG00000159403	-0.569131972385808
ENSG00000139178	-0.385467457026355
ENSG00000139194	-0.106581587379368
ENSG00000139182	-0.205758058112261
ENSG00000139197	-0.202167218301452
ENSG00000059804	-0.422528246786192
ENSG00000065970	-0.071460976778904
ENSG00000276417	0.000669793305998498
ENSG00000275367	-0.162441479984526
ENSG00000166523	-0.118831343707594
ENSG00000166532	0.167439777447989
ENSG00000257027	0.0168469496414654
ENSG00000110852	-0.117769914911766
ENSG00000111196	-0.00241785750527614
ENSG00000060138	-0.155547803203571
ENSG00000111215	-0.166672887451076
ENSG00000212124	0.231666154066539
ENSG00000256436	-0.021123196231302
ENSG00000256537	-0.0158277639042615
ENSG00000183150	0.0406355041904618
ENSG00000178878	-0.0833781674458575
ENSG00000134531	0.0452642409129079
ENSG00000069431	-0.129655487661548
ENSG00000060982	0.00937860762136767
ENSG00000274987	-0.0242574704778238
ENSG00000247903	-0.0362331797118147
ENSG00000029153	-0.0411721933806722
ENSG00000276261	-0.148312242300687
ENSG00000087494	0.297558576698821
ENSG00000174718	-0.0762306785915684
ENSG00000139132	0.0110658369525429
ENSG00000175548	0.0199903615228637
ENSG00000257718	0.447846387894349
ENSG00000188906	0.00800168909629211
ENSG00000151233	0.00125516254248987
ENSG00000289229	-0.0725153029791235
ENSG00000111371	-0.00507046687696517
ENSG00000258116	0.435757672694032
ENSG00000111405	0.233867519986721
ENSG00000280054	0.257081295520727
ENSG00000274902	0.215421798915976
ENSG00000061273	-0.0809297182206434
ENSG00000134291	0.140190713750964
ENSG00000187166	0.0998663347343713
ENSG00000129315	0.147964216107973
ENSG00000174233	-0.107535058329245
ENSG00000257660	0.0240766868097364
ENSG00000172602	0.207106452659191
ENSG00000167548	0.038376851039679
ENSG00000167552	-0.405782177210376
ENSG00000139644	0.00106541132973007
ENSG00000161798	0.242322759916873
ENSG00000086159	0.268181104886864
ENSG00000161800	-0.0150118182854194
ENSG00000110881	0.0433697918121834
ENSG00000178449	0.0470758313919373
ENSG00000123268	0.021968897535825
ENSG00000185432	0.133927148168858
ENSG00000274156	0.153321773031333
ENSG00000050426	-0.168104712298768
ENSG00000184271	0.0262136843241223
ENSG00000050438	-0.0886864407363507
ENSG00000139567	-0.248321605450293
ENSG00000161835	-0.0184621660305989
ENSG00000123358	0.672097094060601
ENSG00000259884	0.727570516290268
ENSG00000123395	0.0736838252301932
ENSG00000139651	0.0137395465931979
ENSG00000172819	-0.0104253560086799
ENSG00000094914	0.0232855115686384
ENSG00000205352	-0.0833019241925517
ENSG00000139625	-0.161343032468376
ENSG00000170653	-0.0155164372424375
ENSG00000135390	0.0418275005933629
ENSG00000012822	-0.14809912801667
ENSG00000123405	-0.117201711893954
ENSG00000111481	-0.0490445396360414
ENSG00000139572	-0.0882798362115645
ENSG00000135426	-0.114354714097314
ENSG00000135424	0.0953589657376834
ENSG00000205323	-0.0631824344992922
ENSG00000257509	0.0905277208632238
ENSG00000182796	-0.030922608320773
ENSG00000170473	0.0876437714541441
ENSG00000123374	-0.123045293904521
ENSG00000273890	-0.226853558289226
ENSG00000139641	-0.183339001293815
ENSG00000139645	-0.0941087062988507
ENSG00000257303	0.0907706928811926
ENSG00000257740	0.00664335135100913
ENSG00000135473	-0.149718588831684
ENSG00000111602	-0.0154847618580987
ENSG00000076067	-0.0266667266031415
ENSG00000076108	-0.038526340894903
ENSG00000196531	-0.0387520199093185
ENSG00000166863	0.0872102658382143
ENSG00000166881	-0.0274476985479322
ENSG00000166888	-0.0729612111734099
ENSG00000123384	0.0193492247187228
ENSG00000182199	0.127890106518384
ENSG00000166986	-0.0764907500186577
ENSG00000175197	0.191217806503139
ENSG00000166987	0.0136004950213447
ENSG00000135502	-0.122642458013612
ENSG00000111012	-0.0460102152898957
ENSG00000269903	0.179360374108553
ENSG00000175215	-0.0527308593776132
ENSG00000166896	0.0352367440563453
ENSG00000257698	0.207236388987376
ENSG00000257354	-0.0358819052001732
ENSG00000111110	-0.0495873882125483
ENSG00000135677	-0.146678107603387
ENSG00000174106	-0.0613972193341767
ENSG00000276853	0.230511343412672
ENSG00000139233	0.105172709362803
ENSG00000090376	-0.0275519633880393
ENSG00000256037	-0.0503769836271973
ENSG00000111554	0.035927229842602
ENSG00000234925	0.354946275522849
ENSG00000111581	-0.0544127999799783
ENSG00000166226	-0.0103159940713723
ENSG00000111596	-0.0182931873651148
ENSG00000173451	0.0605350238338601
ENSG00000139291	-0.0166752150092186
ENSG00000273987	0.0134559511607243
ENSG00000179941	-0.00346472092604708
ENSG00000111058	0.0299005509910465
ENSG00000133773	0.0517860689614723
ENSG00000072041	-0.121766201411445
ENSG00000289218	-0.017426776891642
ENSG00000133641	0.240643150199663
ENSG00000271382	0.0313429204759248
ENSG00000139343	0.0043850943414717
ENSG00000111144	-0.0607427665802449
ENSG00000120868	-0.0932271515168304
ENSG00000214203	-0.00393902830058618
ENSG00000280088	-0.0156721456016226
ENSG00000238105	-0.0675742980659055
ENSG00000120860	0.0427896970725301
ENSG00000139352	0.190254634369596
ENSG00000204954	-0.0255802551433906
ENSG00000136044	0.174383769389402
ENSG00000074590	-0.135821000156464
ENSG00000136026	-0.00103506867911128
ENSG00000287957	-0.0107351536548559
ENSG00000187855	0.0836149328981338
ENSG00000084112	0.0259785135634291
ENSG00000135093	-0.0159433094822612
ENSG00000189046	0.0270017134541479
ENSG00000076248	0.213973554671389
ENSG00000076555	0.185857070344013
ENSG00000139428	-0.0563907676442968
ENSG00000110921	-0.150640663988471
ENSG00000174456	-0.0447992394401468
ENSG00000286220	-0.142120752179225
ENSG00000122986	-7.21294822467579e-05
ENSG00000198324	0.150430275199403
ENSG00000234608	-0.102448532196557
ENSG00000111300	-0.0757067714921893
ENSG00000213152	-0.013871568431255
ENSG00000089009	-0.0122683019664882
ENSG00000089169	0.154135170181326
ENSG00000089127	-0.104633252528713
ENSG00000111335	-0.047694513757767
ENSG00000111344	-0.148217254872503
ENSG00000186815	0.115282722625743
ENSG00000089060	-0.0698157587065916
ENSG00000151176	-0.199915465477533
ENSG00000139410	0.127869885385
ENSG00000122965	-0.0675220576725526
ENSG00000135111	0.0438496967969095
ENSG00000123066	-0.000595926355723746
ENSG00000196668	-0.387014622847251
ENSG00000275898	-0.0909762953580536
ENSG00000135116	0.0496385770734055
ENSG00000135108	-0.0573157936545353
ENSG00000111445	-0.0549459032974491
ENSG00000277873	-0.0116338357387798
ENSG00000255618	0.152626827366751
ENSG00000256609	0.128511765485123
ENSG00000111725	-0.0804596668323976
ENSG00000089154	-0.0571436409897772
ENSG00000089157	-0.206110240328781
ENSG00000089159	-0.0789102834238983
ENSG00000089163	0.0437611515314079
ENSG00000239881	0.255800000284343
ENSG00000170855	-0.0199326672976389
ENSG00000088986	0.033737015770904
ENSG00000248008	0.0435611891435285
ENSG00000167272	0.103438012378823
ENSG00000110917	-0.0777676407486312
ENSG00000175970	0.138663178496832
ENSG00000170633	-0.0571872580681709
ENSG00000276045	0.0490118689740407
ENSG00000158113	0.0433590440126043
ENSG00000130787	-0.00750277659897704
ENSG00000280138	0.0654781368828052
ENSG00000130921	-0.00598462289669376
ENSG00000269980	-0.0210997236409994
ENSG00000188026	-0.00445243434396863
ENSG00000274427	0.273710804567538
ENSG00000111364	-0.0461006632481009
ENSG00000119242	-0.105528025027267
ENSG00000196498	0.0759144118619256
ENSG00000150991	0.0980624440238777
ENSG00000150990	-0.0172294394130253
ENSG00000274695	-0.199368686012033
ENSG00000183495	-0.101076690384852
ENSG00000185684	0.0176043577739339
ENSG00000112787	0.121116174341989
ENSG00000280287	-0.00592209164048669
ENSG00000176894	0.223448697605748
ENSG00000247077	-0.00508079819322519
ENSG00000176915	0.00357213239744765
ENSG00000250790	0.0285402054825512
ENSG00000196458	-0.019501898226805
ENSG00000214029	-0.042862997849636
ENSG00000256223	0.00884096406205861
ENSG00000090612	0.0320976198792711
ENSG00000121390	-0.0104461733912772
ENSG00000121741	0.0462711668978913
ENSG00000165474	0.488155302236331
ENSG00000277020	-0.0775421095928528
ENSG00000150456	0.102501101531044
ENSG00000173141	0.0844772051591823
ENSG00000151835	-0.0722436894740948
ENSG00000228741	-0.0419613662168304
ENSG00000232858	0.191753664928662
ENSG00000127870	0.0507905042042559
ENSG00000122034	0.0436267669861888
ENSG00000186184	-0.00630086673015977
ENSG00000102755	-0.142056421675292
ENSG00000279393	-0.0269859379526497
ENSG00000139508	-0.102470994132707
ENSG00000139514	-0.149447841131014
ENSG00000132952	0.0649994954056554
ENSG00000120694	0.231666065134094
ENSG00000261728	-0.4806889722705
ENSG00000183722	0.0156998146469746
ENSG00000102738	0.032024212149737
ENSG00000120696	-0.0514858784002088
ENSG00000214222	0.297781110270538
ENSG00000179813	0.276362277860514
ENSG00000102804	0.00681892357952167
ENSG00000278156	-0.0303648907683321
ENSG00000265802	-0.170329143506875
ENSG00000174032	0.131100754880504
ENSG00000136167	-0.180845200793238
ENSG00000136159	0.109446275347966
ENSG00000136161	0.0653245648881641
ENSG00000152207	0.0582862146290602
ENSG00000123179	0.0515285818891116
ENSG00000136104	0.0465190075980185
ENSG00000232872	0.0505226947004591
ENSG00000243406	-0.0919722184479169
ENSG00000136108	0.0259627081907665
ENSG00000165416	-0.0263466598938478
ENSG00000136149	-0.0182266096278526
ENSG00000280165	-0.134939926490979
ENSG00000083520	-0.0742440055060499
ENSG00000188243	0.188294864383272
ENSG00000238230	0.0816647782734835
ENSG00000276809	-0.218487188515603
ENSG00000134882	-0.0605681819426965
ENSG00000139800	0.298201530851926
ENSG00000289594	0.714097361729236
ENSG00000151287	0.0950093415293798
ENSG00000134901	-0.0283138389417957
ENSG00000233532	-0.0814254408778811
ENSG00000274718	-0.164556043289737
ENSG00000275248	-0.0706537591920524
ENSG00000187498	-0.166950857331019
ENSG00000134871	-0.128043839782718
ENSG00000275880	-0.168645430700382
ENSG00000153487	0.0820662603411366
ENSG00000102606	-0.0200503306868612
ENSG00000126216	-0.0073700458627139
ENSG00000126217	-0.0223594325135583
ENSG00000267868	-0.166199971699309
ENSG00000269356	-0.091318999860814
ENSG00000269376	-0.262645267349856
ENSG00000126226	-0.0880650128314124
ENSG00000150401	-0.0106995247881719
ENSG00000272695	0.0713186319507559
ENSG00000185989	-0.04908573391574
ENSG00000130177	-0.0647142282039302
ENSG00000285672	-0.000463089980094168
ENSG00000260615	-0.344036765251909
ENSG00000136319	0.0219816421162847
ENSG00000129484	-0.0874003412814137
ENSG00000129566	-0.0555532760286763
ENSG00000198805	0.0515352404932113
ENSG00000169397	-0.503280741000587
ENSG00000136315	-0.501304522866725
ENSG00000169385	-0.810200527607485
ENSG00000165792	0.039747527120243
ENSG00000092201	-0.06825974862557
ENSG00000260830	-0.157461269644728
ENSG00000100888	-0.0582327428571655
ENSG00000100439	0.108565215638511
ENSG00000172590	0.114251269685524
ENSG00000197324	-0.00191702107747433
ENSG00000280129	-0.131037128694203
ENSG00000139880	0.180436444452268
ENSG00000100813	-0.0183362304816782
ENSG00000179933	0.0188607878919466
ENSG00000092068	0.0475848773542649
ENSG00000129460	0.0482781715795673
ENSG00000187630	0.0548524444512027
ENSG00000100911	-0.0937586408072028
ENSG00000092098	0.00400135323817496
ENSG00000196497	-0.0744698655811182
ENSG00000100926	-0.0712582385110046
ENSG00000288044	0.433896917335015
ENSG00000196943	0.00661870396731427
ENSG00000100441	0.0108407728020848
ENSG00000100453	0.0877109003646313
ENSG00000197358	0.214428965384803
ENSG00000257056	0.0564689925852026
ENSG00000129518	0.0815288431651948
ENSG00000100902	-0.0432419211193455
ENSG00000100906	0.199890663109258
ENSG00000136352	0.236630593157117
ENSG00000136327	0.0130129569285952
ENSG00000278147	0.0477721064272333
ENSG00000129534	0.0295857119963789
ENSG00000244053	0.230860728890129
ENSG00000165501	0.0369059323381027
ENSG00000100504	-0.108415942443691
ENSG00000100505	-0.0479238653714804
ENSG00000087302	-0.00916666971324023
ENSG00000180998	0.0579584543040153
ENSG00000100523	-0.00259210635695935
ENSG00000131981	-0.154650742899083
ENSG00000279392	-0.0351050071078119
ENSG00000126775	-0.108271957083327
ENSG00000259318	-0.0719470820728708
ENSG00000100567	-0.051896271061445
ENSG00000258378	0.0703635344563474
ENSG00000100575	-0.00975818482447026
ENSG00000100578	-0.0457878047072812
ENSG00000165617	-0.265948416746643
ENSG00000100592	-0.00143332078174061
ENSG00000126814	-0.014413440120749
ENSG00000284664	-0.0939831819960448
ENSG00000089775	-0.0482196796617034
ENSG00000179841	-0.0402839348867979
ENSG00000125952	0.100206047873441
ENSG00000259078	0.0704054919548392
ENSG00000033170	-0.0228964271600355
ENSG00000198133	-0.0167577374557332
ENSG00000081181	0.0110690590324328
ENSG00000072121	-0.0200692507920201
ENSG00000287385	0.10360007581207
ENSG00000289626	-0.0409116831282578
ENSG00000072110	-0.321046849082595
ENSG00000258967	-0.0663537020785214
ENSG00000100650	-0.135596916576437
ENSG00000133983	0.132294616295233
ENSG00000133997	-0.082699535904847
ENSG00000133985	-0.0267867677540847
ENSG00000274818	0.180515045244799
ENSG00000100731	-0.0729769858266102
ENSG00000100767	0.0708928661648659
ENSG00000258376	-0.0630635265388212
ENSG00000156030	0.101941493855739
ENSG00000259065	0.174746857413111
ENSG00000270140	0.151716148800372
ENSG00000119596	-0.0211315970460834
ENSG00000119689	-0.0511649340135564
ENSG00000119640	0.00770491269765497
ENSG00000119638	-0.0873388319784343
ENSG00000170348	-0.229083237417776
ENSG00000273565	-0.290602101137934
ENSG00000289340	0.438724801797987
ENSG00000170345	0.312836125348837
ENSG00000140044	0.243910753319283
ENSG00000133935	-0.00623509542592661
ENSG00000119650	0.00409166706119102
ENSG00000259081	-0.163301145848409
ENSG00000013523	-0.119181441056058
ENSG00000100577	-0.0481152574600219
ENSG00000100591	-0.0836134951475288
ENSG00000119705	0.0417268970726493
ENSG00000100603	-0.0143902578695359
ENSG00000042317	-0.0197565028612321
ENSG00000258752	0.186286507455149
ENSG00000119720	-0.0209777542973653
ENSG00000100815	0.00770176256546038
ENSG00000066427	-0.00668681121611201
ENSG00000183648	0.148385774083775
ENSG00000100600	-0.104551377227129
ENSG00000100604	-0.274700145126701
ENSG00000011114	0.0730801230657014
ENSG00000278396	-0.0312004074041362
ENSG00000197249	-0.938923856288187
ENSG00000196136	-1.22434690422506
ENSG00000250366	-0.0690203948004968
ENSG00000168398	-0.0347073685412549
ENSG00000100744	-0.124409664005545
ENSG00000090060	0.115199612852999
ENSG00000197119	-0.298516384116421
ENSG00000140105	-0.252066179065326
ENSG00000223403	-0.181894268223443
ENSG00000272444	-0.176234192907296
ENSG00000197102	-0.159807625821039
ENSG00000140153	0.0251564900427867
ENSG00000196663	-0.0584613181683539
ENSG00000089902	-0.0443018831605836
ENSG00000075413	-0.0139422197595977
ENSG00000260285	-0.439213442010766
ENSG00000256053	0.0962915576900609
ENSG00000246451	-0.416043616250453
ENSG00000126215	-0.0126409674659462
ENSG00000156411	0.0303476852317224
ENSG00000258701	0.0629213521444263
ENSG00000099814	0.0550118118665967
ENSG00000170779	0.017682680721151
ENSG00000179364	0.0323432292302524
ENSG00000242085	0.0341747600173676
ENSG00000257270	-0.381857553165115
ENSG00000211893	0.0960011453291673
ENSG00000211895	0.216152125024646
ENSG00000211899	0.178422567666516
ENSG00000277435	0.0996661021219578
ENSG00000274253	0.0142467570422488
ENSG00000170113	-0.0834766829850919
ENSG00000275835	-0.0246726372493629
ENSG00000274471	-0.227254534201524
ENSG00000278840	0.0674031658966785
ENSG00000186297	-0.266620375635228
ENSG00000206149	-0.288749081592938
ENSG00000260844	0.0624684251828071
ENSG00000034053	-0.0628139648585576
ENSG00000256802	0.0829964591104556
ENSG00000104067	0.0708291385563207
ENSG00000259644	0.106013153420876
ENSG00000259448	-0.220212115345701
ENSG00000166922	-0.237567489300373
ENSG00000166923	0.118922573632795
ENSG00000182405	0.012758280667514
ENSG00000140199	-0.089793573773802
ENSG00000159248	0.204599467283805
ENSG00000231409	0.315160705470392
ENSG00000288808	-0.349104301859823
ENSG00000261136	-0.0260880746509847
ENSG00000166073	-0.102121581229965
ENSG00000128928	-0.00292636716552951
ENSG00000140320	-0.0214320174557652
ENSG00000169105	0.121765662018675
ENSG00000245849	-0.146942981679419
ENSG00000166140	0.047710124061022
ENSG00000128965	0.0158588148652603
ENSG00000128908	-0.0145429962331137
ENSG00000174197	-0.00926513488038149
ENSG00000278493	-0.0191223967620564
ENSG00000166887	-0.0731247594839596
ENSG00000092529	-0.00559843615871151
ENSG00000140326	-0.0732896813399648
ENSG00000278769	-0.0909325119042669
ENSG00000274403	-0.043954082882719
ENSG00000260799	0.215051038452417
ENSG00000137842	-0.0261593787771458
ENSG00000167004	-0.208943834414702
ENSG00000140264	0.106955566714708
ENSG00000140259	0.00486421958388831
ENSG00000104133	-0.0384831704026109
ENSG00000276121	0.0812752241986111
ENSG00000171763	0.0683510133688573
ENSG00000137767	-0.0491202339573093
ENSG00000213862	-0.170888958650628
ENSG00000259235	-0.202159950388587
ENSG00000128951	0.116418977655784
ENSG00000104064	-0.00820343051982995
ENSG00000092439	-0.00742897836805043
ENSG00000259668	-0.142422292664503
ENSG00000140280	0.0603097988360681
ENSG00000166477	-0.0691529489285857
ENSG00000069956	0.0444924103480335
ENSG00000137875	-0.0591733272257136
ENSG00000259203	0.0919875979518142
ENSG00000260916	-0.145606772994941
ENSG00000181827	0.015436344666037
ENSG00000128849	0.103016403338028
ENSG00000240238	-0.12957636928112
ENSG00000140307	0.188877029106617
ENSG00000128915	-0.00823071153014105
ENSG00000129003	0.0201614633794114
ENSG00000205502	0.444698764191197
ENSG00000074410	0.30048487041849
ENSG00000140455	0.0784323227213342
ENSG00000166797	0.0109257735882631
ENSG00000028528	-0.00311495949717047
ENSG00000157734	-0.0300521306149952
ENSG00000166794	-0.107091153989824
ENSG00000180304	0.0834810556286553
ENSG00000166831	0.0322509852887391
ENSG00000241839	0.160551154281219
ENSG00000090470	-0.0809078914082139
ENSG00000138617	-0.0728122364534244
ENSG00000138614	0.00770728731118735
ENSG00000169032	-0.183624635678761
ENSG00000174444	-0.161450620829191
ENSG00000174442	-0.0709615107350235
ENSG00000137834	-0.0434678905942422
ENSG00000189227	0.0851949980527541
ENSG00000270964	0.0342738235936914
ENSG00000129007	0.244106044116827
ENSG00000259426	-0.0051608178194114
ENSG00000166173	0.0456685078701073
ENSG00000259744	0.116623337199309
ENSG00000129028	0.151426846677758
ENSG00000212664	0.0601266150717617
ENSG00000066933	-0.0726586278879746
ENSG00000166192	0.0321749544875645
ENSG00000166233	-0.0247627793954323
ENSG00000281183	-0.343699910742647
ENSG00000140464	-0.0260949280299336
ENSG00000248540	-0.0770846383775849
ENSG00000140459	0.0625981425775495
ENSG00000138623	-0.145577673344668
ENSG00000213578	-0.00019992158403043
ENSG00000140400	-0.231372513766001
ENSG00000169375	-0.0190913362400511
ENSG00000177971	0.0877224861858407
ENSG00000274515	-0.562463337068297
ENSG00000173548	0.170303803217188
ENSG00000173546	-0.128953490562619
ENSG00000203392	0.00458531589966898
ENSG00000259565	0.0206371013667202
ENSG00000140368	0.0587492989269215
ENSG00000167202	-0.0407873444011896
ENSG00000140403	0.231286884909031
ENSG00000166426	0.363820859879186
ENSG00000041357	-0.1278016104462
ENSG00000058335	-0.026754069666594
ENSG00000235711	-0.0120507296961066
ENSG00000136371	0.00803082096331206
ENSG00000140379	-0.281555181848235
ENSG00000271725	0.519346559460798
ENSG00000188659	-0.0988462169579095
ENSG00000228141	-0.0941504249846945
ENSG00000140600	-0.155503316831147
ENSG00000230373	-0.0336764831510571
ENSG00000166716	0.0921730648146027
ENSG00000259407	0.0123937675638121
ENSG00000259416	-0.0730451469593902
ENSG00000183655	0.0720364663622759
ENSG00000181026	0.144407120806044
ENSG00000172183	0.0146296971803607
ENSG00000140511	0.0505489102040659
ENSG00000140545	0.154929927181378
ENSG00000140526	0.0319787464769886
ENSG00000140521	-0.0634190995738644
ENSG00000261441	0.18286638552285
ENSG00000166819	0.586617996127266
ENSG00000166823	0.1759481908162
ENSG00000259291	0.0450023486981463
ENSG00000182054	0.0618003024425693
ENSG00000185033	-0.0280717346068396
ENSG00000185043	0.00165482561484731
ENSG00000182511	-0.0479759809561084
ENSG00000198901	-0.0844623046446126
ENSG00000278514	-0.0246023247740079
ENSG00000273771	-0.0184582146604835
ENSG00000259275	0.190401284683129
ENSG00000140443	-0.0437977040350221
ENSG00000259356	0.269818393156354
ENSG00000183475	-0.0365283489549428
ENSG00000131873	0.00570654520349962
ENSG00000131876	0.0379202215078946
ENSG00000007384	0.0427035772113571
ENSG00000206177	0.345800460899943
ENSG00000188536	0.635925283606343
ENSG00000206172	0.901347624008608
ENSG00000167930	-0.116822234070759
ENSG00000086504	-0.0556339171320968
ENSG00000129925	-0.0792698021202969
ENSG00000257108	0.322431512519436
ENSG00000161996	-0.110733419504528
ENSG00000262528	-0.315763787041322
ENSG00000140983	-0.168126771115792
ENSG00000162004	0.168082731706456
ENSG00000273551	-0.0416731615428218
ENSG00000116176	-0.0116002143929332
ENSG00000261505	-0.0904297705098779
ENSG00000174109	0.119362747419908
ENSG00000103249	-0.0856495148835084
ENSG00000260051	-0.264659763986781
ENSG00000187535	-0.0305617611652176
ENSG00000007545	-0.0605939523346995
ENSG00000261399	0.793785298243437
ENSG00000063854	0.0494242502935079
ENSG00000140990	0.0493337966083674
ENSG00000183751	-0.0934063185891706
ENSG00000261790	-0.1522389404505
ENSG00000127561	-0.128556554477103
ENSG00000167962	-0.00691273115382207
ENSG00000065057	0.0917051585827557
ENSG00000008710	-0.278117816496036
ENSG00000167967	0.0483452199619079
ENSG00000185883	0.0141932610153549
ENSG00000279520	0.199087850488551
ENSG00000260565	-0.330937117410918
ENSG00000172382	-0.0445117789461425
ENSG00000205913	0.088512579896291
ENSG00000167978	-0.144625631059546
ENSG00000103363	0.109984238573796
ENSG00000059122	-0.103514377225923
ENSG00000131650	0.123847066287386
ENSG00000103145	0.0429632248860856
ENSG00000008516	-0.163846348663493
ENSG00000281005	-0.144854909960296
ENSG00000006194	-0.0385224987861251
ENSG00000279031	-0.121435533285379
ENSG00000167981	-0.0115279490057363
ENSG00000213918	-0.0460401774085829
ENSG00000005339	0.06368975509947
ENSG00000217930	0.0778646866870052
ENSG00000280063	-0.105319662632204
ENSG00000168140	-0.0984640796942642
ENSG00000276096	-0.361125974061016
ENSG00000103184	-0.101734735810497
ENSG00000153446	0.371057971412005
ENSG00000118894	0.0441147488861134
ENSG00000280000	-0.0133725338660621
ENSG00000213853	-0.042429945731607
ENSG00000038532	-0.0416048880886912
ENSG00000153066	-0.0432925027549038
ENSG00000122299	0.0660154458918706
ENSG00000262097	-0.0787478838127101
ENSG00000103429	-0.018758046434863
ENSG00000183458	-0.0678925384111613
ENSG00000275910	-0.0571998212786382
ENSG00000250251	0.0438046694274489
ENSG00000166783	0.0128729637831316
ENSG00000157106	-0.0623544936808129
ENSG00000188215	0.118192740209355
ENSG00000248124	-0.0953537288905567
ENSG00000175267	0.0288061393220411
ENSG00000103319	-0.0110649794062997
ENSG00000286808	0.00750375836387741
ENSG00000140743	-0.0477560760813066
ENSG00000122254	-0.0737238415439262
ENSG00000103404	-0.0396176759237582
ENSG00000260136	0.0878059533053588
ENSG00000260751	0.175282501359008
ENSG00000083093	-0.00292862274405378
ENSG00000122257	-0.0574972125753029
ENSG00000077238	-0.334088185667109
ENSG00000047578	0.0309375919829757
ENSG00000168488	-0.0543180107937323
ENSG00000177548	0.0204673932658654
ENSG00000176953	-0.0334583025574186
ENSG00000284649	0.207254124462199
ENSG00000197471	-0.00733093537421949
ENSG00000280789	-0.172999114042573
ENSG00000013364	-0.261187479445068
ENSG00000174939	-0.0617902931526095
ENSG00000174943	0.0254513022988205
ENSG00000169592	0.0336907667907358
ENSG00000149926	0.122914848388989
ENSG00000149922	0.00408770351602126
ENSG00000250616	0.000915992382320751
ENSG00000169221	-0.0791886575982508
ENSG00000274653	0.0981305003732349
ENSG00000197162	-0.0754433564760162
ENSG00000156853	-0.00979590736443726
ENSG00000080603	0.0723610968639674
ENSG00000103549	0.0690833466743884
ENSG00000102870	-0.0113995330876309
ENSG00000260852	0.0944934860172208
ENSG00000175938	0.111167523593034
ENSG00000099381	0.118644483389893
ENSG00000099377	-0.367318048180884
ENSG00000167395	-0.0323117575186576
ENSG00000151006	-0.153333833203101
ENSG00000103507	-0.0769481196423929
ENSG00000260267	-0.107237811714332
ENSG00000260625	0.153884896634128
ENSG00000169877	0.19276801486575
ENSG00000205456	-0.189458284952507
ENSG00000261461	0.240646344331916
ENSG00000171208	0.0766458564634613
ENSG00000240793	0.113484288817761
ENSG00000196470	0.00356464819047119
ENSG00000102924	0.272742991550249
ENSG00000205423	0.105122058067607
ENSG00000121274	0.0548019094175874
ENSG00000166164	0.0237095054517831
ENSG00000103479	0.00631739509152283
ENSG00000272372	0.00892394313696002
ENSG00000087263	-0.112814135250682
ENSG00000125124	0.0955082020133347
ENSG00000125148	0.650175279156617
ENSG00000260549	0.289655306880856
ENSG00000169715	0.647741487021398
ENSG00000205364	0.073957330829728
ENSG00000255986	0.144618770342085
ENSG00000205362	-0.0537468165314753
ENSG00000198417	0.840050510954978
ENSG00000205358	0.76614301466553
ENSG00000187193	0.0868649087077002
ENSG00000261114	0.179423503927927
ENSG00000276663	0.0833985808886581
ENSG00000125170	0.0382643255010172
ENSG00000135736	0.00257048405099002
ENSG00000205336	-0.0281755026404014
ENSG00000182885	-0.0580923170749673
ENSG00000103005	0.0743594613747939
ENSG00000125166	-0.0568822885420957
ENSG00000224631	0.000398862971278139
ENSG00000166592	0.412207471208179
ENSG00000166595	0.0566464328489905
ENSG00000172824	-0.266972404668822
ENSG00000280334	-0.42099726185553
ENSG00000205250	0.00440745089535545
ENSG00000159713	0.0149680458966912
ENSG00000039523	0.0721794198733065
ENSG00000280214	-0.33461108921955
ENSG00000259804	-0.398573197361153
ENSG00000102904	-0.0827028346992422
ENSG00000102898	0.0152047575751904
ENSG00000038358	-0.053394536189098
ENSG00000159792	0.0520106512131411
ENSG00000205220	0.147878142779894
ENSG00000103061	0.0253182796945123
ENSG00000184939	-0.0257729678500392
ENSG00000141076	0.0247860593286207
ENSG00000103018	-0.0120308581453508
ENSG00000102908	0.0722203427024138
ENSG00000141101	-0.0197319175657867
ENSG00000090861	-0.067326295863721
ENSG00000168872	0.0350709619461855
ENSG00000279569	-0.0247439579481878
ENSG00000180917	0.0553481478968891
ENSG00000172137	0.330226548656417
ENSG00000247324	-0.0519707091848406
ENSG00000166747	-0.0442192843573887
ENSG00000140829	-0.0575801708918871
ENSG00000260664	-0.00444638013208721
ENSG00000271009	0.0684919767795407
ENSG00000090863	-0.0912105232234485
ENSG00000166816	0.218641723542377
ENSG00000050820	-0.00529041947776171
ENSG00000153774	-0.0146893669666494
ENSG00000274220	-0.0785172308455738
ENSG00000166822	0.161311565650178
ENSG00000205084	-0.0379795117529736
ENSG00000103111	-0.0311232406471292
ENSG00000276007	-0.107133532674622
ENSG00000178573	0.382871432864162
ENSG00000103121	-0.0241480454777079
ENSG00000289067	-0.00340671706960681
ENSG00000230989	0.105317403642104
ENSG00000260788	0.00427464986481629
ENSG00000103150	0.121347154459131
ENSG00000103154	-0.0605816215323224
ENSG00000064270	0.100188333291906
ENSG00000135686	0.0804848999407068
ENSG00000131148	0.157495241118759
ENSG00000268388	0.0101303538412315
ENSG00000103241	0.0555567789638589
ENSG00000103248	0.00184279932846464
ENSG00000176678	0.0654234670359422
ENSG00000270006	0.182769668221394
ENSG00000276337	0.0482212972472875
ENSG00000167508	-0.256635025898615
ENSG00000103335	0.0472474514682318
ENSG00000260121	0.0424861810703805
ENSG00000167515	-0.0454036866552432
ENSG00000261226	-0.0838054153314467
ENSG00000256982	0.0588874099214225
ENSG00000268218	-0.128142046450006
ENSG00000140995	-0.0372256873019412
ENSG00000177946	-0.0293742252000771
ENSG00000223959	-0.0234732734976285
ENSG00000221819	0.0505922984388272
ENSG00000222019	-0.111468072118714
ENSG00000183688	0.0239547497669558
ENSG00000171861	-0.035083496418094
ENSG00000262434	-0.102735948178115
ENSG00000167703	0.116842936560417
ENSG00000074660	0.0664678947465305
ENSG00000174231	-0.111751736354859
ENSG00000185561	0.076214221946985
ENSG00000186594	0.282313056438433
ENSG00000167716	0.0225515494024928
ENSG00000132383	0.00584848092005523
ENSG00000167721	-0.0295752952464657
ENSG00000263345	-0.307770335131283
ENSG00000239884	0.432383060563875
ENSG00000132361	-0.0304748395905681
ENSG00000196689	0.0490432390906774
ENSG00000262903	0.00104064242334134
ENSG00000213977	0.0790843281160108
ENSG00000083457	0.0922668533685631
ENSG00000074755	-0.025252721319563
ENSG00000132382	-0.122307003032278
ENSG00000185245	0.0144133100120939
ENSG00000091640	0.0308159419164698
ENSG00000180787	0.0688570991105662
ENSG00000234327	-0.0150108848548399
ENSG00000180626	-0.0874735370448321
ENSG00000108590	0.104797694535855
ENSG00000256806	0.030469288008838
ENSG00000174327	0.0113284318845804
ENSG00000072778	0.0551855644175664
ENSG00000040633	0.0791191295051682
ENSG00000175826	0.117516623288537
ENSG00000170291	0.000327749607003754
ENSG00000181856	0.0501905565363583
ENSG00000132522	0.00755422030489801
ENSG00000205544	0.0362154201717258
ENSG00000170175	0.0749185792027676
ENSG00000181222	0.0943345094670208
ENSG00000239697	0.296451650049043
ENSG00000161955	0.158684237883275
ENSG00000161960	-0.211368417611183
ENSG00000238917	0.328506457252116
ENSG00000233223	0.0121597520367471
ENSG00000141510	0.0867066898024359
ENSG00000132510	0.294783020639653
ENSG00000280046	-0.0987676066285924
ENSG00000170049	0.116250071650007
ENSG00000170043	0.0195655130987095
ENSG00000170037	-0.046183588616544
ENSG00000179111	0.184677561825604
ENSG00000179094	0.299796169335792
ENSG00000179029	-0.230635531771567
ENSG00000198844	-0.151808022193735
ENSG00000166579	-0.0311472445677387
ENSG00000007237	-0.188445107498636
ENSG00000109063	0.0509856752511685
ENSG00000263429	0.115334002590875
ENSG00000007174	-0.00461201168068531
ENSG00000065559	-0.0805556967530561
ENSG00000223878	-0.50769440125645
ENSG00000221926	0.0792545422301178
ENSG00000187607	-0.0841606584028561
ENSG00000214941	0.114583215116481
ENSG00000011295	-0.0768990523114328
ENSG00000166582	0.0391359111038063
ENSG00000141040	-0.0268555750357406
ENSG00000235554	-0.0647389083752023
ENSG00000278864	-0.184030639589025
ENSG00000072310	0.0921705978532131
ENSG00000197815	-0.270686392361766
ENSG00000232344	0.223642944179687
ENSG00000141034	-0.00857240834822051
ENSG00000177731	-0.129394765840229
ENSG00000260647	-0.148502758029128
ENSG00000174977	-0.18735946950305
ENSG00000235672	0.201436970761336
ENSG00000166484	0.0928497907884991
ENSG00000166482	0.175292994344906
ENSG00000189343	0.169916002348587
ENSG00000108599	-0.0931973727710066
ENSG00000189423	-0.0249509123599913
ENSG00000178307	0.0412230528940763
ENSG00000274180	-0.0132401247665108
ENSG00000034152	0.0307324502944097
ENSG00000109046	-0.252103187088341
ENSG00000232859	-0.0932972149547001
ENSG00000109084	-0.162048837815387
ENSG00000109079	-0.00695078083692825
ENSG00000076351	0.0419293448382656
ENSG00000109103	0.0999885275387657
ENSG00000076382	-0.0281255509170035
ENSG00000109111	-0.00510289964776963
ENSG00000198242	0.0783265792726206
ENSG00000264577	-0.0397158824454017
ENSG00000160606	0.124933547347797
ENSG00000160602	-0.0132280800383695
ENSG00000265474	-0.00214880172636074
ENSG00000109118	0.015255698714802
ENSG00000196535	-0.134996454112644
ENSG00000168792	0.17504031534054
ENSG00000167543	0.14241109308144
ENSG00000264943	-0.00348095277428519
ENSG00000264538	-0.0520222567756519
ENSG00000181481	0.121007280244505
ENSG00000266865	-0.00318515077240079
ENSG00000126861	0.0228460480587936
ENSG00000172301	-0.0352547895843196
ENSG00000185158	-0.0189086661146323
ENSG00000266777	0.102577352819769
ENSG00000108671	-0.0390280287026085
ENSG00000108700	0.0071354046398657
ENSG00000197322	-0.307414019144527
ENSG00000198783	0.0307671737388807
ENSG00000267457	0.290769940651214
ENSG00000185379	-0.0277010710371553
ENSG00000154760	-0.145902984380462
ENSG00000267321	0.0324454618460918
ENSG00000108733	0.15818863684195
ENSG00000270765	0.0459166093572553
ENSG00000271447	0.363042706849978
ENSG00000271392	0.0464641550894027
ENSG00000270647	0.0353150256202474
ENSG00000273611	0.0834869605999932
ENSG00000278259	-0.0486140133579371
ENSG00000277161	-0.0268997036962837
ENSG00000276234	0.00946232253848205
ENSG00000276023	0.00105697554969683
ENSG00000277399	-0.131242101538601
ENSG00000275832	0.0873960775912337
ENSG00000277363	-0.000649372784343051
ENSG00000273604	-0.0686514508193454
ENSG00000277972	0.0957708800032597
ENSG00000277182	0.0452589813216915
ENSG00000277791	-0.203687465043288
ENSG00000263874	0.0374342205676955
ENSG00000141750	-0.202799994372823
ENSG00000167258	-0.0051607066687361
ENSG00000131771	0.331548338200637
ENSG00000141736	0.0875256613401438
ENSG00000141741	0.0781725445501671
ENSG00000172057	0.111828990522795
ENSG00000108342	0.379993156028861
ENSG00000265666	-0.0898147890685997
ENSG00000141753	-0.430930438164393
ENSG00000173812	-0.0344643649827482
ENSG00000239542	-0.0658602884264735
ENSG00000108771	-0.0803046315468275
ENSG00000168610	-0.129294637813541
ENSG00000267222	0.468133959209859
ENSG00000267632	-0.192918701696086
ENSG00000108786	0.386140977940119
ENSG00000068120	-0.00452179311459397
ENSG00000108788	-0.105667419484668
ENSG00000068137	0.205730568447582
ENSG00000108799	-0.141783833825274
ENSG00000214578	0.00474444895635072
ENSG00000183978	0.0290647336978985
ENSG00000176563	0.0796626252477879
ENSG00000068079	-0.0502281728886928
ENSG00000267002	-0.112972139661606
ENSG00000184988	-0.0904613643634315
ENSG00000108861	0.00736653594385746
ENSG00000161653	0.0535740429275593
ENSG00000091947	-0.118651384214785
ENSG00000141349	0.0145863134175664
ENSG00000108840	0.0900552931946681
ENSG00000108312	-0.0110107488897943
ENSG00000013306	-0.00586243788216989
ENSG00000030582	-0.123378624590639
ENSG00000186566	-0.0312768144570592
ENSG00000279879	0.0309056449709497
ENSG00000131097	0.263647624105051
ENSG00000267334	-0.332327259549046
ENSG00000186834	0.218261160272029
ENSG00000006062	-0.0826187089930911
ENSG00000279685	0.0696609075482423
ENSG00000276790	-0.0642674608013753
ENSG00000006025	-0.1021389552703
ENSG00000141294	0.427680209809774
ENSG00000263412	0.0807833890189321
ENSG00000082641	-0.118497864253418
ENSG00000108468	0.0798192862706621
ENSG00000136436	-0.0744603648508924
ENSG00000159199	-0.0907240602025712
ENSG00000121073	-0.111995081358282
ENSG00000121104	-0.0809992228095781
ENSG00000108819	0.121891255785252
ENSG00000108826	0.117857208099642
ENSG00000108829	0.0220765096713333
ENSG00000136449	-0.0350389029027719
ENSG00000250107	-0.0754424886603788
ENSG00000006283	0.0217443410443518
ENSG00000141232	0.398835412200494
ENSG00000243678	-0.0385153772193106
ENSG00000011258	-0.00273744399924503
ENSG00000262902	0.412374405558061
ENSG00000141179	0.00751030515147995
ENSG00000121060	-0.0439371071877638
ENSG00000279555	0.222021165007385
ENSG00000181610	0.00116339598353772
ENSG00000136450	-0.0553093422878989
ENSG00000264364	-0.0250388246179357
ENSG00000279207	0.160355559797634
ENSG00000011143	-0.063449916052063
ENSG00000005381	-0.0996586647669409
ENSG00000213246	0.107198711475825
ENSG00000108389	-0.181983368905196
ENSG00000175155	-0.118541489097287
ENSG00000265313	0.0056351989978385
ENSG00000141378	-0.0999891014013669
ENSG00000068097	-0.0536537463698133
ENSG00000267248	-0.00987970501633233
ENSG00000121068	0.13810390760428
ENSG00000253506	-0.00845208462086179
ENSG00000108506	-0.0161795401017924
ENSG00000279133	0.0916292597899409
ENSG00000146872	-0.0144546129932238
ENSG00000274565	0.171403167025083
ENSG00000265971	-0.0277159269727121
ENSG00000108604	-0.11532830947775
ENSG00000007312	-0.179519710405423
ENSG00000108622	-0.129808193012839
ENSG00000178607	0.0160962157094569
ENSG00000261371	-0.226621190226216
ENSG00000258890	-0.0105555366605436
ENSG00000266820	-0.123647342115837
ENSG00000214176	-0.0909584184228544
ENSG00000214174	0.0728917692096841
ENSG00000168646	0.0974863113385645
ENSG00000198265	0.0154330341306982
ENSG00000130935	-0.00566998243593554
ENSG00000186665	-0.0060125967552633
ENSG00000182481	-0.143425515758736
ENSG00000265100	0.0212230047229183
ENSG00000108932	-0.0766717627213134
ENSG00000070540	-0.0342750803688202
ENSG00000154265	-0.215261454493196
ENSG00000123700	-0.136681361773056
ENSG00000256124	0.183087369546011
ENSG00000141219	0.0225659873971744
ENSG00000196169	0.0315743378510508
ENSG00000170412	0.23516633551511
ENSG00000161513	0.0787781680691537
ENSG00000167861	-0.146372646608249
ENSG00000167863	0.038958806764459
ENSG00000125454	-0.21907681515863
ENSG00000177728	0.0840034462842399
ENSG00000177303	0.245734111357781
ENSG00000266714	-0.14770971381927
ENSG00000132470	-0.412832538990931
ENSG00000108479	-0.265899571503926
ENSG00000092929	-0.0622313421229549
ENSG00000250506	-0.15206554230636
ENSG00000279382	-0.236249589502671
ENSG00000129646	-0.00324828197405885
ENSG00000161544	0.128618941318415
ENSG00000284526	-0.0161350385083087
ENSG00000261335	-0.0501497629811765
ENSG00000181038	0.0759074480330196
ENSG00000129657	-0.01779239701524
ENSG00000204278	0.0202610296736564
ENSG00000184557	-0.408859103112835
ENSG00000055483	0.0342588326629058
ENSG00000171302	-0.150953405071302
ENSG00000173918	-0.0068798478847482
ENSG00000167280	0.00569976227609669
ENSG00000167291	0.110330596501181
ENSG00000141519	0.047180317298752
ENSG00000141543	0.0146200648631059
ENSG00000279259	0.0736504918653865
ENSG00000262580	-0.257616068401689
ENSG00000181523	-0.135421415976801
ENSG00000280351	0.00219358377915262
ENSG00000181409	-0.0961935808524918
ENSG00000262877	-0.302069895532737
ENSG00000184009	-0.268102786131753
ENSG00000182446	-0.0671225915241981
ENSG00000214087	-0.0370102820191918
ENSG00000185359	0.0206833970200586
ENSG00000262814	0.0364846791155721
ENSG00000185624	-0.136528372865043
ENSG00000141522	-0.0741243407492388
ENSG00000265688	0.0814503051566611
ENSG00000169738	0.243244377840051
ENSG00000169710	0.0157328156378106
ENSG00000265678	-0.466279378517923
ENSG00000141526	-0.158051167203033
ENSG00000141551	0.00381566094047613
ENSG00000275888	-0.0974279172595597
ENSG00000141574	-0.182193811521045
ENSG00000178927	-0.447044599524254
ENSG00000279744	-0.225812479039727
ENSG00000141542	-0.00442200327661865
ENSG00000263063	-0.0845213678077788
ENSG00000167363	0.194713601079505
ENSG00000262410	-0.141760800621109
ENSG00000176845	0.224728273755113
ENSG00000274370	0.311854825147059
ENSG00000261888	0.427148535883121
ENSG00000101557	-0.13541499040436
ENSG00000263884	0.0923822988452348
ENSG00000266456	-0.236176990857412
ENSG00000101574	0.0287932149171828
ENSG00000101596	0.0127208719844896
ENSG00000132205	-0.190967792336696
ENSG00000177337	0.246377679803796
ENSG00000264575	-0.221632125034473
ENSG00000082397	-0.157573695948376
ENSG00000206432	0.0144905002478214
ENSG00000235552	-0.0332230369713473
ENSG00000265413	-0.23468564224639
ENSG00000206418	0.0298483401957547
ENSG00000178127	-0.0206430542982802
ENSG00000273284	0.0955942663634985
ENSG00000273335	-0.221756859401498
ENSG00000017797	0.105688639613785
ENSG00000154856	0.194692337610858
ENSG00000141401	0.108088480807475
ENSG00000289550	-0.0254637588179147
ENSG00000176014	-0.123783134792917
ENSG00000128789	0.0440906921402619
ENSG00000175354	-0.0459707926963583
ENSG00000101639	-0.113414483808496
ENSG00000267690	0.0945446952667755
ENSG00000175322	-0.084054321604857
ENSG00000266145	-0.103722276162998
ENSG00000167088	0.0438415957819655
ENSG00000134508	0.302348034946991
ENSG00000276282	0.0507569884344574
ENSG00000278052	-0.306008894403469
ENSG00000268573	-0.0865775399791427
ENSG00000257267	0.123476434016591
ENSG00000186496	0.105061331836922
ENSG00000141429	0.0690373615666986
ENSG00000267397	0.0747317371906175
ENSG00000288917	0.114886928995187
ENSG00000260552	-0.0619516285437317
ENSG00000267651	0.169622408666597
ENSG00000141469	-0.0221216812783767
ENSG00000175387	0.0864089102848406
ENSG00000267541	-0.0120624076304533
ENSG00000265681	-0.0619913383686832
ENSG00000167315	0.187367841458465
ENSG00000141644	-0.0752878253942137
ENSG00000141646	0.0546125175503547
ENSG00000176624	0.152435747118612
ENSG00000267226	0.134037163273313
ENSG00000081913	0.0657860666704482
ENSG00000267390	0.250652415125127
ENSG00000119541	-0.0305071765406444
ENSG00000166401	-0.0472186388024717
ENSG00000278971	-0.117550317843743
ENSG00000263958	-0.0599913939874965
ENSG00000075336	0.077130635821105
ENSG00000235297	0.0499127582080452
ENSG00000287689	-0.032225120932682
ENSG00000278607	0.0120458268506876
ENSG00000279811	0.076798227487291
ENSG00000287680	-0.220872070204473
ENSG00000263146	0.4486045565145
ENSG00000256463	0.270642399395484
ENSG00000267655	0.220762871709003
ENSG00000141759	0.0843897525784957
ENSG00000261126	-0.0279591265598298
ENSG00000101544	0.0481945836160598
ENSG00000197540	0.130314134358148
ENSG00000172270	0.086371635006077
ENSG00000099822	0.0326908035581182
ENSG00000070423	0.0735057237696396
ENSG00000070404	-0.315614957090366
ENSG00000197561	0.0466539467925259
ENSG00000182087	-0.113294397339263
ENSG00000064687	-0.204324409748131
ENSG00000064932	-0.0859498180352329
ENSG00000099624	0.103289557673871
ENSG00000167470	0.18549511530444
ENSG00000279488	-0.207939426184662
ENSG00000115286	0.0266084352856539
ENSG00000071626	0.0303982490292759
ENSG00000267244	-0.0605439414360461
ENSG00000227500	0.0384363214699171
ENSG00000267283	-0.0434888578127643
ENSG00000099840	0.0836221050309009
ENSG00000065000	0.0101870506365605
ENSG00000104885	-0.0135457287328196
ENSG00000188305	-0.0041857451674761
ENSG00000005206	-0.169113677983743
ENSG00000099860	-0.241508985754921
ENSG00000176490	0.0824583633499125
ENSG00000286460	0.036503186932722
ENSG00000186300	-0.00922452637411586
ENSG00000287766	-0.18972202596989
ENSG00000141905	0.249432461505332
ENSG00000129932	0.0658961403686338
ENSG00000105325	0.0104335455384381
ENSG00000011132	0.0320457754127789
ENSG00000167657	-0.0375034621325199
ENSG00000141985	-0.000407404353732979
ENSG00000267769	-0.497261057866589
ENSG00000167676	0.57647480872622
ENSG00000214456	0.359283736189919
ENSG00000171236	-0.202669450820923
ENSG00000074842	-0.0595250683755661
ENSG00000142002	0.0253601824415555
ENSG00000176840	0.212679068282689
ENSG00000127666	0.060939961743638
ENSG00000160633	-0.085363276732366
ENSG00000141994	0.0231979875757967
ENSG00000187650	-0.000340775121278114
ENSG00000104833	-0.025014628741708
ENSG00000125657	0.0256502112150835
ENSG00000276980	-0.554782516770014
ENSG00000125733	0.00779595721327295
ENSG00000198816	0.266131506504392
ENSG00000104918	-0.0899768404845566
ENSG00000183019	-0.377759313765992
ENSG00000142459	0.0486534508425711
ENSG00000066044	0.0330365883517719
ENSG00000167772	0.0313415738487114
ENSG00000269386	0.0348655572039823
ENSG00000099783	-0.00490519556610506
ENSG00000167785	-0.00606861555702882
ENSG00000130803	-0.00377963934235788
ENSG00000196110	0.00534560049571099
ENSG00000188321	-0.106571471478236
ENSG00000130818	-0.0115680093387051
ENSG00000278611	0.210624263211501
ENSG00000267106	0.0365069243869742
ENSG00000198258	-0.0307333934763357
ENSG00000130816	-0.0235305435644325
ENSG00000090339	0.0311358441393962
ENSG00000161847	0.142157336740727
ENSG00000105397	-0.103932706020483
ENSG00000105401	-0.135677056055113
ENSG00000079999	0.0606646024532691
ENSG00000180739	-0.409802745676918
ENSG00000129353	0.0258468886811535
ENSG00000129351	0.0606052927909099
ENSG00000099203	0.101835412377226
ENSG00000142444	0.0261357912204049
ENSG00000130164	0.012529710045207
ENSG00000130158	-0.0353071733217895
ENSG00000273733	0.385964761907089
ENSG00000183401	-0.148640953222732
ENSG00000196361	-0.0111485990637407
ENSG00000130159	0.0938715032875466
ENSG00000198551	0.0571101281536039
ENSG00000197933	0.030453628063127
ENSG00000197044	-0.0389270816565628
ENSG00000278897	-0.0427599072939269
ENSG00000197054	-0.0693094391117746
ENSG00000223547	0.111149372783058
ENSG00000197857	0.0450823176941825
ENSG00000188868	0.0347446410974632
ENSG00000198342	0.0764136281333802
ENSG00000196466	0.102522234190177
ENSG00000180855	0.0735710899342597
ENSG00000249709	-0.0473410270105858
ENSG00000188033	0.011288639316036
ENSG00000173875	-0.016110710417847
ENSG00000123154	0.199933846291922
ENSG00000123144	0.185171407811304
ENSG00000171223	0.0815750562950694
ENSG00000105612	0.0427904159664908
ENSG00000179218	-0.20114999429675
ENSG00000160888	0.236461889300225
ENSG00000037757	0.0202964996339856
ENSG00000267519	0.137025978066979
ENSG00000187556	0.249378269545339
ENSG00000132016	-0.0201964118750421
ENSG00000132000	-0.102391692777043
ENSG00000187867	-0.0338238963582825
ENSG00000132002	0.759121321108914
ENSG00000105127	-0.0883253146784234
ENSG00000279203	-0.0965928422298309
ENSG00000279716	-0.48448652024569
ENSG00000279198	-0.162874257246778
ENSG00000167461	0.0341889716508952
ENSG00000280332	-0.189810504234025
ENSG00000085872	0.112449943504049
ENSG00000279748	-0.0226666233438482
ENSG00000268087	-0.0320745741401325
ENSG00000269044	0.123020375206096
ENSG00000267904	0.141683298351196
ENSG00000127533	0.24352989203986
ENSG00000053501	0.167570896139257
ENSG00000099330	0.0635001796387492
ENSG00000074855	-0.150559728221231
ENSG00000130303	-0.262737701613848
ENSG00000282851	0.0113727386719053
ENSG00000130304	0.0426611092531718
ENSG00000130309	-0.188935268020035
ENSG00000105639	-0.472160501636708
ENSG00000007080	0.0894441438212695
ENSG00000279172	0.141346942373164
ENSG00000254858	0.0289679618932248
ENSG00000105649	-0.0718160152670701
ENSG00000130522	0.355045560605065
ENSG00000130513	0.0180173896354961
ENSG00000268030	-0.087738606851333
ENSG00000221983	-0.0187895098527879
ENSG00000005007	-0.0792177158120723
ENSG00000213999	0.141890213175779
ENSG00000064490	0.115573081712802
ENSG00000187664	0.217660643501456
ENSG00000256771	0.0423517536852804
ENSG00000197124	0.00325715598931801
ENSG00000188171	0.0993402848463532
ENSG00000197013	-0.0225551075226137
ENSG00000268535	-0.145970498407318
ENSG00000198521	0.0491289532244868
ENSG00000196172	0.00606946403789211
ENSG00000261770	-0.0558839180585332
ENSG00000187135	0.00703678609296483
ENSG00000105171	-0.0992051195180945
ENSG00000280061	0.00817257392759213
ENSG00000126249	-0.0210461087988931
ENSG00000142279	0.0936969082258559
ENSG00000089335	-0.0908990277141452
ENSG00000197841	0.122268504247918
ENSG00000089351	-0.0769019470883582
ENSG00000153902	0.000178686945657254
ENSG00000279619	-0.255388201714088
ENSG00000105697	-0.912865149690102
ENSG00000105695	-0.00948899787894451
ENSG00000249115	-0.0886722738240556
ENSG00000272333	-0.060996823421475
ENSG00000126246	-0.208825794279015
ENSG00000161265	-0.269480095868349
ENSG00000205155	0.0211870811334617
ENSG00000004777	0.047382665047009
ENSG00000105290	-0.196121777767704
ENSG00000167604	0.0635197290306404
ENSG00000205138	-0.0799724089200426
ENSG00000239382	-0.120007938505482
ENSG00000105254	-0.024243426953192
ENSG00000232677	-0.0301598683293151
ENSG00000142065	-0.018284176658371
ENSG00000267260	-0.0542281371955396
ENSG00000267254	0.000994847222674324
ENSG00000197863	-0.0201392659555263
ENSG00000245680	0.0185566591967725
ENSG00000188283	0.0739845066427987
ENSG00000276846	0.01297097520199
ENSG00000196437	0.0431937621316505
ENSG00000266916	0.126240872252053
ENSG00000171817	-0.274675835751016
ENSG00000120784	0.0142184998298859
ENSG00000267640	0.0909002244508128
ENSG00000167645	-0.0511084611507712
ENSG00000179168	0.196625814838967
ENSG00000104823	0.182471584566723
ENSG00000104824	-0.0119412114162738
ENSG00000269688	0.142712877060525
ENSG00000187994	0.124460390454948
ENSG00000183760	0.0218672041224679
ENSG00000179134	0.0835253716892505
ENSG00000241983	-0.138650747475017
ENSG00000006712	-0.0420407771678626
ENSG00000063322	0.0600347857041716
ENSG00000128016	-0.267971003928891
ENSG00000105202	-0.0681984697997639
ENSG00000275395	-0.391609757783694
ENSG00000128000	-0.0407176258829145
ENSG00000197782	-0.0592808431779065
ENSG00000105221	-0.0423593934965848
ENSG00000205041	0.00356256477469236
ENSG00000197019	0.129761314181091
ENSG00000167565	0.0923577489914577
ENSG00000123815	-0.0458597384378308
ENSG00000086544	-0.185223476113453
ENSG00000077312	-0.0570012032895206
ENSG00000261857	0.0999340725581662
ENSG00000142039	0.0639024864232896
ENSG00000076928	-0.0658758223017485
ENSG00000105409	-0.08723165629086
ENSG00000105723	0.0490981636042949
ENSG00000079432	-0.0899173782334374
ENSG00000079462	0.0185729166497657
ENSG00000204936	-0.274253666511106
ENSG00000234465	0.200715765175548
ENSG00000167378	-0.0311397886332708
ENSG00000011422	0.113108052607324
ENSG00000105771	-0.107919667353331
ENSG00000167637	-0.0411696654545858
ENSG00000277806	0.225193626777523
ENSG00000186019	0.0547637962136916
ENSG00000256294	-0.00696069536019572
ENSG00000131115	0.011075940767374
ENSG00000062370	0.0469183845126507
ENSG00000267508	-0.167984988401186
ENSG00000073008	-0.11052206581176
ENSG00000069399	0.0843459537004494
ENSG00000187244	0.282664355945994
ENSG00000130202	0.09399236207123
ENSG00000104856	0.125264298858904
ENSG00000007047	0.00930735942904003
ENSG00000117877	0.0580702782204338
ENSG00000012061	0.00478682561187746
ENSG00000125740	0.433479089590353
ENSG00000177464	-0.224859139451507
ENSG00000125746	-0.0120994462201122
ENSG00000125743	-0.00962057456209053
ENSG00000177045	0.0997625178941519
ENSG00000104967	0.0663264785705822
ENSG00000124440	0.0591488763854804
ENSG00000269124	-0.137003212813316
ENSG00000279161	-0.275644511388601
ENSG00000197380	0.116276531673899
ENSG00000105287	0.00759337718511278
ENSG00000105321	0.0496349791525138
ENSG00000268061	0.0727071040952645
ENSG00000024422	0.0552583775673867
ENSG00000105499	-0.0737830501304091
ENSG00000185453	-0.0104555421808224
ENSG00000268583	0.0165635829976319
ENSG00000178150	-0.0578802160057567
ENSG00000105479	0.18727946377768
ENSG00000105438	-0.163786907945639
ENSG00000182324	0.205384097100558
ENSG00000105443	0.116313739160487
ENSG00000063176	0.0383368735906216
ENSG00000105516	0.43352932154013
ENSG00000105552	0.000411020171630351
ENSG00000104805	-0.167349826168528
ENSG00000104808	-0.059224387200325
ENSG00000087088	0.0449403956109689
ENSG00000087086	-0.237507320347997
ENSG00000104812	0.00360412562206874
ENSG00000221916	0.150761696730727
ENSG00000130529	0.03772475982335
ENSG00000074219	-0.108346511175366
ENSG00000142534	-0.014151039398734
ENSG00000104870	0.213817045997943
ENSG00000142552	0.104374336239474
ENSG00000142546	-0.00858124315669413
ENSG00000126461	0.16691930253318
ENSG00000224420	-0.213263485094467
ENSG00000010361	0.134730405546795
ENSG00000104960	0.100824522101847
ENSG00000269352	-0.130205062944718
ENSG00000104951	-0.0566263074113406
ENSG00000142528	-0.0293914671624185
ENSG00000269091	-0.183773000870694
ENSG00000131408	0.0343766997830297
ENSG00000062822	-0.0402691003568849
ENSG00000142530	0.124566982366508
ENSG00000213023	0.0774942587783384
ENSG00000167747	0.00822935963386259
ENSG00000129450	-0.371133724431333
ENSG00000142549	0.110295660274029
ENSG00000186806	0.0120871948409176
ENSG00000105374	-0.0703560272595811
ENSG00000269959	0.0437333301582171
ENSG00000171051	-0.269367828669776
ENSG00000161551	-0.00205767514761754
ENSG00000256683	0.0459636241258441
ENSG00000197619	-0.010037129935194
ENSG00000204611	-0.0163391053929893
ENSG00000243680	-0.0713760254449828
ENSG00000198464	0.0891030237199183
ENSG00000167554	0.0344642438613279
ENSG00000269834	-0.0695816637625379
ENSG00000277977	0.25183240417332
ENSG00000167766	-0.156932521463955
ENSG00000198538	0.0901577329988078
ENSG00000204604	-0.0815112784173285
ENSG00000182986	0.000995930666212421
ENSG00000170949	0.00969253724025538
ENSG00000170954	0.0940811701833942
ENSG00000269001	-0.0163755905890279
ENSG00000213799	-0.0407000767337738
ENSG00000241015	0.065000265218027
ENSG00000130844	-0.0182948089899274
ENSG00000170906	0.231604683749875
ENSG00000105618	-0.0231212149937602
ENSG00000105617	-0.0646658311022147
ENSG00000170892	0.155238554086194
ENSG00000187116	-0.236908436130375
ENSG00000167614	0.26825486552727
ENSG00000226696	-0.293180522240335
ENSG00000167615	-0.345879508238525
ENSG00000275183	0.137704931266418
ENSG00000167617	-0.00801233853925865
ENSG00000129991	0.320240647635434
ENSG00000160469	0.119962145397768
ENSG00000095752	0.0044931556637988
ENSG00000108106	0.164858353703304
ENSG00000197483	0.23039224242147
ENSG00000179943	0.12373560913437
ENSG00000213015	0.135306937777516
ENSG00000267523	-0.0689625019277147
ENSG00000142409	0.150928513514506
ENSG00000167685	0.168204969759585
ENSG00000240225	0.044378636652156
ENSG00000267454	0.0498100524100815
ENSG00000198440	-0.0145182833966923
ENSG00000166770	0.0865077112398734
ENSG00000196263	-0.192194645584429
ENSG00000268182	0.0674176532329671
ENSG00000127903	0.11628838711184
ENSG00000105146	0.125045317797313
ENSG00000197128	0.0480354914108006
ENSG00000213762	0.00564974752871537
ENSG00000152443	0.0323778110646232
ENSG00000269343	0.0421105823033097
ENSG00000152454	-0.0487340009306252
ENSG00000177025	-0.0613731171119596
ENSG00000166704	-0.0526060386780194
ENSG00000268660	-0.327306180095346
ENSG00000121413	-0.00856373271936708
ENSG00000171606	0.0585244446359733
ENSG00000142396	0.0672340009991038
ENSG00000283103	0.0301132189322282
ENSG00000121410	0.0121119622697841
ENSG00000269054	-0.020565723905027
ENSG00000083845	-0.0486206057393787
ENSG00000083807	0.163149421189686
ENSG00000247315	-0.0605377041149599
ENSG00000271303	0.0905107698958032
ENSG00000101276	-0.267331268834477
ENSG00000215388	0.131665293634553
ENSG00000226644	0.0823321947587936
ENSG00000125835	0.0182429529749478
ENSG00000215251	0.0378698339242616
ENSG00000149451	0.209722786749177
ENSG00000101224	-0.118720801833112
ENSG00000088888	-0.0606687513554867
ENSG00000275582	-0.329993519029063
ENSG00000089063	0.117428637082382
ENSG00000088766	-0.0471139289546921
ENSG00000101311	0.166374941112712
ENSG00000289505	-0.302171309436542
ENSG00000125863	-0.0171381565540066
ENSG00000089048	0.0132698871743872
ENSG00000212232	0.160054324324819
ENSG00000125871	0.0999275598381505
ENSG00000149474	-0.0727358365205377
ENSG00000232838	-0.128439761623931
ENSG00000232388	0.0668784349156058
ENSG00000273148	-0.127375053347375
ENSG00000132669	0.106156230500537
ENSG00000101343	-0.00292693439146708
ENSG00000088930	-0.0599268965726611
ENSG00000225280	0.0122394270541333
ENSG00000289590	0.337038763380062
ENSG00000178726	-0.0934892071604863
ENSG00000125810	-0.453476347589283
ENSG00000132661	0.117368085815763
ENSG00000077984	-0.188483518870962
ENSG00000275358	0.209199569899366
ENSG00000100994	0.0385371766353276
ENSG00000100997	0.0264822268140396
ENSG00000278383	-0.255785950799777
ENSG00000125968	0.0727758815663367
ENSG00000171552	-0.0125379890592605
ENSG00000088356	0.0888491224565121
ENSG00000278012	-0.223030036046698
ENSG00000101346	-0.0572894978633373
ENSG00000197183	0.0438892996446251
ENSG00000198547	-0.10506124292919
ENSG00000260257	0.146906647014754
ENSG00000101412	0.0918878514213051
ENSG00000101417	-0.0883647142722298
ENSG00000287853	0.00354194846341522
ENSG00000101460	0.0601397330093733
ENSG00000101464	-0.0451265879516102
ENSG00000198646	-0.0207683760375899
ENSG00000131069	-0.109173194841265
ENSG00000100991	-0.0799079655424954
ENSG00000088298	-0.0552667827508721
ENSG00000244462	0.0274680178151366
ENSG00000244005	0.0708667806006069
ENSG00000171222	0.206210467728836
ENSG00000088367	0.0273700227399729
ENSG00000232406	-0.306698908433353
ENSG00000118707	0.227759589353435
ENSG00000101347	-0.032290670520559
ENSG00000276603	0.152273627424101
ENSG00000235044	-0.0158521756308292
ENSG00000101413	0.0351231534731603
ENSG00000198959	-0.390174174426335
ENSG00000277829	-0.288482436553838
ENSG00000261431	-0.0638563775527888
ENSG00000204103	0.184456673044965
ENSG00000124181	0.060751001038876
ENSG00000132793	-0.0676325391697421
ENSG00000124177	-0.0257561944437128
ENSG00000132823	0.125194897575291
ENSG00000223891	0.0636336084483553
ENSG00000226243	0.327218444636464
ENSG00000101104	-0.0352086458002675
ENSG00000124145	0.341559446651109
ENSG00000275894	0.320851133308932
ENSG00000277022	-0.0666715816886739
ENSG00000101457	0.0102110609445101
ENSG00000064601	-0.162569728781557
ENSG00000198026	0.0642902851830494
ENSG00000100985	-0.147006256458465
ENSG00000124160	0.108657116960055
ENSG00000080189	-0.005601868732795
ENSG00000198185	-0.205186220622092
ENSG00000273893	0.104359791801296
ENSG00000124151	0.00233564306412312
ENSG00000124228	-0.0636799710019569
ENSG00000124201	-0.026454332245416
ENSG00000158470	-0.159553061514013
ENSG00000196396	-0.0449484044020021
ENSG00000171940	0.0458365383139389
ENSG00000101132	0.0968478028435246
ENSG00000124253	-0.143090018060856
ENSG00000124225	0.00488832407628305
ENSG00000124222	-0.144304965746771
ENSG00000254419	-0.242426637323524
ENSG00000087460	0.074968679732369
ENSG00000124205	-0.0532377595346279
ENSG00000238194	-0.109956891839739
ENSG00000130699	0.0178414539979886
ENSG00000184402	-0.0588650588468969
ENSG00000130703	0.0659977333404697
ENSG00000130706	0.0147398051251784
ENSG00000130702	-0.250801469094862
ENSG00000149679	-0.0816847934733661
ENSG00000101187	-0.37906057088361
ENSG00000149658	-0.157927670109128
ENSG00000101198	0.00934735153979037
ENSG00000101204	0.0939863940575388
ENSG00000203900	-0.0226309792403032
ENSG00000125534	0.111426422365975
ENSG00000130589	-0.065628442330721
ENSG00000101216	0.0289219731889333
ENSG00000243509	-0.652801002226005
ENSG00000125520	0.246867756406173
ENSG00000268858	0.121739683071388
ENSG00000203883	0.308625101389823
ENSG00000203880	0.0985369374175931
ENSG00000275993	0.171608543556548
ENSG00000279414	0.924430383961233
ENSG00000154719	-0.044304261099429
ENSG00000142192	-0.169729752663864
ENSG00000154734	0.0346341230757031
ENSG00000156239	-0.0907039808626389
ENSG00000286018	0.00216859433764191
ENSG00000142168	0.0138208891539444
ENSG00000166979	-0.0230186467117512
ENSG00000142166	-0.128384940075051
ENSG00000159128	-0.12587236885899
ENSG00000231355	-0.0380849594340473
ENSG00000159140	-0.0586985034810191
ENSG00000159147	-0.0756744157936494
ENSG00000243927	0.162058935960005
ENSG00000185917	0.0151764218146814
ENSG00000224790	0.106815545401113
ENSG00000289404	-0.589804800233768
ENSG00000205581	0.018017420467378
ENSG00000183486	-0.0102940129642504
ENSG00000157601	-0.171852447720147
ENSG00000141956	-0.0750886216113228
ENSG00000160214	-0.0786604950855049
ENSG00000226543	0.0456049269922402
ENSG00000141959	-0.00879378179607971
ENSG00000184441	-0.233330825013723
ENSG00000160233	0.0129907797003162
ENSG00000183255	-0.175976919853062
ENSG00000273027	0.169322387860189
ENSG00000186866	-0.135230699236419
ENSG00000173638	0.0603020481774367
ENSG00000215424	-0.0856978732651911
ENSG00000160294	-0.0200642400627937
ENSG00000239415	-0.158644141100733
ENSG00000160305	0.0171438711418687
ENSG00000160310	-0.0114713564108228
ENSG00000273203	0.0133405617530472
ENSG00000273442	-0.160777091666943
ENSG00000235478	0.00889232447474246
ENSG00000236325	-0.122904901743434
ENSG00000236754	-0.0944790748506126
ENSG00000015475	-0.0331646957851415
ENSG00000184979	0.00900811895319497
ENSG00000271275	0.0966814236061671
ENSG00000273300	-0.186841134437255
ENSG00000287652	-0.276366675079411
ENSG00000184113	-0.0535838116650529
ENSG00000235776	-0.140422697237991
ENSG00000093010	0.191207159672339
ENSG00000215493	-0.121152881164233
ENSG00000099917	-0.0305733872809916
ENSG00000099940	0.0479451492393207
ENSG00000272829	-0.157522322319256
ENSG00000161180	-0.0127954470322539
ENSG00000100034	0.0308832458929406
ENSG00000279278	-0.11924167745739
ENSG00000211660	0.216705623217444
ENSG00000211675	0.349271127763367
ENSG00000128266	-0.0237418196083348
ENSG00000230701	-0.121941311283801
ENSG00000272578	-0.149133034331361
ENSG00000159496	-0.0989271088051792
ENSG00000128218	0.180559301922303
ENSG00000272973	-0.278269447801396
ENSG00000099998	-0.31918247010035
ENSG00000100014	-0.0123231975525171
ENSG00000138867	0.0669694933347419
ENSG00000167037	-0.155682701558748
ENSG00000272942	-0.178323411724947
ENSG00000272798	-0.316575411714801
ENSG00000271138	-0.0305042934759453
ENSG00000224003	0.136716401901237
ENSG00000128294	0.0360405645092895
ENSG00000206028	0.0469313477195835
ENSG00000182944	-0.0103332950727041
ENSG00000100280	0.0341837996030564
ENSG00000100319	0.0114109558709389
ENSG00000279159	0.0123356793451593
ENSG00000239282	0.358554342132545
ENSG00000099995	0.149394107891824
ENSG00000100003	-0.0334972336198053
ENSG00000100029	-0.0427625989347506
ENSG00000185339	-0.135669564722685
ENSG00000167065	-0.0906008938791626
ENSG00000250318	-0.0716497295505298
ENSG00000184792	2.206494269448e-06
ENSG00000133422	0.00642888282720664
ENSG00000253352	-0.0281539087206242
ENSG00000183963	0.134118213150366
ENSG00000198832	0.109202353316355
ENSG00000185133	0.148213391558698
ENSG00000138942	0.017325051203096
ENSG00000100100	-0.247339358056265
ENSG00000184708	-0.0291327402758209
ENSG00000232346	-0.131382062126055
ENSG00000100234	0.0116015555427611
ENSG00000221963	-0.175084926467323
ENSG00000100336	-0.255164704379906
ENSG00000100342	-0.233105446981739
ENSG00000100345	-0.172391441947345
ENSG00000100360	0.0385760154478834
ENSG00000100083	0.0282967165084418
ENSG00000273899	-0.042163515127251
ENSG00000272582	0.102677483292541
ENSG00000100142	0.0666341183091137
ENSG00000272720	-0.717031683920332
ENSG00000185022	0.116658044405052
ENSG00000213923	0.0161964836502502
ENSG00000168135	-0.057338456183711
ENSG00000100201	-0.291565230158601
ENSG00000100211	0.0441939621724661
ENSG00000100216	0.177823720257279
ENSG00000100226	-0.0243283890427726
ENSG00000230149	0.0721316061165604
ENSG00000128394	0.0129843931167444
ENSG00000100316	-0.0791035068843733
ENSG00000280216	-0.00261653269265373
ENSG00000100324	-0.0193663905138364
ENSG00000128272	0.0538393065727025
ENSG00000187051	0.231502109134173
ENSG00000261202	0.110117395945176
ENSG00000100354	0.044287878152257
ENSG00000239900	0.0246701138949002
ENSG00000100387	0.0362958941177502
ENSG00000100393	0.0427474038578971
ENSG00000100399	-0.102557223098883
ENSG00000183864	0.176261802749245
ENSG00000100410	0.0984578292880627
ENSG00000285531	0.354865558033155
ENSG00000184208	-0.0720981156812925
ENSG00000184983	-0.0112985342127956
ENSG00000226450	-0.149771443929475
ENSG00000189306	-0.187487228808487
ENSG00000100227	-0.0113524551529994
ENSG00000100243	0.0778235615581104
ENSG00000128274	-0.128722767532066
ENSG00000234009	0.1283705982707
ENSG00000100300	0.00333773777919591
ENSG00000186732	-0.0717301066969319
ENSG00000188636	-0.000488325818674309
ENSG00000056487	0.0751295657672419
ENSG00000100364	0.0116549360408785
ENSG00000077942	0.196292659561563
ENSG00000273145	0.217194672549239
ENSG00000235159	0.0776591413587441
ENSG00000205643	-0.0828172556477992
ENSG00000075234	-0.0460326564906592
ENSG00000278881	-0.0519901344844052
ENSG00000184164	-0.192742478835747
ENSG00000198355	-0.0441943558199397
ENSG00000100427	0.134220874472858
ENSG00000273137	-0.0311052992439713
ENSG00000196576	0.0265634249690463
ENSG00000025708	-0.826180363420943
ENSG00000177989	-0.0728707511989886
ENSG00000289244	-0.210147918816467
ENSG00000184319	0.00508989776590468
ENSG00000079974	-0.0868168484511729
ENSG00000185291	0.0559043289117527
ENSG00000169093	0.0353847615557238
ENSG00000002586	-0.061959752909955
ENSG00000006756	-0.079022842413989
ENSG00000183943	0.0482750716393114
ENSG00000205642	-0.0823099486607068
ENSG00000101911	-0.111700663699493
ENSG00000197582	-0.541796491716575
ENSG00000176896	0.00671442723324253
ENSG00000046651	-0.0803810323456339
ENSG00000046647	0.0226766807999487
ENSG00000186312	0.0634131239302061
ENSG00000279413	0.473739444339167
ENSG00000182287	-0.0394266082408207
ENSG00000086712	-0.0586231765028667
ENSG00000047634	0.0790064028669106
ENSG00000131831	-0.0100245001168315
ENSG00000147010	-0.00899746800076999
ENSG00000123130	-0.0321220956335116
ENSG00000238103	0.0445232868360313
ENSG00000156313	-0.0591763406343227
ENSG00000180182	-0.0266236268241842
ENSG00000234636	0.283384415176965
ENSG00000216866	-0.111366191524398
ENSG00000214018	0.205330819403026
ENSG00000231566	-0.0509006290595036
ENSG00000224975	0.200019982905088
ENSG00000102265	-0.209590259081384
ENSG00000126756	0.0351865263246645
ENSG00000287757	0.0934855245872718
ENSG00000068438	-0.117320052736029
ENSG00000102317	-0.12440420804047
ENSG00000101945	-0.0125387260496567
ENSG00000094631	-0.150206819114516
ENSG00000102103	0.0445666540308507
ENSG00000243279	-0.0839459706758442
ENSG00000102007	-0.132033234031541
ENSG00000012211	-0.0154319181783082
ENSG00000122824	-0.118086366573128
ENSG00000184205	-0.197388935255631
ENSG00000126012	-0.00981634294321623
ENSG00000086758	-0.0817396809727104
ENSG00000158526	-0.0901131649241588
ENSG00000102316	0.0175152637134361
ENSG00000067445	-0.215276213225283
ENSG00000158578	0.111102633308457
ENSG00000187601	-0.12517035086092
ENSG00000083750	0.055474174212423
ENSG00000204272	0.05324963238244
ENSG00000184675	0.0230851162110257
ENSG00000102053	-0.10790238993283
ENSG00000079482	0.0366345587817263
ENSG00000260118	0.14270304355813
ENSG00000236735	0.191010075174818
ENSG00000130052	-0.121515570371725
ENSG00000089289	-0.0640304052124484
ENSG00000120509	0.103379173859565
ENSG00000184634	0.030407531346842
ENSG00000196338	0.0768499721874053
ENSG00000169562	-0.0412846862686478
ENSG00000147166	0.0712676417012596
ENSG00000147174	-0.0282411981483232
ENSG00000102309	0.0462735027367513
ENSG00000198034	-0.0334182779618725
ENSG00000125931	-0.259409659141685
ENSG00000184388	-0.0526595406749753
ENSG00000186288	0.0103197163738391
ENSG00000271533	-0.0141808085180824
ENSG00000131269	-0.0255118898693387
ENSG00000186675	-0.22831573811549
ENSG00000198157	0.104631295910446
ENSG00000155008	0.009762256617176
ENSG00000234322	-0.042197463885742
ENSG00000179083	0.0188082392914785
ENSG00000000003	0.208854339863728
ENSG00000102362	0.0835449575339572
ENSG00000101811	-0.00218675740778318
ENSG00000270813	-0.217909626063541
ENSG00000196440	-0.0569787218956573
ENSG00000184867	-0.214232926497275
ENSG00000166432	-0.0358212348243607
ENSG00000158164	0.265307419881794
ENSG00000271147	0.0449183947406213
ENSG00000133169	-0.283612103554426
ENSG00000204065	-0.0455372506950779
ENSG00000133134	-0.163535894232735
ENSG00000182916	0.0560908533204407
ENSG00000279894	-0.209352800586142
ENSG00000172465	0.0756033767494996
ENSG00000123562	-0.0724500191206283
ENSG00000089682	-0.000616927164068814
ENSG00000157514	0.211215892357697
ENSG00000101843	-0.0510964835025031
ENSG00000237863	0.0447052357448363
ENSG00000289365	-0.0131266129618844
ENSG00000225031	-0.104459116228472
ENSG00000101856	-0.148690407302377
ENSG00000077713	0.0385026258179569
ENSG00000186416	-0.0800822805182772
ENSG00000125354	0.000123693738157258
ENSG00000279601	0.163355513900461
ENSG00000125356	0.0941351326844121
ENSG00000232177	0.316977304595271
ENSG00000134594	-0.0680139944299792
ENSG00000184785	0.227883160542783
ENSG00000286964	0.320258963758863
ENSG00000173275	-0.147352914350576
ENSG00000225125	-0.155980716879864
ENSG00000129682	-0.00870756294122539
ENSG00000207041	0.454798861616205
ENSG00000185985	0.148083038388516
ENSG00000219507	0.267414327242491
ENSG00000198930	0.119636791571077
ENSG00000147400	0.0492044247889911
ENSG00000147383	-0.088304964174855
ENSG00000235961	-0.0336082702814208
ENSG00000063587	0.0854590225325516
ENSG00000262919	-0.0287832330662084
ENSG00000130821	-0.0582955497577894
ENSG00000198753	-0.0749001396997452
ENSG00000196924	-0.116941210054684
ENSG00000102119	0.0334555110296579
ENSG00000280195	0.0429366557524465
ENSG00000013563	-0.0505161476847466
ENSG00000130827	0.00409928020628808
ENSG00000165775	0.125530974305597
ENSG00000155961	0.0551452872043978
ENSG00000155962	0.018920748951155
ENSG00000209082	0.164003995577702
ENSG00000210144	0.49626606525379
ENSG00000210164	0.164696730091242
ENSG00000210176	-0.20394268574056
ENSG00000210194	0.378255038214317
ENSG00000198727	0.140005596051717
