Gene	Value
ENSG00000268903	-0.494530826185834
ENSG00000269981	-0.199230330258345
ENSG00000225972	-0.94318868594
ENSG00000237973	0.0803083214419645
ENSG00000237491	0.110193870239207
ENSG00000228794	0.165945024776881
ENSG00000225880	0.11946325235314
ENSG00000187961	0.149833472379397
ENSG00000272512	0.484535980659043
ENSG00000188290	0.0795885259082131
ENSG00000187608	-0.0552047685224564
ENSG00000224969	0.16771056058998
ENSG00000188157	0.0597065402300524
ENSG00000186827	0.123286747950294
ENSG00000078808	-0.0411252549157904
ENSG00000176022	0.0158758448581402
ENSG00000184163	0.0375635561065613
ENSG00000230415	0.109823156216572
ENSG00000162572	0.100585393738678
ENSG00000131584	-0.110792856292156
ENSG00000127054	0.0125771550419549
ENSG00000169962	0.0357508669190825
ENSG00000107404	0.156475803236393
ENSG00000221978	-0.0703741528902882
ENSG00000224870	-0.0525685639681702
ENSG00000242485	-0.141693672912747
ENSG00000225285	-0.251951160450217
ENSG00000160072	0.109053870024105
ENSG00000205090	0.0921172252722705
ENSG00000215014	0.0350963709255066
ENSG00000228594	-0.00277261724832678
ENSG00000286989	-0.212797945501992
ENSG00000272106	0.145854348417555
ENSG00000197530	0.0268516256769961
ENSG00000248333	0.136559660290247
ENSG00000215790	0.109148004037127
ENSG00000078369	0.0982300361362648
ENSG00000169885	-0.304240751953102
ENSG00000178821	-0.361223088696344
ENSG00000233542	-0.0681569888522155
ENSG00000187730	-0.13948800935525
ENSG00000067606	0.06635564401727
ENSG00000271806	-0.0884119577879298
ENSG00000287356	0.275066197098804
ENSG00000269896	-0.0757478126460195
ENSG00000272420	-0.393757120552216
ENSG00000157916	-0.0871282143567464
ENSG00000157911	0.00163741234936722
ENSG00000149527	-0.258281740771194
ENSG00000157881	0.231519385216944
ENSG00000197921	-0.519972199180812
ENSG00000272449	-0.0617817961027702
ENSG00000157870	0.160674186612919
ENSG00000177133	0.476286150584922
ENSG00000142611	0.0881506237552852
ENSG00000272235	0.276028698061659
ENSG00000287828	-0.097546453196163
ENSG00000238260	0.131622438938122
ENSG00000158109	0.257949499071162
ENSG00000235169	-0.118695557936255
ENSG00000130764	0.0692044598993871
ENSG00000266075	0.212435330604059
ENSG00000116198	0.0055023081733842
ENSG00000198912	-0.187474763979914
ENSG00000196581	-0.109934651738443
ENSG00000131697	0.163876321836625
ENSG00000069424	0.0658853543424696
ENSG00000116254	-0.180434815896125
ENSG00000116251	-0.0986447545279285
ENSG00000158286	-0.115010811547456
ENSG00000116237	0.310723000287337
ENSG00000097021	-0.0289690488866132
ENSG00000215788	0.116411146497169
ENSG00000171680	0.117856916706717
ENSG00000162408	-0.0369292852482015
ENSG00000204859	0.0428905313237642
ENSG00000162413	0.182594970237591
ENSG00000116273	0.270188679840446
ENSG00000171735	0.0451449940359919
ENSG00000269978	0.055670572058454
ENSG00000116285	0.061637714505931
ENSG00000162426	0.102816327352925
ENSG00000074800	0.30700636906007
ENSG00000230679	-0.270562933729403
ENSG00000142583	-0.080435259778506
ENSG00000049239	-0.00930687452534874
ENSG00000171621	0.0405247980340459
ENSG00000284652	-0.214848459259537
ENSG00000284693	-0.119743945850377
ENSG00000231181	0.184323111038874
ENSG00000188807	0.132914360502013
ENSG00000171608	-0.0755486905590025
ENSG00000171603	0.156730007713032
ENSG00000178585	-0.0578264079737283
ENSG00000162441	-0.151240444903824
ENSG00000173614	0.00585619989668008
ENSG00000284735	0.116780645028837
ENSG00000284642	-0.292852628001451
ENSG00000142657	0.139541004436269
ENSG00000175279	0.00764954316637222
ENSG00000160049	0.0676702705214604
ENSG00000009724	0.0121606678011111
ENSG00000226849	0.0180563237230161
ENSG00000120942	0.0021496838627316
ENSG00000204624	0.231177173342482
ENSG00000284708	0.0172141893611853
ENSG00000116661	-0.0831028128508854
ENSG00000132879	-0.0120518826455008
ENSG00000177674	-0.0498796394669728
ENSG00000177000	0.169932439569883
ENSG00000175206	-0.398158415214817
ENSG00000083444	0.216269602307366
ENSG00000116688	0.143282145026368
ENSG00000120949	0.141393702012114
ENSG00000028137	-0.130451861924461
ENSG00000162496	0.195470476355201
ENSG00000272482	0.200541711721418
ENSG00000162493	-0.270853252511313
ENSG00000116731	0.0473686408235994
ENSG00000171729	0.0656062625797589
ENSG00000142634	-0.154138973300331
ENSG00000132906	-0.0163528915325966
ENSG00000116138	0.0319620256125818
ENSG00000116771	-0.00737528494784771
ENSG00000271742	0.0799251296543531
ENSG00000162461	0.134658260471588
ENSG00000162458	-0.125934127261041
ENSG00000233954	0.0671698081819383
ENSG00000179743	-0.316512727482312
ENSG00000065526	0.0409065684571344
ENSG00000183888	0.405463200042833
ENSG00000185519	0.372681563339258
ENSG00000142627	0.260761417391796
ENSG00000142632	0.116022947847496
ENSG00000237276	0.0063415437248263
ENSG00000288398	0.405396365729011
ENSG00000233929	0.706201226804134
ENSG00000055070	0.0170188833016732
ENSG00000157191	0.00773051874620766
ENSG00000226029	0.255561851730311
ENSG00000080947	0.0498308516071524
ENSG00000261135	-0.155263931505366
ENSG00000219481	0.0144050440106009
ENSG00000215908	0.0366195519688466
ENSG00000236698	0.308508506092642
ENSG00000186715	-0.00506421310255238
ENSG00000117118	0.026542759804828
ENSG00000117115	-0.0730685631949982
ENSG00000179051	-0.087362214713784
ENSG00000159423	0.247474659196636
ENSG00000169991	0.126025235460899
ENSG00000127481	0.184916950828334
ENSG00000053372	0.0838958169254465
ENSG00000286064	0.00345714559197009
ENSG00000211454	-0.104375037997147
ENSG00000162482	0.133328675141692
ENSG00000053371	0.0888063456575927
ENSG00000040487	-0.0477744627626499
ENSG00000077549	-0.00427016549115453
ENSG00000173436	-0.100873306334702
ENSG00000158747	0.384677824124417
ENSG00000158748	0.156089543020365
ENSG00000169914	0.0890587331533858
ENSG00000127472	0.030700823430403
ENSG00000227066	-0.014423992887167
ENSG00000162545	-0.355318646184685
ENSG00000289402	-0.138076562758172
ENSG00000090432	0.0858538941086222
ENSG00000183114	0.047709548571611
ENSG00000158825	0.0296293642145876
ENSG00000158828	0.211216891926494
ENSG00000117242	-0.000660070325954804
ENSG00000244038	0.255284815893291
ENSG00000117245	0.181188216266269
ENSG00000189410	0.36010253852933
ENSG00000127483	0.0286140686917596
ENSG00000075151	-0.0317521188176848
ENSG00000117298	0.273659788130583
ENSG00000076864	0.0647697779989009
ENSG00000090686	0.0167099432163752
ENSG00000142798	0.0640560421728639
ENSG00000218510	-0.153804309911757
ENSG00000070831	-0.182983020085931
ENSG00000184677	0.0701506641183413
ENSG00000173372	-0.157368061248847
ENSG00000159189	-0.117610302845598
ENSG00000173369	-0.00487864676515422
ENSG00000261326	0.15513171378854
ENSG00000125944	-0.10780458966261
ENSG00000125945	0.00520296299604486
ENSG00000249087	0.197824503655266
ENSG00000271420	0.039793699649663
ENSG00000088280	0.089621580801441
ENSG00000117318	-0.336567062115784
ENSG00000142676	-0.112602711674196
ENSG00000011007	-0.00986814568121024
ENSG00000057757	-0.0531154600141054
ENSG00000117305	0.0537451688153665
ENSG00000179163	-0.140565836589578
ENSG00000189266	-0.0893955850071922
ENSG00000188529	-0.0740772880758886
ENSG00000001460	0.0155424586855627
ENSG00000169504	-0.410007503277388
ENSG00000117614	-0.116111076899172
ENSG00000284602	0.126270433385001
ENSG00000117616	0.105303739890267
ENSG00000204178	-0.0489613655629828
ENSG00000117640	0.0466079925935388
ENSG00000182749	0.164519024747747
ENSG00000158006	-0.0596444080491802
ENSG00000158008	-0.126641982469364
ENSG00000175087	-0.0717068264694214
ENSG00000197245	0.0683815765887057
ENSG00000130695	-0.0181295488121291
ENSG00000142669	0.00245015142853129
ENSG00000117682	0.0700687301510712
ENSG00000198830	-0.154942330641476
ENSG00000260063	-0.0774351333081797
ENSG00000117713	0.177403627498535
ENSG00000060642	0.0101884912695255
ENSG00000175793	-0.213736050025577
ENSG00000142751	0.116371634559851
ENSG00000289554	-0.360625917598415
ENSG00000198746	0.00476110323964297
ENSG00000253368	-0.209156284203996
ENSG00000158246	-0.216936306673755
ENSG00000090020	0.204596535425169
ENSG00000142784	0.243369675260486
ENSG00000243659	-0.1091599684537
ENSG00000186501	0.00748612640642411
ENSG00000142733	0.334063083379322
ENSG00000142748	0.143548819054909
ENSG00000181773	0.0244840761204452
ENSG00000158195	0.0551438934951651
ENSG00000126705	0.320002462578945
ENSG00000000938	0.216762146751113
ENSG00000126709	-0.141026151200396
ENSG00000009780	-0.028691472606453
ENSG00000117758	-0.049103889371158
ENSG00000270031	0.586778359856617
ENSG00000117751	0.0111247436093588
ENSG00000130775	-0.407257557714748
ENSG00000117748	0.0683106695385854
ENSG00000158156	0.0659795811916432
ENSG00000158161	0.0123120482972306
ENSG00000169403	-0.0297272910866368
ENSG00000126698	-0.0784893743283769
ENSG00000130770	-0.187293912952933
ENSG00000130766	0.13005515877194
ENSG00000130772	-0.115593209042862
ENSG00000204138	-0.0389232650776355
ENSG00000180198	0.107884136830825
ENSG00000242125	0.111484211205588
ENSG00000180098	-0.103950367982124
ENSG00000197989	-0.19457803182914
ENSG00000278274	-0.296825241789654
ENSG00000120656	-0.0613363330961918
ENSG00000188060	-0.45758299843845
ENSG00000229388	-0.0855084672555531
ENSG00000162419	0.0113140397547808
ENSG00000198492	0.0326114559011589
ENSG00000116329	0.0125954116023756
ENSG00000159023	0.15828672756748
ENSG00000253304	0.723108351208634
ENSG00000277916	-0.0842058666723411
ENSG00000116353	0.15485527843935
ENSG00000060656	-0.00128365585552572
ENSG00000186056	-0.219849010062463
ENSG00000287510	0.369351357164692
ENSG00000162511	-0.17837669728627
ENSG00000162512	0.337219408069975
ENSG00000060688	-0.0885734047085139
ENSG00000121766	-0.0162241576963758
ENSG00000168528	0.104737222168721
ENSG00000142910	0.226658981213602
ENSG00000162517	0.179029446804909
ENSG00000235790	0.0164775745207228
ENSG00000084636	-0.007388455431993
ENSG00000121753	0.32933054616121
ENSG00000121774	-0.0766309031470811
ENSG00000025800	0.099819700499995
ENSG00000084652	0.0189000965295467
ENSG00000160050	0.150133339244916
ENSG00000084623	0.105498941722858
ENSG00000183615	-0.183555746036789
ENSG00000116478	-0.0473191838245018
ENSG00000273274	-0.0489913662029317
ENSG00000160062	0.0765728802671248
ENSG00000176261	-0.0800371073760224
ENSG00000134684	0.28054145654279
ENSG00000116497	0.124033423341636
ENSG00000160097	0.0431016290089234
ENSG00000121905	0.284133050140848
ENSG00000121900	-0.0276867241477735
ENSG00000116514	0.118185639469328
ENSG00000004455	-0.0389556088201373
ENSG00000142920	-0.092940687125894
ENSG00000160094	-0.0294548296935312
ENSG00000134686	-0.0579714025499714
ENSG00000121903	-0.00732797287954524
ENSG00000189280	0.192117331649171
ENSG00000116544	0.0712070320380386
ENSG00000241014	0.0105329898815404
ENSG00000243749	-0.149820296169408
ENSG00000284640	-0.194014561731475
ENSG00000116560	-0.0826502345112526
ENSG00000116819	0.0584074657785152
ENSG00000126067	-0.00052175773918088
ENSG00000142686	0.151826568066756
ENSG00000092847	0.110854013584376
ENSG00000171812	-0.104752887182222
ENSG00000054116	0.0045370012140808
ENSG00000214193	0.0744678807605969
ENSG00000286379	0.00992226306895106
ENSG00000196182	0.13663504734752
ENSG00000181817	-0.0564240626435578
ENSG00000116898	-0.132841075384953
ENSG00000119535	-0.139486545029241
ENSG00000163873	-0.0114002903075437
ENSG00000163874	0.127854970306533
ENSG00000163875	0.0602039526223523
ENSG00000163877	0.0991099412367797
ENSG00000237749	0.0477459615460419
ENSG00000116922	0.0219527532390979
ENSG00000196449	-0.0468514517284399
ENSG00000197982	-0.239877615299248
ENSG00000204084	-0.0484915343760653
ENSG00000183431	0.0496705428037836
ENSG00000183520	-0.0972946691393261
ENSG00000185668	0.350931542532783
ENSG00000116954	-0.085390715647171
ENSG00000214114	0.0219636632960107
ENSG00000174574	-0.121239918974941
ENSG00000127603	0.176089357784404
ENSG00000237624	-0.0283760813725144
ENSG00000243970	0.0448877957480956
ENSG00000090621	-0.0460097211389477
ENSG00000084072	-0.108396962826886
ENSG00000116985	-0.0549046557791874
ENSG00000198754	0.185775255026836
ENSG00000284719	-0.117249783270707
ENSG00000043514	-0.0368943360007088
ENSG00000116990	0.263612054406421
ENSG00000168389	0.217401704095249
ENSG00000117000	-0.0392227296333094
ENSG00000259943	0.0418786963595381
ENSG00000084073	-0.0714375878395179
ENSG00000049089	-0.471252467502355
ENSG00000084070	0.0649246093318978
ENSG00000187801	0.073283044508958
ENSG00000279667	-0.212481906121256
ENSG00000164002	0.0399284167995138
ENSG00000117016	0.0246544880274866
ENSG00000066136	-0.00895261089933326
ENSG00000179862	-0.170255446323656
ENSG00000171793	0.0902000368971124
ENSG00000171790	0.179529158798034
ENSG00000204060	-0.010220880458497
ENSG00000198815	0.0727666040458155
ENSG00000177181	0.123782520210296
ENSG00000127125	-0.00825283259571136
ENSG00000171960	0.0520100045657988
ENSG00000285728	0.100557280046145
ENSG00000065978	-0.218989384417843
ENSG00000117385	0.0970412921414125
ENSG00000164008	-0.123743891384503
ENSG00000177868	-0.185583765512156
ENSG00000164011	-0.290801742653206
ENSG00000117394	0.136134146769606
ENSG00000117395	0.105702921621488
ENSG00000117400	-0.0973908099209899
ENSG00000117399	-0.125537496231743
ENSG00000159479	-0.154320452146511
ENSG00000229431	-0.00411352381037095
ENSG00000198198	0.0432615910254624
ENSG00000236200	0.0142944505422462
ENSG00000117407	-0.220244521063425
ENSG00000237950	0.238500087179829
ENSG00000132768	0.188554566735624
ENSG00000159214	-0.0952515166698095
ENSG00000196517	-0.29467790601261
ENSG00000233602	-0.00686776544652345
ENSG00000187147	-0.0237828162574722
ENSG00000198520	-0.0269599420108117
ENSG00000199377	0.221834346130958
ENSG00000142937	-0.159611023482014
ENSG00000173846	0.124950098395133
ENSG00000117425	0.152492795593649
ENSG00000126107	0.0193408857913628
ENSG00000186603	0.131553820740477
ENSG00000132781	-0.0610162302472538
ENSG00000132773	0.10285620916817
ENSG00000132763	-0.0502435656216548
ENSG00000117450	-0.331696274730496
ENSG00000117448	0.0657712668703163
ENSG00000159588	0.0540741286225935
ENSG00000159592	0.0616357766438696
ENSG00000159596	-0.191224579671561
ENSG00000086015	0.122455376451255
ENSG00000117461	0.102890829447327
ENSG00000085998	0.0935481806385667
ENSG00000132128	0.0739720502458831
ENSG00000173660	-0.135850929241769
ENSG00000117481	0.00477077927771305
ENSG00000117480	-0.171711967576938
ENSG00000079277	0.00523924940352334
ENSG00000142961	0.383578986892912
ENSG00000123472	0.0692545814902686
ENSG00000159658	-0.0871117871498849
ENSG00000186377	0.0110833741838668
ENSG00000162366	0.0159515489604493
ENSG00000162367	-0.0281731340670886
ENSG00000226252	-0.0779766648200866
ENSG00000162368	-0.130194021482389
ENSG00000186790	-0.159549901809738
ENSG00000237424	-0.0866867409087857
ENSG00000224986	0.331854199261272
ENSG00000162373	-0.154048618633477
ENSG00000123091	0.0388222647409346
ENSG00000117859	-0.0367898959320498
ENSG00000169213	-0.195373969284774
ENSG00000117862	-0.0516951868631559
ENSG00000198841	0.0948281554837455
ENSG00000134717	-0.0384209654749985
ENSG00000157077	0.0304389326568989
ENSG00000228407	-0.252903465882424
ENSG00000116157	-0.116110851733208
ENSG00000162377	0.0561529589381225
ENSG00000121310	0.19273831698662
ENSG00000230953	-0.0856997750823775
ENSG00000174348	0.0128008812939823
ENSG00000157184	0.10074168238729
ENSG00000162384	0.0323284150231518
ENSG00000162385	-0.0894049192954331
ENSG00000230138	-0.0510207599875228
ENSG00000058804	0.000490244321900918
ENSG00000058799	-0.0654754137756731
ENSG00000081870	-0.0515279750977516
ENSG00000116212	0.0233457939616712
ENSG00000215883	0.0345505685979567
ENSG00000157216	-0.0188939826139318
ENSG00000198711	0.144063648864019
ENSG00000162390	0.0252076215315555
ENSG00000162396	0.12120176594684
ENSG00000116133	0.118336945787653
ENSG00000162402	-0.0124708776580079
ENSG00000162407	0.00763370681521306
ENSG00000162409	0.0326708136445352
ENSG00000162601	-0.00516212154210775
ENSG00000177606	0.0628203479901114
ENSG00000270457	-0.234239866425727
ENSG00000134709	-0.0455185159691221
ENSG00000134716	-0.0667771139103514
ENSG00000265535	0.0461266365903618
ENSG00000162598	-0.00897082698439779
ENSG00000162599	-0.0365517630372317
ENSG00000162604	-0.0438901480703004
ENSG00000271200	-0.110085266486966
ENSG00000242860	0.0919006642564636
ENSG00000162607	-0.12325057959038
ENSG00000116641	0.0911492275953873
ENSG00000125703	-0.284603095167255
ENSG00000088035	-0.0238709805226626
ENSG00000203965	-0.0188388305070196
ENSG00000116652	0.0806469762620697
ENSG00000079739	0.087799077292871
ENSG00000158966	0.0724871622288563
ENSG00000162437	0.0681026579126217
ENSG00000272506	-0.177909872482176
ENSG00000162433	0.179169277860917
ENSG00000116675	-0.269805177802761
ENSG00000213625	-0.353356338042449
ENSG00000116678	-0.10013358451483
ENSG00000184588	-0.0530564179827656
ENSG00000118473	0.0821336349086516
ENSG00000198160	-0.069830257706441
ENSG00000289394	0.124901527706254
ENSG00000116704	0.0386406338288452
ENSG00000142864	-0.00442371067606028
ENSG00000116717	-0.0855695325333244
ENSG00000162595	0.35596339087013
ENSG00000116729	-0.0913631468522869
ENSG00000033122	0.0552116560431918
ENSG00000287283	0.100261144691801
ENSG00000229359	-0.1365989303258
ENSG00000118454	-0.045547774609513
ENSG00000197568	-0.136633056287449
ENSG00000116761	0.0478646697764706
ENSG00000271992	0.30196302539259
ENSG00000233994	-0.0588657908848322
ENSG00000254685	-0.171038284819624
ENSG00000233894	0.00504902182140601
ENSG00000178965	0.228066988805714
ENSG00000116791	-0.0773162584954962
ENSG00000162623	-0.12452356687367
ENSG00000261213	-0.598184208756532
ENSG00000137955	-0.130612988134593
ENSG00000142892	-0.0954856509168803
ENSG00000154027	-0.0682914061998389
ENSG00000036549	-0.131950825184339
ENSG00000077254	-0.111277404209979
ENSG00000180488	-0.153014011181476
ENSG00000235613	0.0856355193688676
ENSG00000162614	-0.0712868038871757
ENSG00000162616	0.132661939716524
ENSG00000273338	-0.536775252303629
ENSG00000285928	0.303654148275061
ENSG00000137959	-0.337143028457362
ENSG00000137965	-0.369530516610864
ENSG00000242598	-0.111806399478789
ENSG00000271576	-0.100753375516427
ENSG00000142875	-0.126590350566904
ENSG00000174021	0.123179452918847
ENSG00000117151	-0.0928860164630162
ENSG00000117155	0.151308577367504
ENSG00000280099	0.422716507151667
ENSG00000162642	-0.0525140540441967
ENSG00000142867	0.117983216331493
ENSG00000153904	0.0862407636150574
ENSG00000273264	-0.00841011484955041
ENSG00000142871	0.103848219217868
ENSG00000117174	-0.0530728985766967
ENSG00000016602	-0.585329689765178
ENSG00000261737	-0.225295831006863
ENSG00000097033	-0.0890409673331586
ENSG00000267272	0.168554294689569
ENSG00000143013	0.10120129111125
ENSG00000065243	-0.00841669031498757
ENSG00000241975	0.170778283612504
ENSG00000137944	-0.188592135753215
ENSG00000213516	-0.123824224382806
ENSG00000117226	-0.33165622331569
ENSG00000117228	-0.21579912877205
ENSG00000234518	-0.135502199503598
ENSG00000162645	-0.104278214230334
ENSG00000162654	0.17011423452326
ENSG00000154451	0.0509156546558117
ENSG00000225492	0.0237949728532174
ENSG00000197147	-0.0730538355164198
ENSG00000171488	-0.0366742656779328
ENSG00000228175	0.0415714432379759
ENSG00000162664	-0.171653733098301
ENSG00000122482	-0.144720569044158
ENSG00000097046	-0.0283390328185688
ENSG00000069702	-0.0259488077624642
ENSG00000172031	0.21464556469582
ENSG00000230667	-0.022663345129015
ENSG00000189195	-0.00162972829592999
ENSG00000273487	-0.0918383782455378
ENSG00000174842	-0.0126237504330549
ENSG00000067208	-0.0842340524406947
ENSG00000122406	-0.0760894182091948
ENSG00000154511	-0.126586994330531
ENSG00000206680	0.201669946720013
ENSG00000207523	-0.23397273781869
ENSG00000143033	0.085437897987077
ENSG00000117500	-0.0449642594044367
ENSG00000117505	-0.0569124867478691
ENSG00000229635	0.442024660189924
ENSG00000137936	0.0420873782862718
ENSG00000260464	0.0651820988356375
ENSG00000067334	-0.141210773077934
ENSG00000023909	0.0844722873020105
ENSG00000117528	-0.0827673364737937
ENSG00000117525	-0.190652113985626
ENSG00000223675	-0.129009034111384
ENSG00000143036	-0.0306297358754755
ENSG00000117519	-0.0934475257789269
ENSG00000235501	-0.124504632142209
ENSG00000172339	-0.0638320830438551
ENSG00000259946	0.0203048560903827
ENSG00000280040	-0.317346429249084
ENSG00000162627	-0.178008357593736
ENSG00000117598	-0.0377281022617428
ENSG00000117600	0.073643757162461
ENSG00000117620	-0.0952549393866762
ENSG00000224616	-0.169952127123459
ENSG00000137996	-0.0679449011498808
ENSG00000181656	-0.034522264261453
ENSG00000162692	-0.422531160609428
ENSG00000162694	0.199860482216534
ENSG00000162695	0.0432230458175768
ENSG00000117543	-0.00779117686928107
ENSG00000233184	0.0128839800840091
ENSG00000225938	-0.108562995857339
ENSG00000170989	0.157507130553929
ENSG00000118733	-0.0191203346442351
ENSG00000289192	-0.0406434309655846
ENSG00000060718	-0.0536167596611126
ENSG00000240038	0.00827851866126606
ENSG00000243480	0.252271853307079
ENSG00000198890	-0.137920731837434
ENSG00000085491	-0.00692492262813068
ENSG00000280186	-0.0735659315943212
ENSG00000162636	-0.193786765695298
ENSG00000121957	-0.358754622728985
ENSG00000121940	0.0254789850072995
ENSG00000085433	0.101831791582523
ENSG00000197780	0.0495314858716015
ENSG00000273382	-0.22866499392729
ENSG00000116299	0.124952166098252
ENSG00000031698	0.155181178320029
ENSG00000143126	0.319788812372147
ENSG00000134222	-0.333151269962629
ENSG00000143106	0.0880579012572162
ENSG00000143028	0.0555032024747723
ENSG00000162650	-0.0350929065550906
ENSG00000174151	0.234473553303438
ENSG00000181754	0.102522690356683
ENSG00000156097	0.197594113063841
ENSG00000065135	-0.0856207264692604
ENSG00000116337	0.291892201158374
ENSG00000168765	0.247500303227901
ENSG00000184371	0.17970915205487
ENSG00000168710	0.175092961364782
ENSG00000143093	-0.12418608204331
ENSG00000197106	0.0704714762402643
ENSG00000273373	0.220716858374681
ENSG00000134248	-0.0227610475892233
ENSG00000177301	0.273390985680882
ENSG00000259834	-0.321769031817858
ENSG00000288803	0.0183082727843789
ENSG00000143119	-0.115635759255956
ENSG00000232811	-0.0961161518924629
ENSG00000121931	0.05689669896259
ENSG00000273010	-0.0220082299909875
ENSG00000156171	-0.095001056833668
ENSG00000134255	-0.00629082731348763
ENSG00000162777	-0.0579854293042584
ENSG00000085465	0.0167291826728546
ENSG00000233337	-0.108470422208567
ENSG00000143110	-0.00351421645225669
ENSG00000121933	-0.0714752145420633
ENSG00000282608	-0.482370812722578
ENSG00000197852	0.0676520507485057
ENSG00000064703	-0.0831300333633412
ENSG00000231437	-0.0210584947740434
ENSG00000143079	-0.0603715677779202
ENSG00000134245	0.221166604281212
ENSG00000273483	-0.171459682038741
ENSG00000007341	-0.00366844799211973
ENSG00000116489	-0.14914321323112
ENSG00000155363	0.11685486849417
ENSG00000155366	-0.0436674242054507
ENSG00000155367	-0.251528448088432
ENSG00000155380	-0.199881932100919
ENSG00000229020	-0.215604462651544
ENSG00000198799	-0.0715381886169585
ENSG00000232450	0.499062320450227
ENSG00000188761	0.0351564155593097
ENSG00000134262	0.142436614277767
ENSG00000134207	0.0535680099846947
ENSG00000197323	-0.0742795609082006
ENSG00000116752	-0.0690002994661462
ENSG00000213281	-0.15163659023479
ENSG00000134198	-0.0488719738307123
ENSG00000163399	0.527608630764546
ENSG00000203865	-0.0551109456204562
ENSG00000116815	-0.0297418272973169
ENSG00000143061	0.0856433944290327
ENSG00000272715	0.350986030295493
ENSG00000134247	-0.0213120979382157
ENSG00000271427	-0.169808815366732
ENSG00000198162	-0.0989405137913046
ENSG00000183508	0.14136276797274
ENSG00000196505	-0.0114717174343921
ENSG00000065183	0.0444601046554133
ENSG00000232780	0.126047197998935
ENSG00000260941	0.231542513331515
ENSG00000143067	0.109905699020686
ENSG00000092621	-0.114334010534997
ENSG00000134250	0.267211066368107
ENSG00000265808	-0.113941053652787
ENSG00000270231	0.0888170305724514
ENSG00000273694	-0.105003934928654
ENSG00000273136	0.0892171393727117
ENSG00000226067	-0.0855185690947725
ENSG00000198019	-0.0608629149467318
ENSG00000227082	-0.0671979431427084
ENSG00000272583	-0.231544828908503
ENSG00000265531	-0.0361189025206836
ENSG00000273213	0.0571836214937333
ENSG00000289318	0.127024476672944
ENSG00000265491	-0.0320392578609637
ENSG00000186141	0.0435805174282428
ENSG00000131788	-0.00690128396580076
ENSG00000198483	-0.0168630950688022
ENSG00000131779	-0.0508640041688229
ENSG00000211451	-0.0107347666636968
ENSG00000265241	-0.0240167227575608
ENSG00000271601	0.102348159797388
ENSG00000272031	-0.0666202430877887
ENSG00000121851	0.0335008207687168
ENSG00000265972	-0.286623708312602
ENSG00000276509	0.0361101618590056
ENSG00000270339	-0.266056728010424
ENSG00000131778	-0.218520126708166
ENSG00000116128	0.0462660851936373
ENSG00000289419	0.350627376443636
ENSG00000162836	0.195673529640249
ENSG00000273059	-0.456995072564305
ENSG00000263956	-0.0836540583327414
ENSG00000225080	-0.0765041068884461
ENSG00000231551	0.0409087186595088
ENSG00000280649	-0.198705945395293
ENSG00000270629	0.103950533885548
ENSG00000178104	0.0954042824802303
ENSG00000269713	0.0605268118561735
ENSG00000271383	0.0298057437751838
ENSG00000150337	-0.135826702836121
ENSG00000261716	-0.279525548018488
ENSG00000184678	-0.460441179928869
ENSG00000184260	-0.794980695980667
ENSG00000178096	-0.133949362541053
ENSG00000159164	-0.261047106881702
ENSG00000143368	-0.0215077638928077
ENSG00000014914	-0.0947767085414591
ENSG00000136631	-0.0050938294489744
ENSG00000023902	0.00760586118936158
ENSG00000118298	-0.356376978298159
ENSG00000117362	-0.0245790294813146
ENSG00000118292	-0.0184718637988852
ENSG00000159208	-0.152841008572161
ENSG00000117360	0.0241565544873905
ENSG00000228126	-0.00138377570189176
ENSG00000143382	0.106779776898488
ENSG00000143384	0.222793147164718
ENSG00000253047	0.890976354524343
ENSG00000143420	-0.0371527083524058
ENSG00000288880	0.103636596309911
ENSG00000143457	-0.0560876595568645
ENSG00000163131	-0.231966658367184
ENSG00000143387	-0.18902992604688
ENSG00000143379	-0.0132933605731218
ENSG00000163141	0.00507718470906888
ENSG00000143443	-0.105000732994853
ENSG00000197622	-0.0504050591436832
ENSG00000213190	-0.179821137187066
ENSG00000143458	0.0377067885639954
ENSG00000289288	0.293528699935678
ENSG00000163154	-0.0909752993727506
ENSG00000163155	0.0851987607351686
ENSG00000143398	0.1419970370067
ENSG00000159352	0.0108992695781075
ENSG00000143373	0.12781175273716
ENSG00000143393	-0.0576511514102346
ENSG00000273481	0.33861756676569
ENSG00000237976	0.147125682082716
ENSG00000143416	0.110974698634324
ENSG00000159377	-0.0802297152174243
ENSG00000143442	-0.0216393035635181
ENSG00000143367	0.0222310380712502
ENSG00000159409	-0.0827513406134963
ENSG00000178796	0.116789136822319
ENSG00000236940	-0.0156328899869991
ENSG00000143436	0.0407241484786464
ENSG00000143450	-0.0737972022150789
ENSG00000269489	0.00893345801333795
ENSG00000196407	-0.218052129156329
ENSG00000159445	-0.0456718006984003
ENSG00000163191	-0.113917813622333
ENSG00000159450	0.183607716150273
ENSG00000163220	-0.169181261802591
ENSG00000163221	-0.112399039644889
ENSG00000143546	-0.197915334514888
ENSG00000238279	0.022938857691383
ENSG00000197956	-0.162209269314946
ENSG00000196154	-0.0863083427888686
ENSG00000188015	-0.323243036824721
ENSG00000196754	0.133409092764879
ENSG00000285867	0.0720802675470405
ENSG00000188643	0.0120490947934608
ENSG00000160678	-0.0147320600898138
ENSG00000143553	-0.170498483819883
ENSG00000143621	-0.0491747315691654
ENSG00000169418	0.112197989600909
ENSG00000143624	0.114025092085159
ENSG00000143554	0.237513504055042
ENSG00000143614	0.0454591215410252
ENSG00000198837	0.170140459131055
ENSG00000160741	-0.103303821975583
ENSG00000143570	0.0599413426138677
ENSG00000282386	-0.0468879501878519
ENSG00000273026	-0.404964081798001
ENSG00000143578	-0.0689080047311093
ENSG00000143543	-0.0287235956408751
ENSG00000143545	-0.224932614885126
ENSG00000177954	-0.146213408388934
ENSG00000143549	0.0483928934629185
ENSG00000143612	-0.0567039405979228
ENSG00000143569	0.0279772677009377
ENSG00000143575	0.146695187189093
ENSG00000143515	0.214800740428756
ENSG00000228013	-0.183431515045075
ENSG00000160712	0.0242824683269845
ENSG00000169291	0.137658519286279
ENSG00000160714	0.035584603957227
ENSG00000160716	-0.0345965083529987
ENSG00000160710	0.168648311465152
ENSG00000143603	0.187514878448303
ENSG00000163344	0.257853009354173
ENSG00000270361	-0.182964241908116
ENSG00000163346	0.289901016193595
ENSG00000268154	0.26273263623575
ENSG00000163348	0.124461624855374
ENSG00000160691	0.28627556717351
ENSG00000173207	0.0245638077106199
ENSG00000160685	0.105761897053289
ENSG00000243364	0.0169442934934718
ENSG00000143590	0.15129341538303
ENSG00000169242	-0.310570792812553
ENSG00000169241	-0.0731235137566034
ENSG00000163463	-0.209641827794351
ENSG00000163462	0.128654269673268
ENSG00000185499	0.192885162810423
ENSG00000231064	-0.0355299837428601
ENSG00000169231	0.187374304940325
ENSG00000160766	-0.0234904466502423
ENSG00000177628	0.0155982848692626
ENSG00000160767	0.214373604995277
ENSG00000116521	0.0368858910781421
ENSG00000176444	-0.085640812344233
ENSG00000143630	0.0273017953846558
ENSG00000160752	-0.0874088206668124
ENSG00000225855	0.0311877921198088
ENSG00000160753	0.170335376838099
ENSG00000235919	0.109478697016703
ENSG00000125459	0.0297552875543645
ENSG00000163374	0.0624429810596556
ENSG00000132676	0.00606101315502124
ENSG00000203761	0.0574213689154107
ENSG00000116580	0.0733432288592727
ENSG00000143622	-0.00651140281219145
ENSG00000173080	-0.132575519209792
ENSG00000116584	0.0478762052745613
ENSG00000163479	0.146035234430382
ENSG00000116586	0.080525542524061
ENSG00000254726	0.161505920594036
ENSG00000160789	-0.128423260842236
ENSG00000196189	0.287748128970523
ENSG00000160785	0.040706051165982
ENSG00000160783	-0.136144515115833
ENSG00000242252	0.0924008240730373
ENSG00000198952	0.0790217498191226
ENSG00000163472	0.139577334068472
ENSG00000198715	-0.120062885064186
ENSG00000163468	0.00495688640240403
ENSG00000125462	0.102280203491941
ENSG00000116604	0.224337011016462
ENSG00000289593	-0.236821805452985
ENSG00000160818	0.257364205050887
ENSG00000132702	-0.53238816893795
ENSG00000272068	0.066544512807602
ENSG00000132692	-0.026267789625025
ENSG00000132688	0.0071727426204329
ENSG00000143320	-0.409153457309763
ENSG00000223356	-0.176648773796253
ENSG00000143319	0.0751456391589411
ENSG00000143303	-0.0293894816549655
ENSG00000143294	-0.0200772151671249
ENSG00000027869	0.0907827508492285
ENSG00000117036	0.130428871625001
ENSG00000158473	-0.146886916111778
ENSG00000231434	0.0922973043050158
ENSG00000163563	-0.0361852918135206
ENSG00000163565	-0.140338380172877
ENSG00000213088	0.137526976104376
ENSG00000132693	0.0303459144363731
ENSG00000288775	-0.0335276198778215
ENSG00000158714	0.0480634639451455
ENSG00000158710	0.0784851840124337
ENSG00000085552	0.0565207626382156
ENSG00000177807	-0.183549206244244
ENSG00000162728	-0.104814593249813
ENSG00000162729	-0.152052437289403
ENSG00000018625	0.542297498669305
ENSG00000162734	0.0487257450005842
ENSG00000132716	-0.0587096925000656
ENSG00000224261	0.330663886211814
ENSG00000162735	0.0342335741967349
ENSG00000162736	0.0431797423966252
ENSG00000171786	0.130648788045626
ENSG00000162738	0.0616515389344133
ENSG00000066294	-0.0323317367708554
ENSG00000158769	0.13506960259342
ENSG00000158773	0.0194818861747167
ENSG00000186517	-0.0311072606939628
ENSG00000162755	-0.0532782106942796
ENSG00000158796	-0.0867168487956491
ENSG00000143222	-0.00521379893616544
ENSG00000224985	0.234769996106531
ENSG00000143258	0.0113637532503183
ENSG00000143224	-0.0362733191376609
ENSG00000158864	0.0908112477232892
ENSG00000158869	-0.201871422079023
ENSG00000158874	-0.215187898872469
ENSG00000158882	0.360513487547763
ENSG00000248485	0.208874886999206
ENSG00000289106	-0.0170553770050292
ENSG00000288670	0.35411835144821
ENSG00000143226	-0.394806316011087
ENSG00000173110	0.223756437515474
ENSG00000203747	-0.124147462921306
ENSG00000244682	-0.130228680069246
ENSG00000225217	-0.0889434987163013
ENSG00000162747	-0.20013164453519
ENSG00000072694	-0.180702591217752
ENSG00000132185	-0.206236588424979
ENSG00000162746	-0.127133523606949
ENSG00000081721	-0.032466200949935
ENSG00000118217	0.00730900466957149
ENSG00000162745	-0.105572394507287
ENSG00000152332	-0.154563994327855
ENSG00000117143	-0.0276760075457677
ENSG00000272574	-0.146379557186224
ENSG00000132196	-0.0110210067311256
ENSG00000117152	0.551526884481958
ENSG00000143248	0.201012607643509
ENSG00000269887	0.166857905809799
ENSG00000143171	0.171841866145329
ENSG00000143149	0.0812148113132849
ENSG00000143183	-0.0465956372244992
ENSG00000143179	0.0815282543150179
ENSG00000232341	-0.0712654263629898
ENSG00000143157	-0.142654926295995
ENSG00000152382	-0.0562626476322419
ENSG00000225171	0.367852226770076
ENSG00000143195	-0.172312086050265
ENSG00000272205	-0.261070956697462
ENSG00000143190	0.030648878561419
ENSG00000287218	0.0964165906154569
ENSG00000143162	-0.158523692181644
ENSG00000197965	-0.0566719277073494
ENSG00000143158	-0.151095818050798
ENSG00000143164	0.00632680389142363
ENSG00000143147	0.0754337806841051
ENSG00000143155	-0.0574217178907541
ENSG00000213064	-0.281244894467311
ENSG00000143153	-0.333396571190752
ENSG00000289466	-0.455479303811937
ENSG00000117475	0.0216802000965273
ENSG00000117479	0.140575460222552
ENSG00000188404	-0.110259527642213
ENSG00000007908	-0.0690273501388086
ENSG00000171806	-0.303015057096416
ENSG00000000457	-0.05959562871263
ENSG00000075945	-0.0215219128820783
ENSG00000120370	-0.0194501875164148
ENSG00000116132	0.00923198409384376
ENSG00000094963	-0.199434334088373
ENSG00000076258	-0.204379882235416
ENSG00000285665	0.12530975987521
ENSG00000268062	-0.1054737109092
ENSG00000117523	0.094449291127726
ENSG00000117533	-0.0333926730772205
ENSG00000197959	-0.109770745236222
ENSG00000135845	-0.047967532736237
ENSG00000231615	-0.166428605551258
ENSG00000117592	0.0685163402943871
ENSG00000076321	-0.0292165246830885
ENSG00000120334	0.00270385271829629
ENSG00000117593	0.0589036078823624
ENSG00000234741	-0.26844221099942
ENSG00000270084	-0.238661022727096
ENSG00000135870	-0.0706685173693877
ENSG00000203737	0.700027387258956
ENSG00000116161	0.0334399962120457
ENSG00000120333	-0.181379407947229
ENSG00000235750	0.0212471699304628
ENSG00000116147	-0.0705106353334194
ENSG00000143207	-0.00572115725310639
ENSG00000242193	-0.202347910260817
ENSG00000224687	0.0884116005491484
ENSG00000075391	0.0255474758037364
ENSG00000213057	0.0475587286973693
ENSG00000116194	-0.18112373663467
ENSG00000116199	0.0735881790151196
ENSG00000186283	0.165065323393251
ENSG00000057252	0.0602438940563813
ENSG00000169905	-0.097670177197791
ENSG00000143337	-0.0350170359651303
ENSG00000260360	-0.24385764113265
ENSG00000135837	0.0262711259522885
ENSG00000230124	-0.00293915807506412
ENSG00000143324	-0.0442790670881034
ENSG00000135835	-0.0592509833008116
ENSG00000243155	-0.042927062793615
ENSG00000153029	0.129760776238071
ENSG00000289589	0.0413620716512832
ENSG00000162783	0.274713661647054
ENSG00000198216	0.189884380526884
ENSG00000288574	-0.164009959645397
ENSG00000272880	-0.414312189478924
ENSG00000135821	-0.174167569582051
ENSG00000135828	0.212397260561278
ENSG00000143333	-0.305582824311159
ENSG00000135824	0.232176250261802
ENSG00000135838	0.0349661329839882
ENSG00000287808	-0.15806115055711
ENSG00000135829	0.102978432840885
ENSG00000135862	0.161246254311984
ENSG00000157064	0.268663790240022
ENSG00000162704	-0.263646805670262
ENSG00000143344	-0.0549025068631062
ENSG00000198756	-0.110664590660153
ENSG00000198860	-0.272015534588238
ENSG00000271387	-0.00331409888088465
ENSG00000116667	0.0427689339231464
ENSG00000285847	0.0318138021222237
ENSG00000121481	-0.0827569355337361
ENSG00000121486	-0.0637901737511117
ENSG00000279838	0.0681046920761636
ENSG00000116679	0.272032636691088
ENSG00000228238	0.0390292113141712
ENSG00000233196	-0.101175831811979
ENSG00000288562	-0.0244427735159616
ENSG00000073756	-0.0941655910639362
ENSG00000273129	0.138079870396799
ENSG00000237457	0.0268269762756492
ENSG00000090104	-0.443065336368347
ENSG00000116741	-0.21290840745328
ENSG00000116750	0.0410006051612366
ENSG00000134371	-0.0920101492632665
ENSG00000162630	-0.140257618197347
ENSG00000000971	0.0717132065592539
ENSG00000134376	0.0084331063079596
ENSG00000081237	-0.175574594809011
ENSG00000162702	-0.322842736479274
ENSG00000118197	-0.117378428445779
ENSG00000118200	-0.0927294888942907
ENSG00000163362	0.0112421623165684
ENSG00000116852	0.146356723405824
ENSG00000229191	-0.225969264471669
ENSG00000163395	0.417378934552492
ENSG00000118194	0.0207716397817765
ENSG00000174307	-0.126597084922865
ENSG00000159176	-0.239314917963916
ENSG00000134369	-0.0383160913897427
ENSG00000198700	0.0791093554202605
ENSG00000198892	0.167397533839935
ENSG00000163431	0.218651786151535
ENSG00000134375	0.0565728987225463
ENSG00000176393	-0.031819520179559
ENSG00000234678	0.0682624009717
ENSG00000170075	0.140164909333108
ENSG00000143851	0.217265275462603
ENSG00000243323	0.0136244838540446
ENSG00000077152	-0.068349435766106
ENSG00000077157	0.0611331082321431
ENSG00000143858	0.238646033475413
ENSG00000226862	0.000199534911668704
ENSG00000228288	0.0372786948445089
ENSG00000183155	0.0561662977354304
ENSG00000117153	0.0346346771127909
ENSG00000230280	0.110599661576209
ENSG00000159346	0.0735292021939101
ENSG00000159348	-0.0338083841706336
ENSG00000163444	0.0887897049893168
ENSG00000122180	0.058728337275482
ENSG00000163485	-0.0352749769643821
ENSG00000133055	-0.165751999524104
ENSG00000133048	0.101660904164488
ENSG00000159388	0.518377054496745
ENSG00000188783	0.141036630044878
ENSG00000058668	-0.0182803840343738
ENSG00000257315	-0.397003029542561
ENSG00000223505	0.0948303951330091
ENSG00000182004	-0.100870853705425
ENSG00000143842	0.057999054278368
ENSG00000143845	0.192673978273683
ENSG00000225522	-0.178600522526488
ENSG00000170498	-0.0368774958315604
ENSG00000174567	0.0466225295507815
ENSG00000219133	-0.0794254697326729
ENSG00000158615	0.0701886417698234
ENSG00000170382	0.180035257715055
ENSG00000228153	0.0290502834820539
ENSG00000174529	-0.0195822760137477
ENSG00000133059	0.0382551527442743
ENSG00000163545	-0.121241775457498
ENSG00000117280	-0.00375980637516039
ENSG00000266028	-0.0418612554613552
ENSG00000263528	-0.0341843491123716
ENSG00000266094	-0.167859088051291
ENSG00000143486	-0.0373551480091376
ENSG00000237605	-0.0811712663381548
ENSG00000162889	0.00790649613787339
ENSG00000123836	0.179168671849533
ENSG00000180667	-0.186828100177401
ENSG00000203709	0.114375661431214
ENSG00000289071	0.0111093813762316
ENSG00000008118	0.230221737331299
ENSG00000196878	0.075320154195796
ENSG00000123689	-0.486955809132853
ENSG00000162757	0.0398536290054577
ENSG00000117597	0.0167371840599478
ENSG00000082497	0.125564313248993
ENSG00000224668	0.034618199908706
ENSG00000234233	-0.436532423131353
ENSG00000117625	-0.0203469921812965
ENSG00000082512	0.0375926940109429
ENSG00000123684	-0.109897429805943
ENSG00000143493	0.0369749776650938
ENSG00000066027	0.0193734492704636
ENSG00000117691	-0.233443784277207
ENSG00000288007	-0.014375227732558
ENSG00000162772	-0.0313244014732477
ENSG00000123685	0.104923530090059
ENSG00000117697	-0.208968463924504
ENSG00000203705	-0.0421177749594793
ENSG00000136643	0.00516356913135237
ENSG00000274895	-0.0997103274576329
ENSG00000143499	-0.0906942980609703
ENSG00000082482	0.143568804863351
ENSG00000136636	-0.178760200984777
ENSG00000067533	-0.058480092197804
ENSG00000092969	-7.55141335150411e-05
ENSG00000277007	-0.0624191597153461
ENSG00000196660	-0.0147807954624135
ENSG00000136628	0.037644728351933
ENSG00000162813	0.0589759450050225
ENSG00000067704	0.0190330262645202
ENSG00000162817	0.125829269267915
ENSG00000117791	0.117626093511414
ENSG00000186205	0.0861550325573251
ENSG00000221571	-0.123947091411551
ENSG00000136630	0.0135066677180717
ENSG00000143507	-0.285583960219376
ENSG00000143498	0.00814816395521154
ENSG00000154305	0.112599567075474
ENSG00000272750	-0.038683986791438
ENSG00000186063	0.0162437380943294
ENSG00000162819	-0.127063706113765
ENSG00000287338	0.302659312166665
ENSG00000187554	-0.111397867008718
ENSG00000143502	0.0868127254150365
ENSG00000178395	0.0847682208075617
ENSG00000162909	0.108824419011179
ENSG00000143514	0.038371379571548
ENSG00000288999	-0.137675429455111
ENSG00000272645	0.0639283005949667
ENSG00000185495	0.112484171479872
ENSG00000143756	-0.0915334751395527
ENSG00000143753	-0.139123261380327
ENSG00000143771	-0.110328848812442
ENSG00000143819	0.00124388160528497
ENSG00000143811	-0.109943776247977
ENSG00000143751	-0.101405121226177
ENSG00000163041	-0.147866575120476
ENSG00000225518	-0.0450029705239242
ENSG00000182827	-0.0518962124418361
ENSG00000143799	0.0101377252963728
ENSG00000203685	0.31198961953001
ENSG00000143772	0.243497626245096
ENSG00000143740	0.226484655724304
ENSG00000286389	0.399013127741202
ENSG00000143761	0.139898454057081
ENSG00000162910	-0.0518150856666807
ENSG00000280157	0.24630459969894
ENSG00000198835	-0.614759597825492
ENSG00000203684	0.0479635377070268
ENSG00000181873	0.0459723537656271
ENSG00000162913	0.133853512138499
ENSG00000154358	0.262416736235458
ENSG00000270110	0.018561348854749
ENSG00000287315	-0.00232518643540018
ENSG00000154370	0.114555144581247
ENSG00000231563	0.103884173979851
ENSG00000162931	0.382154525562593
ENSG00000181218	-0.0862019599626183
ENSG00000168159	0.149866839061309
ENSG00000183929	-0.00861265211760931
ENSG00000116574	-0.634564074032368
ENSG00000177788	-0.0225774081890834
ENSG00000168118	-0.159284373413861
ENSG00000154429	-0.146901966316211
ENSG00000069248	0.0254187243588642
ENSG00000135776	-0.00743235176017077
ENSG00000135801	-0.0196288088306452
ENSG00000135763	0.0706437160372554
ENSG00000228058	-0.416699612098456
ENSG00000143641	0.0924286070531517
ENSG00000177614	-0.0408285939931666
ENSG00000135775	-0.0343496643642892
ENSG00000135744	0.0140769976038576
ENSG00000119280	-0.184057200528867
ENSG00000182118	-0.00742074584508722
ENSG00000119283	-0.055386254020488
ENSG00000143633	0.00473251948693237
ENSG00000116906	-0.040374117562023
ENSG00000116903	-0.0765716210017481
ENSG00000010072	-0.18988906140613
ENSG00000135766	-0.089768560050641
ENSG00000233461	-0.0262218843247566
ENSG00000116918	-0.0190067034534754
ENSG00000116991	-0.02012774455321
ENSG00000212916	-0.0543408709780529
ENSG00000135778	-0.031502616080649
ENSG00000135749	0.0951729500207156
ENSG00000143674	0.0776568900498385
ENSG00000273367	-0.135489043217876
ENSG00000231663	0.0867510293631734
ENSG00000168275	-0.270248220395111
ENSG00000059588	0.058425396208758
ENSG00000289057	-0.0789613644957458
ENSG00000168264	-0.195367637841662
ENSG00000173726	0.0285801076698085
ENSG00000054267	-0.0799027873537971
ENSG00000152904	-0.205719882815581
ENSG00000230026	0.0725111935837772
ENSG00000162885	-0.00326006546625748
ENSG00000168243	0.325762868426906
ENSG00000077585	0.157568163714636
ENSG00000116977	0.0762688845261055
ENSG00000273058	-0.342818831039418
ENSG00000119285	0.0225180443096634
ENSG00000077522	0.212245103358633
ENSG00000116984	0.0314345654535831
ENSG00000198626	0.180513149238398
ENSG00000223694	-0.297123880927734
ENSG00000180875	0.125449573908946
ENSG00000215802	0.169240569791184
ENSG00000287516	0.022182586273003
ENSG00000091483	0.0577449972832666
ENSG00000203668	0.0444312277618445
ENSG00000117020	0.0803079098911476
ENSG00000035687	-0.0593342278274518
ENSG00000282317	0.0975889740031277
ENSG00000162851	0.0402398171122374
ENSG00000162852	0.104260787610653
ENSG00000260855	0.149974126923154
ENSG00000188295	-0.0572934113137568
ENSG00000287116	-0.102092233318478
ENSG00000162711	-0.183816503522779
ENSG00000162722	0.0793277822261992
ENSG00000229255	0.0398653570945776
ENSG00000189181	-0.0636958883947461
ENSG00000242529	0.263134202763861
ENSG00000175137	0.148896622715648
ENSG00000171163	0.0140213277155733
ENSG00000185220	-0.0178142898633319
ENSG00000035115	-0.0108199676627539
ENSG00000143727	-0.0394577617374029
ENSG00000151353	0.1194813761937
ENSG00000130508	-0.00595394291929693
ENSG00000186487	0.150357148138828
ENSG00000287583	0.0934316389994271
ENSG00000171853	-0.0410445619565733
ENSG00000182551	-0.116650380066563
ENSG00000235078	-0.0403099404767018
ENSG00000171865	-0.0401179403956752
ENSG00000171863	-0.139035840531658
ENSG00000176887	0.227410147853424
ENSG00000225964	-0.0252408304402637
ENSG00000134326	0.208323445924525
ENSG00000134321	0.128580126506178
ENSG00000271947	0.117599745433522
ENSG00000272002	-0.257009286530194
ENSG00000229727	0.147500536580574
ENSG00000115738	-0.0530497474400134
ENSG00000134313	-0.0416742854763009
ENSG00000143797	-0.14371052854962
ENSG00000151693	0.0805123503286305
ENSG00000119185	-0.122664392145273
ENSG00000119203	-0.130978999314332
ENSG00000134330	0.0352675561423991
ENSG00000151694	-0.0246511787998963
ENSG00000271855	0.113613108129048
ENSG00000269973	-0.106311449304669
ENSG00000260077	-0.076978338188271
ENSG00000172059	-0.0375596614347579
ENSG00000205795	-0.271470964871914
ENSG00000115758	0.247205190187973
ENSG00000257135	0.0518432801333851
ENSG00000115761	-0.026636452270366
ENSG00000243819	-0.119832882136498
ENSG00000272275	-0.016963855286349
ENSG00000143870	0.148889392231015
ENSG00000162975	0.0934994710008117
ENSG00000226080	0.16691105403512
ENSG00000162976	-0.204473644349452
ENSG00000134318	0.0740874983873131
ENSG00000285569	0.0305448094207858
ENSG00000169016	-0.047922328439233
ENSG00000169006	0.200612805992444
ENSG00000134324	0.153569074387664
ENSG00000071575	-0.0717703448112111
ENSG00000079785	-0.0290119029157981
ENSG00000134323	0.0282617857343159
ENSG00000279663	-0.0622242226102007
ENSG00000197872	0.147084657664207
ENSG00000163029	-0.0264469153587809
ENSG00000178295	-0.0995950960540826
ENSG00000183891	-0.357502916234785
ENSG00000132031	-0.246690883455641
ENSG00000068697	-0.127557552537753
ENSG00000055917	-0.0196459849677568
ENSG00000143878	-0.0783091682358856
ENSG00000118960	-0.0142698163954095
ENSG00000118961	0.0396736556775843
ENSG00000173960	-0.0934274159645153
ENSG00000163026	0.00965644045021822
ENSG00000119782	-0.168214395285537
ENSG00000115128	-0.280425611866108
ENSG00000176732	-0.0401301664073597
ENSG00000198399	-0.0422745320161981
ENSG00000242628	-0.0703947474167502
ENSG00000184924	-0.168609788824025
ENSG00000115137	0.0413059396246312
ENSG00000084710	0.30705591473411
ENSG00000143970	0.0364104070751015
ENSG00000084731	0.160759418763537
ENSG00000084733	-0.106108234899274
ENSG00000157833	0.262407105875027
ENSG00000084754	0.0308366480929736
ENSG00000138029	0.190564764207518
ENSG00000138018	0.0265007326633174
ENSG00000213699	0.08031201939019
ENSG00000157851	0.159026426069694
ENSG00000272056	-0.0488931728058393
ENSG00000228474	-0.135991191796927
ENSG00000138080	0.218272934257204
ENSG00000138028	0.0375163604359935
ENSG00000138073	0.118697982351216
ENSG00000138085	-0.10956744505952
ENSG00000084774	0.284824834508623
ENSG00000163794	-0.205516767261991
ENSG00000115204	-0.112242400305513
ENSG00000115207	0.0661459387511906
ENSG00000234072	0.142732362410648
ENSG00000115211	-0.0951557072122954
ENSG00000115234	-0.00799623858797835
ENSG00000163795	0.0471998267235768
ENSG00000176714	-0.236610962919699
ENSG00000198522	0.0322470463257685
ENSG00000163798	0.126473811880379
ENSG00000243147	-0.0399362881031712
ENSG00000075426	0.507916706393538
ENSG00000270640	-0.230244585362561
ENSG00000270210	-0.369478513166058
ENSG00000273233	-0.214024506811529
ENSG00000163811	-0.043343603118571
ENSG00000189350	0.0112641568777215
ENSG00000179270	-0.126304418951628
ENSG00000119801	-0.0610313034513348
ENSG00000213626	-0.00362027238829993
ENSG00000013016	-0.061103078392987
ENSG00000162961	-0.217796365641683
ENSG00000288937	-0.175639367852815
ENSG00000021574	-0.113534025767127
ENSG00000152683	-0.120985008623112
ENSG00000229816	0.138803507879487
ENSG00000119820	-0.0669362799365716
ENSG00000276517	-0.034960747213537
ENSG00000119812	-0.0979218686914061
ENSG00000150938	0.10422554719705
ENSG00000171055	-0.134257199736483
ENSG00000115808	-0.0791642184568864
ENSG00000008869	0.101817541364629
ENSG00000152133	-0.0640268900292707
ENSG00000055332	-0.111393046662191
ENSG00000115816	-0.105047266916568
ENSG00000115825	-0.0552490419793177
ENSG00000163171	-0.00174143108654853
ENSG00000138061	0.0111693381845529
ENSG00000271443	-0.0122155804059631
ENSG00000143889	-0.024575917652792
ENSG00000143891	-0.0119270381308316
ENSG00000115875	-0.0720261311002545
ENSG00000152147	-0.0181252673385886
ENSG00000163214	-0.00880618659170895
ENSG00000269210	0.000510524307215425
ENSG00000115904	0.0323989750103312
ENSG00000231312	0.0221054565834242
ENSG00000289003	-0.120376551310533
ENSG00000138050	-0.0724854729574711
ENSG00000183023	0.0547020956909988
ENSG00000143924	0.0147987294180275
ENSG00000115944	0.0974653383277404
ENSG00000171126	0.0354745152942247
ENSG00000057935	0.100863308461145
ENSG00000162881	-0.0186736697248842
ENSG00000288886	-0.455683693730588
ENSG00000231826	-0.097285386828305
ENSG00000286796	-0.22495698007639
ENSG00000223658	-0.521436571100561
ENSG00000138095	0.0222518785723849
ENSG00000138078	-0.136190522633942
ENSG00000259439	0.161317209297323
ENSG00000274520	0.78025414831075
ENSG00000276048	0.436492628787099
ENSG00000236502	0.142489132012644
ENSG00000138083	0.333568394842697
ENSG00000225156	0.1374721332271
ENSG00000286519	-0.242927841126095
ENSG00000171132	0.0411768994561997
ENSG00000250565	-0.0481694236355599
ENSG00000151665	-0.0678370658848282
ENSG00000119878	-0.133119889249973
ENSG00000279254	-0.104961438765631
ENSG00000171150	-0.122925126377164
ENSG00000239332	-0.0512238974008538
ENSG00000180398	0.0885729657371024
ENSG00000068724	0.0211023868257582
ENSG00000143933	-0.0507398748693972
ENSG00000236824	0.876873693829999
ENSG00000119888	0.0689814685311463
ENSG00000095002	0.0735345841894486
ENSG00000116062	-0.0576885532288997
ENSG00000138081	-0.0500476831039961
ENSG00000170802	-0.290707996016843
ENSG00000162869	-0.0318106659157617
ENSG00000243244	-0.0423136404126924
ENSG00000115239	-0.018420829789641
ENSG00000143942	-0.0623857344387614
ENSG00000068912	0.0578878823506213
ENSG00000068878	-0.110820231444908
ENSG00000272156	0.0838273720045675
ENSG00000115306	-0.0383498095898049
ENSG00000238018	0.0081057143755554
ENSG00000115310	-0.104909221385496
ENSG00000227799	-0.00780446850217582
ENSG00000143947	-0.122949108024784
ENSG00000085760	-0.0862423342509448
ENSG00000162997	-0.0121596681344441
ENSG00000163001	-0.0223347030775675
ENSG00000275052	-0.153083574999197
ENSG00000138035	-0.100136453257666
ENSG00000055813	-0.0202934305901705
ENSG00000115392	0.00343151749579358
ENSG00000119866	0.127173751909093
ENSG00000115421	-0.0458907583680858
ENSG00000162924	-0.0570607540264725
ENSG00000162928	-0.0570877790161678
ENSG00000162929	-0.00190126626037992
ENSG00000212978	-0.201035413024271
ENSG00000237651	-0.075228602435235
ENSG00000173209	-0.0251492728552276
ENSG00000270820	-0.0479535304831152
ENSG00000082898	0.0092577178186429
ENSG00000170264	0.075460681639623
ENSG00000115484	0.0773933629313341
ENSG00000286360	0.134317367274007
ENSG00000170340	0.263587368114216
ENSG00000115504	-0.0152508925877914
ENSG00000014641	0.0597989734531228
ENSG00000169764	0.0920892106881012
ENSG00000143952	-0.107609998712189
ENSG00000197329	0.00785070909115419
ENSG00000225889	-0.0468194266882448
ENSG00000237217	0.186889124018108
ENSG00000119862	-0.110524832886885
ENSG00000119844	0.0225525270158541
ENSG00000115902	0.170423514303211
ENSG00000011523	0.0262498800895247
ENSG00000138071	0.0635203458770216
ENSG00000198369	0.0651657842948933
ENSG00000143995	-0.0520529954512094
ENSG00000143971	-0.251590747968319
ENSG00000197223	-0.0229154108295309
ENSG00000115946	0.275481599993247
ENSG00000221823	-0.0225644874509307
ENSG00000273064	-0.0639048397454991
ENSG00000119865	-0.120629528144004
ENSG00000204923	-0.0703123986539178
ENSG00000198380	0.0502672050183842
ENSG00000169599	-0.0629171183631397
ENSG00000115977	0.0407261997441644
ENSG00000289250	-0.179939142953853
ENSG00000288869	0.00308678954228087
ENSG00000270723	-0.166445194103787
ENSG00000124380	-0.211902022060883
ENSG00000059728	-0.092539186721637
ENSG00000179818	0.0111916136606291
ENSG00000169564	0.047338672866746
ENSG00000115998	-0.0353605403528031
ENSG00000116005	0.047795655330517
ENSG00000143977	-0.0801955565285955
ENSG00000035141	0.101777017036559
ENSG00000075340	0.100114331768716
ENSG00000144043	-0.126505235089246
ENSG00000124357	-0.0596337791389242
ENSG00000124370	-0.127512276583531
ENSG00000124383	-0.155151200666603
ENSG00000075292	-0.0409968504769576
ENSG00000289463	-0.00205136338926038
ENSG00000144036	-0.00186758081817723
ENSG00000116096	-0.0335067182136094
ENSG00000135631	0.224910875767566
ENSG00000135617	0.139307097339253
ENSG00000163013	0.0476158491615289
ENSG00000135625	-0.110306413523834
ENSG00000230002	0.0738347307713708
ENSG00000273245	0.194315802917846
ENSG00000144048	0.0123525098368432
ENSG00000124356	-0.15158550256792
ENSG00000114956	-0.0146315817232138
ENSG00000187605	-0.0890067283136684
ENSG00000163170	0.0404615970742913
ENSG00000225439	-0.0280748100424707
ENSG00000114978	-0.0114519994128579
ENSG00000065911	-0.0895089256269582
ENSG00000204843	0.134031249603818
ENSG00000237737	-0.194874843955111
ENSG00000005448	0.0441298218865176
ENSG00000114993	-0.38044835893518
ENSG00000115274	0.0536042599876607
ENSG00000239779	-0.00308808772668436
ENSG00000135637	0.0621156288079191
ENSG00000272183	0.131470536017826
ENSG00000115289	0.00216942742211317
ENSG00000115307	-0.0855497009312919
ENSG00000115317	0.0765394338200299
ENSG00000115325	0.0224994889688914
ENSG00000135622	0.0129400218666651
ENSG00000159399	-0.0857797702059548
ENSG00000115364	9.7633712857018e-05
ENSG00000005436	-0.0586492086393417
ENSG00000224731	0.0620677846757238
ENSG00000162951	0.0226017627290259
ENSG00000163541	0.0166352598285217
ENSG00000034510	-0.18861441304069
ENSG00000176407	0.00381041661387897
ENSG00000246575	-0.0396628191488043
ENSG00000042445	-0.0545404289561038
ENSG00000115459	0.0537361238158917
ENSG00000042493	-0.194134557396351
ENSG00000152292	-0.127389095969697
ENSG00000286532	-0.208771691333666
ENSG00000118640	-0.142184974755856
ENSG00000168899	-0.0783890764636438
ENSG00000168894	-0.0996985576376786
ENSG00000168890	0.109925355873822
ENSG00000168883	0.0230665681462711
ENSG00000168874	0.0355232599199094
ENSG00000115525	-0.00226449067027903
ENSG00000272564	-0.482826976852157
ENSG00000068654	0.118032641745516
ENSG00000132300	0.0343352450424134
ENSG00000132305	0.129831540713989
ENSG00000132313	0.156870670666823
ENSG00000068615	0.104494150261343
ENSG00000115548	0.12023224288468
ENSG00000115561	0.152128767757884
ENSG00000153561	-0.0542888047106922
ENSG00000144115	-0.7319971465316
ENSG00000172071	-0.0088298881639188
ENSG00000234028	-0.0971620712589637
ENSG00000153574	0.0128944208620612
ENSG00000230006	-0.061838110657994
ENSG00000211592	-0.613917681994215
ENSG00000211598	-0.15052964125909
ENSG00000243466	-0.158216284621185
ENSG00000244437	-0.00794422026782325
ENSG00000240864	-0.18201991934228
ENSG00000239951	-0.414813239318928
ENSG00000242371	-0.0527558821158617
ENSG00000261600	-0.200503758286167
ENSG00000286156	0.0878134502725665
ENSG00000223564	0.0241232614119983
ENSG00000233850	-0.150957993894688
ENSG00000172005	-0.524595251652346
ENSG00000275111	-0.0254439530573705
ENSG00000289370	-0.139075475155966
ENSG00000115041	0.0265524430636137
ENSG00000272913	-0.0561910116184135
ENSG00000168992	-0.136063591574983
ENSG00000232931	0.0701445418442308
ENSG00000186281	-0.33722343442809
ENSG00000188886	-0.0537504745165212
ENSG00000158050	0.282776911952196
ENSG00000084090	0.066526492040383
ENSG00000144021	-0.0332190603602752
ENSG00000198885	-0.0977088425250814
ENSG00000196843	-0.0750732837793342
ENSG00000114988	0.0332972349274332
ENSG00000158158	0.146786530231519
ENSG00000273265	-0.202873888127116
ENSG00000289135	-0.100907777183571
ENSG00000168763	-0.0971830451248313
ENSG00000213337	-0.0561352234032347
ENSG00000188383	0.145775343093918
ENSG00000144199	0.117405978172603
ENSG00000115073	0.0652239367241008
ENSG00000075568	0.0580999315106622
ENSG00000040933	0.175338554753589
ENSG00000183513	-0.0894695259481668
ENSG00000115446	-0.0806688139022896
ENSG00000071073	0.029146818146228
ENSG00000226791	-0.0773600427197287
ENSG00000196872	0.18255254889883
ENSG00000273045	0.125302022776334
ENSG00000144182	-0.137446872963082
ENSG00000185414	0.00475239034616609
ENSG00000115514	-0.18534774581618
ENSG00000158417	0.0276715566898204
ENSG00000135945	0.0150431853339936
ENSG00000230393	0.23675830033042
ENSG00000115526	0.00603406819207765
ENSG00000115539	-0.242078349126055
ENSG00000071082	-0.291457387245581
ENSG00000158435	-0.0649226245489586
ENSG00000212283	-0.367716753247056
ENSG00000175874	-0.370224478181018
ENSG00000115594	0.0215427180364534
ENSG00000205716	-0.113480934265838
ENSG00000115602	-0.0133417886759274
ENSG00000115604	-0.0466316547747513
ENSG00000234389	-0.0243033392438707
ENSG00000135953	-0.0366145800159085
ENSG00000235597	-0.102454098390262
ENSG00000228528	-0.0945461380755288
ENSG00000233639	-0.103572600694209
ENSG00000198914	-0.0375661410488853
ENSG00000289498	-0.0728847235320071
ENSG00000229743	0.0910115370790044
ENSG00000287135	0.0529896279084445
ENSG00000135972	0.0219179913709831
ENSG00000226508	-0.185343072431081
ENSG00000135973	0.181296625635235
ENSG00000272861	-0.602729029379337
ENSG00000135966	0.0586128763889751
ENSG00000135974	-0.0309407063676576
ENSG00000115641	0.0127176595731639
ENSG00000071051	0.0448393804541646
ENSG00000115652	0.0174815071153219
ENSG00000254126	-0.0157192290450035
ENSG00000144057	0.0813698183099207
ENSG00000135968	0.0200116306265247
ENSG00000169756	-0.0658487971439258
ENSG00000153201	-0.0752474048880856
ENSG00000259863	0.0638927282117077
ENSG00000204588	-0.00850440714639657
ENSG00000286904	0.0985512106988197
ENSG00000153214	0.00571238134003182
ENSG00000144152	0.0127033529232725
ENSG00000144161	0.0789757040232523
ENSG00000114999	-0.0805717146637664
ENSG00000125630	-0.0528229272937167
ENSG00000243389	-0.119472495663226
ENSG00000228251	-0.193005621218284
ENSG00000237753	0.202002417222507
ENSG00000144136	-0.0160551192842428
ENSG00000115008	0.0716044081542257
ENSG00000125538	0.27131779902285
ENSG00000125637	0.0249914876764334
ENSG00000136682	0.048511968209638
ENSG00000184492	-0.0352023453513733
ENSG00000240356	-0.159414759975692
ENSG00000144134	0.278779403423285
ENSG00000244063	0.00632201832146253
ENSG00000115091	0.0561155732970127
ENSG00000088205	-0.107761455671059
ENSG00000125633	0.0988234044231975
ENSG00000279227	0.264529135077081
ENSG00000125629	-0.0163027502772742
ENSG00000144119	0.261196664288961
ENSG00000115107	-0.100306554588964
ENSG00000186132	-0.0830872121410619
ENSG00000155368	-0.298843230076811
ENSG00000171227	-0.226204856538162
ENSG00000088179	-0.0460734567382511
ENSG00000115109	0.0648655873593846
ENSG00000236878	-0.076606032534632
ENSG00000227788	0.0289471131772648
ENSG00000226479	-0.142097669261048
ENSG00000144118	0.0325989241026089
ENSG00000163083	0.0575263460339802
ENSG00000115112	0.290786682940457
ENSG00000074054	0.0580097900309628
ENSG00000265451	-0.0592674552557931
ENSG00000236859	-0.0926975171195797
ENSG00000155438	-0.18971557801461
ENSG00000211460	-0.0513945560893267
ENSG00000260634	-0.145835559119555
ENSG00000260163	0.179068510653931
ENSG00000163161	0.036380011825125
ENSG00000272789	0.123309364871191
ENSG00000144230	-0.214100077035736
ENSG00000144231	0.0330186012484998
ENSG00000144233	0.0856857299854231
ENSG00000286873	0.0368454467736448
ENSG00000136715	0.101509160727176
ENSG00000136731	0.0691395613455457
ENSG00000136720	0.0572060705148803
ENSG00000136699	0.100039624566117
ENSG00000230756	0.111331410763951
ENSG00000136710	0.0616419010722087
ENSG00000136718	0.0733092528412861
ENSG00000072135	-0.0407371021036914
ENSG00000178162	-0.0986608258022069
ENSG00000136698	0.0282430498095575
ENSG00000178171	0.142239070136355
ENSG00000232503	-0.103825020108521
ENSG00000233221	-0.0791663434575255
ENSG00000136002	0.180571547589123
ENSG00000152102	0.349142015209133
ENSG00000115762	0.13205795389428
ENSG00000233087	0.0627524773065793
ENSG00000273073	-0.171200497171948
ENSG00000163040	-0.0381033949159719
ENSG00000287151	0.015641497174537
ENSG00000274353	0.302405716403304
ENSG00000150551	0.061441381188368
ENSG00000115839	0.0399878430557416
ENSG00000048991	-0.126047135150064
ENSG00000076003	0.146235244618147
ENSG00000121966	-0.742335934558308
ENSG00000150540	-0.313543418689685
ENSG00000121964	-0.0871176533211168
ENSG00000287115	-0.26191521260891
ENSG00000121989	-0.0250610124641481
ENSG00000135999	-0.00271463043049557
ENSG00000168280	-0.224450691452333
ENSG00000187123	-0.103791358672003
ENSG00000168288	-0.0374340192809245
ENSG00000115963	0.137408616926439
ENSG00000184898	-0.107055320077931
ENSG00000123609	-0.0991014427532207
ENSG00000162980	-0.101638916185134
ENSG00000288066	-0.00920263015155962
ENSG00000182389	0.0354639893513616
ENSG00000115145	-0.0908064177830755
ENSG00000157827	-0.221806319523012
ENSG00000213197	0.345134946625814
ENSG00000286207	-0.0542867637963323
ENSG00000196504	-0.158559268721971
ENSG00000177917	-0.0196635232429996
ENSG00000177519	-0.0902885143607034
ENSG00000230251	0.070136449710353
ENSG00000287900	-0.0720870251527806
ENSG00000153234	-0.0194570196353837
ENSG00000123612	0.118391002979912
ENSG00000115170	-0.01016580256278
ENSG00000270557	-0.110551245018149
ENSG00000271320	-0.2551871240256
ENSG00000289488	0.123860288640306
ENSG00000227331	0.102192782590788
ENSG00000115183	-0.0726504650637327
ENSG00000196151	-0.058875329047144
ENSG00000224152	0.0794754423638997
ENSG00000241399	-0.0616226198882065
ENSG00000153250	0.0488202909029607
ENSG00000136560	-0.0278956899447318
ENSG00000115233	0.0198674219486329
ENSG00000144290	0.0912123940376248
ENSG00000115267	-0.0257666777027177
ENSG00000182263	-0.0949429606225184
ENSG00000136531	0.0645466632266307
ENSG00000178662	0.00398548790108326
ENSG00000144285	0.0150198206070515
ENSG00000198648	-0.0824817131842475
ENSG00000163072	-0.0365810177533721
ENSG00000073737	-0.0513879668584166
ENSG00000239474	-0.173379679052621
ENSG00000138399	0.0466786563955375
ENSG00000138398	-0.102628111189368
ENSG00000154479	0.0567792443371554
ENSG00000213160	0.0253591887581336
ENSG00000138385	-0.0942428886098681
ENSG00000138382	-0.182169165665887
ENSG00000144357	0.00368628715169738
ENSG00000128692	0.282638398879209
ENSG00000239467	-0.0353150661159775
ENSG00000204334	-0.0533134148182409
ENSG00000128683	-0.224159719986003
ENSG00000235934	0.048742885757875
ENSG00000115806	0.0337181802293387
ENSG00000198586	0.024903571286063
ENSG00000123600	0.00360685102584915
ENSG00000115827	-0.0518019988391829
ENSG00000071967	0.0272608000374791
ENSG00000115840	0.0567493373955559
ENSG00000128708	-0.126482103958742
ENSG00000172878	-0.0193322328712302
ENSG00000091409	0.00404386677396095
ENSG00000152256	-0.0156735355208387
ENSG00000230104	0.762729742752234
ENSG00000144354	0.00529278811264931
ENSG00000271151	0.121052733086331
ENSG00000273258	-0.00635999839678682
ENSG00000138430	0.0250488272356289
ENSG00000231453	0.159110720149326
ENSG00000217236	-0.221170436762003
ENSG00000138433	-0.018122427151796
ENSG00000144306	-0.206112987185399
ENSG00000128656	0.152347777092516
ENSG00000154518	0.11351081536215
ENSG00000128654	-0.200382669563324
ENSG00000163364	-0.00395414353413286
ENSG00000116044	-0.205804209927348
ENSG00000225808	-0.158048320889218
ENSG00000280374	-0.0505751008163932
ENSG00000018510	-0.0739682071283343
ENSG00000155636	-0.0366164334566897
ENSG00000079156	0.0103205188662859
ENSG00000223960	-0.0142815092107489
ENSG00000180228	-0.0572586215147645
ENSG00000204311	-0.0558086872561871
ENSG00000238082	0.466324830801779
ENSG00000116095	0.0272763082552825
ENSG00000144331	0.141025147895427
ENSG00000163510	-0.0831550718297403
ENSG00000170035	-0.0877067908392013
ENSG00000061676	0.0806937771305573
ENSG00000162999	0.0343757797270909
ENSG00000163002	-0.0408154120407238
ENSG00000283839	0.120175467637473
ENSG00000065548	-0.0353224401724811
ENSG00000064989	-0.0805976636640165
ENSG00000213115	-0.00662434964008934
ENSG00000138449	-0.0327667192159696
ENSG00000138381	-0.0228324555322189
ENSG00000128694	-0.00984532577761904
ENSG00000273240	0.106859356687961
ENSG00000198130	-0.102410806521912
ENSG00000151689	-0.0932995054321513
ENSG00000151690	-0.310094516426128
ENSG00000189362	-0.1180364315994
ENSG00000233654	-0.111358435783229
ENSG00000138386	-0.156924359574047
ENSG00000115419	0.0485055330317849
ENSG00000115415	-0.153062016450793
ENSG00000138378	0.059504895903732
ENSG00000173559	-0.0403369577181766
ENSG00000168497	0.0687001666716033
ENSG00000144339	-0.197482834171437
ENSG00000196950	0.133434036712272
ENSG00000081320	0.00943788756705607
ENSG00000119041	0.0153150573676938
ENSG00000187944	-0.104957720502803
ENSG00000115520	-0.0270729557528512
ENSG00000144381	0.0315933317278327
ENSG00000115541	-0.250063584862839
ENSG00000115540	-0.120367754422006
ENSG00000162944	-0.228889187878518
ENSG00000247626	0.0931945976998281
ENSG00000162971	0.0206127263194779
ENSG00000162972	-0.048750179187392
ENSG00000196141	-0.103213593667879
ENSG00000155729	-0.149887282677571
ENSG00000082153	-0.126816960295095
ENSG00000013441	-0.143496680277689
ENSG00000240344	-0.108374628868682
ENSG00000196290	0.0874084293763437
ENSG00000225695	-0.0522835241651054
ENSG00000119013	-0.174939856411253
ENSG00000003402	-0.0266886360941293
ENSG00000235579	0.181959579932681
ENSG00000003400	-0.00813576847415299
ENSG00000064012	-0.0264891483979916
ENSG00000115993	-0.073798845466681
ENSG00000082146	-0.132829113019898
ENSG00000273209	-0.392517340296441
ENSG00000116030	-0.0220215496006004
ENSG00000055044	0.0756813046425874
ENSG00000286223	-0.0254261246253809
ENSG00000226261	0.0349193044326523
ENSG00000272966	-0.197516661565923
ENSG00000273456	-0.0996005303859413
ENSG00000204217	0.0119907845367218
ENSG00000236047	-0.0935606416840956
ENSG00000163596	0.043804653737957
ENSG00000138442	0.0883235892248907
ENSG00000232479	0.326526140024849
ENSG00000228513	0.102416857053151
ENSG00000119004	-0.00937189514850616
ENSG00000138443	0.14245551412379
ENSG00000256458	0.0165418560977666
ENSG00000118257	0.114175354391133
ENSG00000114933	-0.0301873597471849
ENSG00000023228	0.105904625777936
ENSG00000114942	-0.0856194708877883
ENSG00000207406	0.272001909867006
ENSG00000114948	0.116023743534948
ENSG00000235118	-0.201569857031509
ENSG00000118246	0.0760020512522627
ENSG00000237892	0.130203092896293
ENSG00000118260	-0.170215609158555
ENSG00000144401	-0.0915349753768198
ENSG00000163249	-0.0439183007921966
ENSG00000163251	-0.127444039171613
ENSG00000178385	0.024121324669078
ENSG00000168582	0.0547599597619899
ENSG00000188674	0.14496276201783
ENSG00000138413	-0.148454838920168
ENSG00000078018	0.0872171342391226
ENSG00000144406	0.0965460187317915
ENSG00000237194	-0.00858801272198912
ENSG00000197713	0.0936913388411964
ENSG00000144445	-0.0435622548626917
ENSG00000272807	-0.00107887091059924
ENSG00000115361	-0.0447767122673575
ENSG00000115365	-0.235611840832588
ENSG00000230076	-0.397349824340508
ENSG00000115425	-0.0415578417675135
ENSG00000163449	-0.0606679093639614
ENSG00000079246	-0.0119502947896572
ENSG00000144583	0.0503774327286279
ENSG00000138375	-0.00671176795754707
ENSG00000197756	-0.175097632174015
ENSG00000115457	0.0979139290160531
ENSG00000115461	0.254710323552127
ENSG00000079308	0.255409287271081
ENSG00000180871	-0.138719319424388
ENSG00000163464	-0.103972326103113
ENSG00000163466	0.102687221107534
ENSG00000127837	0.0962159431620642
ENSG00000127838	0.171434250776782
ENSG00000135926	0.105916941501794
ENSG00000288819	-0.266437920792044
ENSG00000018280	-0.179702364671499
ENSG00000144579	0.127634908740104
ENSG00000144580	-0.00956754337312009
ENSG00000115556	0.10064533278641
ENSG00000115568	0.138282778584523
ENSG00000074582	0.0501568555561346
ENSG00000163481	-0.0447266808687661
ENSG00000163482	0.16421323809035
ENSG00000135912	0.0418564248307269
ENSG00000135929	-0.298210070600057
ENSG00000115592	0.126399911744296
ENSG00000115596	0.190162699372528
ENSG00000135925	-0.0706912706938706
ENSG00000235024	-0.196535193105242
ENSG00000224928	0.0857020334207369
ENSG00000171450	-0.209332052601771
ENSG00000115649	0.0488091642044147
ENSG00000144567	0.162477122959616
ENSG00000158552	-0.119148012646803
ENSG00000287529	-0.157337471590177
ENSG00000115657	0.120217857545743
ENSG00000163516	0.0025565746503693
ENSG00000115661	0.171777465088496
ENSG00000127824	0.213543220998346
ENSG00000135924	-0.0826146632774398
ENSG00000072195	0.183241969396915
ENSG00000144591	0.0178913056904396
ENSG00000123989	0.360180493878069
ENSG00000268896	-0.465429781425839
ENSG00000124006	0.0225296775760435
ENSG00000269068	-0.112524328552824
ENSG00000123999	-0.0152389563483915
ENSG00000144589	0.207175168482903
ENSG00000114923	0.261946251235382
ENSG00000116106	0.139989181202511
ENSG00000272944	0.0647994219255615
ENSG00000288658	-0.248980895156905
ENSG00000163082	0.114531852490059
ENSG00000116120	0.00868085854779363
ENSG00000123983	0.0631375454011657
ENSG00000152049	0.0135145115752428
ENSG00000171951	0.117626016713129
ENSG00000085449	-0.0420506304928497
ENSG00000135900	0.0177802711686797
ENSG00000036257	-0.0654332307310409
ENSG00000169047	0.0795820835252972
ENSG00000144468	0.0091818556539728
ENSG00000168958	-0.156691865490475
ENSG00000173744	-0.110917244640302
ENSG00000284631	-0.609822380037797
ENSG00000135917	-0.0163408290058756
ENSG00000153827	0.0174745818139187
ENSG00000163053	0.0807517669508
ENSG00000135899	-0.026830881830748
ENSG00000067066	-0.0425003120055969
ENSG00000135932	-0.0192132030000149
ENSG00000135916	0.273422311513952
ENSG00000232520	0.324827837479194
ENSG00000135898	0.228521799654583
ENSG00000204128	0.0429400933308935
ENSG00000173692	0.0737412459492801
ENSG00000135931	0.0915866816767695
ENSG00000156966	-0.201159438738954
ENSG00000115053	0.0227330424599167
ENSG00000283312	0.0658804778526016
ENSG00000156973	-0.0385937299728991
ENSG00000144524	0.00407551729797681
ENSG00000237641	-0.073374348026322
ENSG00000261096	0.129287754003993
ENSG00000171551	-0.475791681187627
ENSG00000237412	-0.157769563837987
ENSG00000221944	0.0314432889288687
ENSG00000135930	0.0487245629878658
ENSG00000115468	-0.130389312553436
ENSG00000204120	0.000171899716321362
ENSG00000182600	-0.941737727563375
ENSG00000066248	0.348697782717131
ENSG00000168918	-0.033330359101451
ENSG00000085978	0.0652023215991565
ENSG00000252010	-0.334962842663521
ENSG00000251791	-0.185393198140896
ENSG00000077044	0.0556453668999745
ENSG00000085982	-0.00681300291415691
ENSG00000130147	-0.102140155446587
ENSG00000235529	0.0458387678199069
ENSG00000132321	0.121915132263752
ENSG00000124831	-0.00996871747785946
ENSG00000132329	0.0136427594046736
ENSG00000184182	-0.11177601365106
ENSG00000132330	0.051048096848069
ENSG00000178752	-0.136345203918756
ENSG00000132326	-0.0226667949597794
ENSG00000065802	0.101124210574697
ENSG00000287405	-0.149157041611137
ENSG00000172428	-0.169057253690261
ENSG00000178602	-0.166928534229576
ENSG00000063660	0.232039257803774
ENSG00000144504	0.0168526569980174
ENSG00000287049	0.376215135766618
ENSG00000142327	0.162957792343376
ENSG00000142330	0.0585222950174758
ENSG00000178623	0.108336622839498
ENSG00000229996	0.173278824229969
ENSG00000115687	-0.0571004799063469
ENSG00000146205	0.0836247790383452
ENSG00000168385	-0.261671853238666
ENSG00000223374	-0.121842107912019
ENSG00000006607	0.0386455021503542
ENSG00000289555	-0.168287093684065
ENSG00000176720	-0.586678926725449
ENSG00000273113	-0.19204396986508
ENSG00000176946	0.0461010980794088
ENSG00000168397	0.0923271803402831
ENSG00000168393	-0.064102255331375
ENSG00000168395	0.00423816713197975
ENSG00000235351	0.490325420756977
ENSG00000180902	0.0652394532710261
ENSG00000204099	-0.130676915612435
ENSG00000188389	-0.00578225145236905
ENSG00000237940	0.0490175726410189
ENSG00000072756	-0.0785706034345068
ENSG00000113851	-0.162114048172477
ENSG00000175928	0.159685166828087
ENSG00000170364	0.0133344152449155
ENSG00000231249	0.369270006652836
ENSG00000150995	0.337159627159002
ENSG00000134107	0.337110719279346
ENSG00000134108	-0.044178544824702
ENSG00000134109	0.0941761950883697
ENSG00000071282	-0.0883923361920782
ENSG00000180914	0.667755243149285
ENSG00000196220	-0.000349299015778611
ENSG00000206573	0.133433036798823
ENSG00000134077	-0.168811111132844
ENSG00000168137	0.0835335460385517
ENSG00000156959	0.0544287878944433
ENSG00000163719	-0.011843054416769
ENSG00000156983	0.0755307378098458
ENSG00000134072	0.300289159255176
ENSG00000171148	0.0877402905196364
ENSG00000241553	0.139312576472023
ENSG00000214021	0.083957664413455
ENSG00000171135	-0.0464612401289183
ENSG00000163702	-0.000803183168432153
ENSG00000163703	0.249209589454253
ENSG00000269982	0.136187826000037
ENSG00000125037	-0.00477147218282768
ENSG00000206567	0.0344541381747812
ENSG00000186162	0.0228122780279886
ENSG00000254999	0.0921667470659073
ENSG00000134086	-0.0553683629846007
ENSG00000134070	-0.0630581507828277
ENSG00000231177	0.0706134076737377
ENSG00000157017	0.0584646024560984
ENSG00000157020	0.177424858301235
ENSG00000157087	0.0711746872445075
ENSG00000157103	0.141474531826322
ENSG00000272483	-0.0750908007592102
ENSG00000144559	0.0323276494234267
ENSG00000157152	0.0928448330387173
ENSG00000157150	0.01513363539626
ENSG00000132155	0.0699952779352194
ENSG00000144712	0.0854494652517448
ENSG00000144713	-0.201781507364684
ENSG00000144711	0.127049821776872
ENSG00000132182	0.0629940862756578
ENSG00000163517	-0.0278479856418168
ENSG00000163520	0.0687155492485915
ENSG00000154764	0.0499045896987126
ENSG00000233121	0.166535835484343
ENSG00000287059	0.0876567802593676
ENSG00000163528	-0.029420631644048
ENSG00000170876	0.0869939896778612
ENSG00000228242	0.0238293652387911
ENSG00000170860	-0.107196931873139
ENSG00000131389	0.0554962035555179
ENSG00000144596	-0.106252398007536
ENSG00000154781	-0.0614436752877313
ENSG00000131368	0.0924890226920346
ENSG00000131381	0.0972389384973938
ENSG00000131375	0.00164942542685387
ENSG00000224660	0.213113215620322
ENSG00000131370	0.00791631811316449
ENSG00000206562	-0.0615192437058751
ENSG00000144597	0.00204870663771477
ENSG00000206561	0.0109138605403527
ENSG00000131373	0.0201862653356183
ENSG00000169814	-0.0365041292565926
ENSG00000206560	-0.0514607911773103
ENSG00000263740	0.00666267925627655
ENSG00000224728	0.00195802146830532
ENSG00000131386	-0.188682743650911
ENSG00000154813	-0.0813427410561416
ENSG00000154814	0.0443873320208705
ENSG00000154822	0.0222910667361119
ENSG00000131374	0.0121903654503562
ENSG00000182568	-0.0319216806818051
ENSG00000289138	0.109703237693824
ENSG00000114166	-0.150299499895941
ENSG00000223791	-0.0509797632130125
ENSG00000174748	0.0162278464529498
ENSG00000151090	0.097756134544355
ENSG00000151092	-0.0013363083838057
ENSG00000151093	0.0638616688020065
ENSG00000179796	-0.0141448892075415
ENSG00000033867	-0.0492777116293374
ENSG00000271943	-0.00621398962533626
ENSG00000187118	-0.0285951239590205
ENSG00000163512	0.00372099066303878
ENSG00000261468	0.00126976092370378
ENSG00000152642	0.0692661629555816
ENSG00000261572	-0.0287332610353334
ENSG00000091317	-0.16934770093433
ENSG00000144635	-0.0421708316825791
ENSG00000182973	-0.0110106563444377
ENSG00000213842	-0.0746894918407348
ENSG00000170266	0.113438845029407
ENSG00000188167	0.048747448988326
ENSG00000173705	-0.140572994392565
ENSG00000153558	0.0309929094112149
ENSG00000153560	0.157594981121212
ENSG00000163539	-0.22640941183041
ENSG00000271643	0.0474711688775374
ENSG00000172995	0.232329828251734
ENSG00000163673	0.322297653250186
ENSG00000279727	0.14369584591409
ENSG00000281100	0.217641805381827
ENSG00000168016	0.141409009126487
ENSG00000076242	0.0166934740373887
ENSG00000093167	-0.130573524200638
ENSG00000224080	-0.073084017216331
ENSG00000271653	0.293610065353364
ENSG00000270194	-0.0147085217757936
ENSG00000230409	0.144771722376674
ENSG00000144677	0.201201107851012
ENSG00000187091	0.0900208399683563
ENSG00000060971	-0.0576620872965105
ENSG00000172936	-0.115041843138005
ENSG00000229589	0.0267738119256847
ENSG00000114739	-0.0209292401099447
ENSG00000157036	-0.213935336653587
ENSG00000114742	0.0254816653558507
ENSG00000114745	0.134554842771363
ENSG00000168026	0.226493935655872
ENSG00000144655	0.582423580043861
ENSG00000283849	0.173162235556238
ENSG00000168334	0.0326274866510483
ENSG00000168329	-0.330039101663178
ENSG00000144659	0.00786857008635862
ENSG00000202363	0.324597614666123
ENSG00000286996	0.0174366349790337
ENSG00000289279	-0.530887357482961
ENSG00000114784	-0.0441316680361689
ENSG00000168032	0.286705997521691
ENSG00000188846	-0.192701299223155
ENSG00000177873	-0.21614506104402
ENSG00000168036	-0.0828684743159149
ENSG00000187094	-0.733547371477948
ENSG00000008324	-0.127091825724129
ENSG00000230084	-0.161500320517826
ENSG00000114853	0.0191329432693888
ENSG00000010282	-0.143443862084229
ENSG00000230970	-0.112864486556615
ENSG00000173811	-0.14584714469614
ENSG00000181061	-0.0187643993176046
ENSG00000240747	-0.115557649233227
ENSG00000182983	-0.0242848201666952
ENSG00000144649	0.134969324938948
ENSG00000163788	0.0288977520638914
ENSG00000234617	0.0817948447044397
ENSG00000011198	-0.0462708766900257
ENSG00000271192	-0.200978928797621
ENSG00000272121	-0.0767166351462765
ENSG00000280435	0.000186610840381365
ENSG00000261786	-0.138115754875263
ENSG00000271937	-0.182185279796456
ENSG00000179152	0.00848650543563365
ENSG00000196345	-0.0626845234059976
ENSG00000214820	0.138238790260696
ENSG00000186448	-0.108357881169227
ENSG00000169981	0.101156029857867
ENSG00000272077	-0.072414189878917
ENSG00000196653	-0.0321322519328022
ENSG00000186446	-0.227389585725595
ENSG00000163807	-0.134626408911213
ENSG00000169964	-0.0829932413363487
ENSG00000163812	0.0857297362231659
ENSG00000075914	-0.0443166388277972
ENSG00000163814	0.00398744809572199
ENSG00000224094	-0.0774360363229321
ENSG00000249992	-0.03986412324061
ENSG00000211456	-0.103648805073683
ENSG00000163820	0.0685976259737153
ENSG00000163823	0.192223661262031
ENSG00000160791	0.168834708569469
ENSG00000121797	0.0147277543166248
ENSG00000012223	0.130643734608033
ENSG00000181585	0.0440724200011282
ENSG00000283706	0.193314696290656
ENSG00000160808	-0.00107164084595253
ENSG00000160801	0.296611922822342
ENSG00000160796	0.196261023249206
ENSG00000227398	-0.000438118376931998
ENSG00000114648	0.086894491694992
ENSG00000260236	0.0686942439157918
ENSG00000076201	0.105618866134983
ENSG00000114650	0.186664870366798
ENSG00000163832	0.0568078840869486
ENSG00000114646	-0.0258869864107013
ENSG00000173473	-0.0154195825574075
ENSG00000164047	-0.232001898733365
ENSG00000172113	-0.130851033506859
ENSG00000289043	0.102188864276548
ENSG00000164050	-0.0270161360766151
ENSG00000164053	0.0967560035089338
ENSG00000164054	0.0849069919644203
ENSG00000114268	0.0221014091239568
ENSG00000145040	0.0308577657671244
ENSG00000114270	0.268013229352826
ENSG00000010256	0.144672550478941
ENSG00000225697	0.209956797664925
ENSG00000008300	-0.0164272704726821
ENSG00000271973	0.304349376492109
ENSG00000068745	0.0687198201511866
ENSG00000114302	-0.0354014822098209
ENSG00000224424	-0.189549507777378
ENSG00000178537	0.0344299267528829
ENSG00000221883	-0.240023949745679
ENSG00000235236	-0.0755706929239026
ENSG00000178467	0.107326038551936
ENSG00000178252	0.101078460476046
ENSG00000178035	0.0443102931300742
ENSG00000198218	0.0219612604417303
ENSG00000172053	-0.0600193217140552
ENSG00000172046	0.0724906954580887
ENSG00000172037	0.166462598064391
ENSG00000177352	-0.0945702067888518
ENSG00000185909	-0.0410460530968528
ENSG00000188315	0.0282223605552989
ENSG00000114316	0.179666328530869
ENSG00000233276	-0.127493764905262
ENSG00000067560	-0.0934716732590977
ENSG00000145022	0.000830234149113759
ENSG00000145020	0.116851762309288
ENSG00000145029	0.17302762682772
ENSG00000173402	0.214356935385192
ENSG00000226913	-0.129045350928537
ENSG00000164061	0.0625528490584884
ENSG00000173531	0.0786273381615729
ENSG00000183763	-0.0442862969298077
ENSG00000164076	0.198000062720305
ENSG00000264706	0.323313644998187
ENSG00000164077	0.0950037122936822
ENSG00000004534	0.0916167416732913
ENSG00000001617	0.151605067274728
ENSG00000188338	0.14999140434191
ENSG00000114353	-0.123755110381303
ENSG00000230454	-0.162942142718726
ENSG00000179564	-0.0885356414322813
ENSG00000214706	0.111337506768953
ENSG00000243477	0.316928943126829
ENSG00000114378	0.215873754682344
ENSG00000068001	0.365236557520553
ENSG00000114383	0.0501549860933618
ENSG00000068028	0.25619142254129
ENSG00000114388	0.00212270992389989
ENSG00000114395	-0.141461934311433
ENSG00000126062	-0.0346684901584145
ENSG00000007402	-0.053775258940957
ENSG00000114735	0.105561516568152
ENSG00000114737	0.0249413054952942
ENSG00000273356	-0.0124438961495557
ENSG00000088538	0.0903197715232839
ENSG00000145050	0.210861618429036
ENSG00000259956	0.0793378672866896
ENSG00000145041	0.0364013783349514
ENSG00000164080	0.0379044130042264
ENSG00000164082	-0.26156369655872
ENSG00000287707	0.29723432218689
ENSG00000041880	0.268646809646197
ENSG00000090097	-0.436581862523256
ENSG00000114779	0.0218950590690526
ENSG00000248487	-0.0795569174435747
ENSG00000243989	-0.0306517810934819
ENSG00000162244	-0.0439711163694452
ENSG00000164086	-0.223697548575963
ENSG00000023330	0.150393910067354
ENSG00000239732	0.0675253895086079
ENSG00000164091	0.153317875901764
ENSG00000168237	-0.0597545410683992
ENSG00000010318	0.0885339505341808
ENSG00000010322	0.16540706778972
ENSG00000010327	-0.263893931292772
ENSG00000163938	-0.0498390497881242
ENSG00000016864	-0.0930331385258304
ENSG00000114904	0.0376590344994535
ENSG00000275956	-0.149298050981283
ENSG00000055955	0.135168495879446
ENSG00000272573	-0.0267159040458489
ENSG00000289519	-0.281370660244948
ENSG00000163932	0.156977797971886
ENSG00000163931	0.284370963420445
ENSG00000272886	0.0767118243023839
ENSG00000271916	0.75530937060067
ENSG00000016391	0.103739478966612
ENSG00000056736	-0.0182868461569628
ENSG00000271976	0.0850691253182232
ENSG00000113812	0.039363157883383
ENSG00000113811	-0.0253510510717956
ENSG00000286353	0.250558650522473
ENSG00000229806	0.217385236239184
ENSG00000114251	-0.0425314564861548
ENSG00000163947	-0.0287053446109057
ENSG00000144730	0.065904669615321
ENSG00000157500	-0.103499231209134
ENSG00000174840	-0.116375694221247
ENSG00000168374	-0.0255525768061463
ENSG00000174839	-0.0353993413057547
ENSG00000163681	0.109742797443675
ENSG00000213509	0.024084339184604
ENSG00000163686	-0.162907208450762
ENSG00000168291	-0.0740963650933376
ENSG00000272360	-0.223760717496994
ENSG00000168301	0.0175595034346943
ENSG00000168306	0.0358700122652692
ENSG00000168309	-0.101471121661625
ENSG00000243384	0.0799731006619705
ENSG00000287649	-0.0441881368275803
ENSG00000114405	-0.034164152900273
ENSG00000153266	0.531597391628742
ENSG00000163618	-0.0805322658428114
ENSG00000163634	-0.0693592564947807
ENSG00000163636	-0.107978733941877
ENSG00000243410	0.151632902378469
ENSG00000163637	-0.0234611791269266
ENSG00000163638	0.16310553509947
ENSG00000241158	0.0825224401278864
ENSG00000144749	-0.0521382068501457
ENSG00000163376	0.212397523820261
ENSG00000172340	0.0312329662904594
ENSG00000163378	0.0834244636298441
ENSG00000144746	-0.198682455580572
ENSG00000277855	-0.137182680421917
ENSG00000270562	0.181673215343017
ENSG00000163412	0.000565234150415598
ENSG00000170837	0.154039691724353
ENSG00000163421	-0.101388249192416
ENSG00000272774	-0.248015420062979
ENSG00000287595	-0.192595630712225
ENSG00000163605	-0.103160082955167
ENSG00000241622	0.145774592177059
ENSG00000236138	0.175609468519046
ENSG00000175161	-0.0917718048459353
ENSG00000083937	-0.0809987411214661
ENSG00000163320	-0.0568762903805271
ENSG00000175105	-0.0364580864226946
ENSG00000179021	-0.0727758367342355
ENSG00000184500	-0.0314420514813175
ENSG00000178700	-0.199728924209518
ENSG00000178694	0.0486236467504673
ENSG00000178660	0.0250713985309924
ENSG00000113966	0.0749810469507161
ENSG00000080200	0.0419437733906278
ENSG00000170854	0.00142952727843022
ENSG00000286602	-0.0907060444927546
ENSG00000239445	-0.0659962053053155
ENSG00000273374	0.128460501631961
ENSG00000036054	-0.0673780948102529
ENSG00000114021	0.0106483585167728
ENSG00000154174	0.303544134981514
ENSG00000206535	0.193601016204945
ENSG00000181458	0.0936511052904243
ENSG00000174173	-0.101610217197196
ENSG00000081154	-0.17183265146185
ENSG00000066422	0.0835155887842507
ENSG00000256628	0.189966823615428
ENSG00000114391	-0.173749011289371
ENSG00000244119	0.00461644256797221
ENSG00000182504	-0.229411403343694
ENSG00000144815	-0.241437302143694
ENSG00000144802	0.116263206529444
ENSG00000170017	-0.177871833782005
ENSG00000288848	-0.0490872050692754
ENSG00000200610	0.26869066653055
ENSG00000288557	-0.0681955136063429
ENSG00000243701	-0.121714956403419
ENSG00000241218	0.240261956242616
ENSG00000272597	-0.236762883196079
ENSG00000138483	-0.00973867846607436
ENSG00000163507	0.0638507846673509
ENSG00000121570	-0.0380316143178501
ENSG00000144827	0.0169791886753024
ENSG00000144834	-0.427152514086119
ENSG00000091972	-0.0627349299495424
ENSG00000144848	-0.136152335767503
ENSG00000138459	-0.115444749261233
ENSG00000091986	-0.107489951997139
ENSG00000272844	0.339145323342458
ENSG00000163608	-0.103101329818436
ENSG00000144857	0.09126418070515
ENSG00000240751	0.160987910669807
ENSG00000176542	0.0862137056207549
ENSG00000121579	0.138772638479844
ENSG00000114573	0.0137087941078796
ENSG00000178075	-0.0051039851837348
ENSG00000273394	0.256071197790054
ENSG00000184307	0.313435865840626
ENSG00000151576	-0.0111605287487269
ENSG00000174255	0.102396415027997
ENSG00000288896	0.12443344071467
ENSG00000172020	-0.056118764502002
ENSG00000185565	0.0164238474636793
ENSG00000198406	0.220064716284197
ENSG00000144847	-0.0127647960914857
ENSG00000121578	-0.0398784157180761
ENSG00000031081	0.0454063419759623
ENSG00000176142	-0.0176271904864332
ENSG00000272662	0.0266983077024619
ENSG00000113845	-0.080934528892309
ENSG00000144843	-0.13922999652839
ENSG00000144837	0.0904584751767679
ENSG00000138495	-0.237334925813627
ENSG00000082701	0.0411976399660228
ENSG00000163430	0.0203083416782967
ENSG00000065518	-0.0996960548477176
ENSG00000113924	0.0681728577573032
ENSG00000153767	-0.00570778889025021
ENSG00000180353	-0.204193131329346
ENSG00000173230	0.0316416628670945
ENSG00000163406	-0.0430974081604178
ENSG00000114013	-0.11854775933092
ENSG00000121552	-0.00822464214682722
ENSG00000196981	-0.313834561855903
ENSG00000114030	-0.0259735619860522
ENSG00000138496	-0.1375977010841
ENSG00000163840	-0.160758988767086
ENSG00000173193	-0.00425126554432004
ENSG00000169087	-0.0739539018975334
ENSG00000138463	-0.0237778153646047
ENSG00000273033	0.104913733610086
ENSG00000121542	-0.0123433507025757
ENSG00000173175	0.192698442243494
ENSG00000206527	0.107374627296429
ENSG00000065534	-0.010100347355606
ENSG00000273123	-0.0813039685320805
ENSG00000114491	0.0346737992152965
ENSG00000280042	-0.111496798322249
ENSG00000229048	-0.093281223422876
ENSG00000114520	-0.148639887310232
ENSG00000144909	0.110170573705377
ENSG00000239804	0.745261318942905
ENSG00000114547	-0.0758150632547284
ENSG00000144908	0.266705445194204
ENSG00000250934	-0.0276640199271768
ENSG00000251448	0.070392496752634
ENSG00000163884	-0.00393804487853013
ENSG00000279328	0.365966601170317
ENSG00000070476	0.00564239588263853
ENSG00000159685	0.0661881434286783
ENSG00000280053	-0.00757095427664183
ENSG00000114554	0.0532542099372137
ENSG00000163870	0.0478401788143874
ENSG00000073111	-0.0160645452577543
ENSG00000114626	0.0937872735338486
ENSG00000074416	0.164637926109457
ENSG00000058262	0.135096585852499
ENSG00000179348	-0.0258587305727672
ENSG00000239405	-0.127428162135275
ENSG00000163902	0.0039440934937481
ENSG00000261159	-0.260629998061922
ENSG00000287110	0.00019311057211347
ENSG00000177646	0.0502010451022039
ENSG00000240682	0.0122991318650253
ENSG00000169714	-0.153783848985073
ENSG00000181789	0.165291525337244
ENSG00000183624	0.191167857230225
ENSG00000206417	-0.0405535749822507
ENSG00000270773	0.291340130530764
ENSG00000251474	0.031189988874181
ENSG00000163913	0.149839519845416
ENSG00000129071	-0.0335968511081838
ENSG00000172765	-0.0395084191355398
ENSG00000203644	-0.486905292952106
ENSG00000271270	-0.0837532834609011
ENSG00000170893	0.157278873730661
ENSG00000253540	0.100997649123756
ENSG00000196455	0.0580683722539427
ENSG00000017260	-0.0986729681944567
ENSG00000034533	-0.0868321061153209
ENSG00000246082	-0.0456271201532336
ENSG00000198585	-0.0222907111178613
ENSG00000261167	-0.197190441420168
ENSG00000240303	0.0463890569178989
ENSG00000272832	-0.0609237167672858
ENSG00000163781	-0.0299011142066005
ENSG00000144867	0.133821589613995
ENSG00000154917	0.173384388750802
ENSG00000163785	-0.015973929291678
ENSG00000114019	-0.366329085962947
ENSG00000129055	-0.0220063280419194
ENSG00000174611	0.0479135569010542
ENSG00000154928	0.0461833370907181
ENSG00000073711	-0.110238362248136
ENSG00000273455	-0.0137576283626386
ENSG00000174579	-0.0322242170812424
ENSG00000114054	-0.0563285651977133
ENSG00000168917	-0.11060158818579
ENSG00000273486	-0.0805375054424055
ENSG00000158092	-0.00648283092700359
ENSG00000138231	-0.0341586546338989
ENSG00000114098	0.0459058934113257
ENSG00000158186	0.178876808319223
ENSG00000114107	-0.0580901383821461
ENSG00000158234	-0.232579647018413
ENSG00000051382	0.10216202150305
ENSG00000184432	0.11417996018376
ENSG00000178631	-0.225299349151984
ENSG00000114115	-0.100609237258074
ENSG00000244692	0.17874341690156
ENSG00000114120	-0.11381282754946
ENSG00000155893	0.013612779191556
ENSG00000177311	-0.0470889725490017
ENSG00000114125	-0.104234483027678
ENSG00000069849	-0.0612820663462474
ENSG00000244124	0.114304853558926
ENSG00000114126	-0.00433574137934273
ENSG00000175066	0.0281841835361762
ENSG00000114127	0.0109711325011125
ENSG00000175054	0.0143625749556104
ENSG00000242479	0.154353755768564
ENSG00000188582	0.0320284043499138
ENSG00000181744	-0.174650491628793
ENSG00000261051	0.0826077069993384
ENSG00000152952	0.06789062520533
ENSG00000114698	-0.115930098580655
ENSG00000279320	0.376360385017775
ENSG00000188313	-0.232005612969575
ENSG00000174963	-0.145168321899028
ENSG00000152977	-0.0990625851722458
ENSG00000163754	-0.0592782705838205
ENSG00000071794	-0.0186109519480952
ENSG00000163755	-0.104536056624453
ENSG00000047457	0.0138717657892113
ENSG00000163762	-0.120805776072478
ENSG00000169908	-0.106868453067719
ENSG00000241313	0.0175194478071876
ENSG00000070087	0.0278617238750028
ENSG00000120742	0.120782419412251
ENSG00000144895	0.0825353051936547
ENSG00000181788	0.179826279410325
ENSG00000174944	0.0466147278842239
ENSG00000239570	0.0745198270215589
ENSG00000181631	-0.352250319571834
ENSG00000169313	-0.361669438950743
ENSG00000152601	-0.088353310293567
ENSG00000229619	-0.0582014467854712
ENSG00000287706	-0.13931492366029
ENSG00000169860	0.300023185384066
ENSG00000181467	0.128356815608218
ENSG00000114790	0.0290465606167848
ENSG00000174953	0.0546570714718924
ENSG00000279305	-0.346809353210393
ENSG00000174948	0.147084198358025
ENSG00000240048	0.0161291875233618
ENSG00000196549	0.329999009319267
ENSG00000169359	0.0297339002003868
ENSG00000163655	0.0246030328636265
ENSG00000169282	0.300747155548784
ENSG00000272990	-0.142822260844039
ENSG00000114850	-0.0291411715000039
ENSG00000243926	-0.110994240254878
ENSG00000163659	-0.157305612466433
ENSG00000163660	0.0402203779171769
ENSG00000079257	-0.0195026891641131
ENSG00000118855	-0.0346191729378925
ENSG00000180044	-0.0224129482316071
ENSG00000113810	-0.0684938823504966
ENSG00000244009	-0.192253232022764
ENSG00000186432	0.0594230059302823
ENSG00000238741	-0.301647567846229
ENSG00000229320	0.201023593376861
ENSG00000260572	-0.225287901281617
ENSG00000196542	-0.117180997490988
ENSG00000121871	0.0817270584563871
ENSG00000114200	-0.250599149999413
ENSG00000163536	-0.137354661002852
ENSG00000173905	0.114486497520163
ENSG00000272797	0.118601401299484
ENSG00000273177	-0.271609839496522
ENSG00000184378	0.0935311736363711
ENSG00000269889	-0.0337755178725604
ENSG00000085274	-0.0603412627109766
ENSG00000008952	-0.116179875381985
ENSG00000163558	0.0170719661526888
ENSG00000136603	-0.0759971909431082
ENSG00000013293	-0.0341748992723769
ENSG00000213174	0.230312188145414
ENSG00000244738	-0.049000265261612
ENSG00000163584	-0.112917699350386
ENSG00000163577	-0.0181082979538509
ENSG00000154310	0.0788556668592039
ENSG00000279673	-0.098846946160654
ENSG00000121858	-0.152268372060766
ENSG00000144959	0.254608603191342
ENSG00000114346	0.0530920512675075
ENSG00000227440	0.108415640919129
ENSG00000121879	-0.0192978715412902
ENSG00000121864	-0.117121763811876
ENSG00000260743	0.035738373376545
ENSG00000289574	0.0220109190775222
ENSG00000136518	-0.117121843552706
ENSG00000136521	0.00358615358487409
ENSG00000058056	-0.0180639206337425
ENSG00000163728	0.180669399852099
ENSG00000114416	-0.105252355945454
ENSG00000205981	-0.0879750960508991
ENSG00000242808	-0.388837485436797
ENSG00000241231	-0.254191523462038
ENSG00000181449	0.0753473971658029
ENSG00000058063	-0.0590211759353197
ENSG00000273261	0.249696838518715
ENSG00000243368	0.27728511262124
ENSG00000240024	0.17611869615877
ENSG00000172578	-0.110741635243207
ENSG00000114796	-0.273866514758915
ENSG00000180834	-0.388968709276063
ENSG00000175193	-0.0431942558076759
ENSG00000114770	0.222296326677772
ENSG00000273181	-0.32599092800042
ENSG00000272721	0.0768372854556117
ENSG00000145191	0.0764793506404086
ENSG00000161202	0.0294069027474766
ENSG00000161203	0.128293190125071
ENSG00000145198	0.0562413719208551
ENSG00000114867	0.174020600147649
ENSG00000175182	0.293033279107697
ENSG00000114859	0.0164639627378868
ENSG00000163882	-0.0419960572979481
ENSG00000090539	0.0215501318748987
ENSG00000182580	0.175400762265954
ENSG00000177383	-0.0614127790614284
ENSG00000273403	0.263173863063889
ENSG00000272922	-0.0612714189186193
ENSG00000156931	0.00617283224446129
ENSG00000113790	0.0570673543039399
ENSG00000073803	-0.05701583306402
ENSG00000286086	0.316993898505742
ENSG00000163904	0.0948829415285758
ENSG00000136527	-0.0602645944850294
ENSG00000244405	0.140325751641527
ENSG00000058866	0.102897610879256
ENSG00000113838	-0.104084325037908
ENSG00000090520	0.000644591063469598
ENSG00000156976	0.0773965747904818
ENSG00000163918	-0.0368732141205469
ENSG00000073849	-0.0372220264335086
ENSG00000163923	0.0474176614495125
ENSG00000175077	-0.238536221855732
ENSG00000136514	-0.216483033053977
ENSG00000113916	0.203531988627503
ENSG00000285938	0.132066089343556
ENSG00000163347	-0.130405249709224
ENSG00000196083	-0.0887818252780914
ENSG00000152492	-0.20453975159246
ENSG00000127249	0.127826726537985
ENSG00000198836	0.0294706222190714
ENSG00000232874	0.0269384036389168
ENSG00000114315	0.243626488388942
ENSG00000133657	0.051577810018075
ENSG00000233058	-0.0517990397893084
ENSG00000288979	-0.0944438057407809
ENSG00000145014	0.151547277776928
ENSG00000229334	0.0719363734680555
ENSG00000041802	0.00921254469233454
ENSG00000287005	-0.0325654152588766
ENSG00000184203	-0.0312946274673175
ENSG00000207650	0.786607966024097
ENSG00000061938	0.189266089719842
ENSG00000286004	-0.0817136257460158
ENSG00000239122	0.362319361721157
ENSG00000231443	0.0439913172441709
ENSG00000185485	0.010837248157697
ENSG00000072274	-0.113446479663982
ENSG00000161217	-0.0289251076186648
ENSG00000213123	-0.0326488082066619
ENSG00000237418	0.441841512386489
ENSG00000163961	0.0606889778230687
ENSG00000273013	0.0399436345871267
ENSG00000185798	-0.0859008123059387
ENSG00000174013	-0.0546703069596474
ENSG00000232065	-0.0910947576826598
ENSG00000174004	-0.0399860388421332
ENSG00000163964	-0.0147903635731412
ENSG00000174007	0.055227259195472
ENSG00000180370	-0.0975657676880133
ENSG00000225578	0.126208685145957
ENSG00000270170	-0.144535607584154
ENSG00000119227	0.11628889501469
ENSG00000286017	-0.0150801080161253
ENSG00000163975	-0.0093154262920277
ENSG00000233487	0.400203786409029
ENSG00000228109	-0.136670005921734
ENSG00000075711	-0.154441353297152
ENSG00000272989	-0.473335899812817
ENSG00000249626	-0.219770380110227
ENSG00000286909	-0.00376975214905264
ENSG00000122068	-0.0162557207885442
ENSG00000273375	-0.474080818681605
ENSG00000182899	-0.221378685169674
ENSG00000272602	0.00834228404837679
ENSG00000251188	-0.16059597267722
ENSG00000286705	0.0644940750644767
ENSG00000131127	0.11943722118973
ENSG00000272885	-0.690079677602858
ENSG00000251595	-0.208863688356416
ENSG00000182903	-0.0816819112883231
ENSG00000174227	-0.0422025674688178
ENSG00000273238	-0.118187198884358
ENSG00000283183	-0.0648148812759007
ENSG00000133256	-0.342928744054007
ENSG00000242686	-0.320193253481747
ENSG00000215375	-0.358213461596272
ENSG00000169026	0.127431529630477
ENSG00000249592	0.0127597067659777
ENSG00000168993	-0.0642257085908972
ENSG00000127419	-0.0307210179504202
ENSG00000145214	0.0529750060784942
ENSG00000145217	-0.0172846396502266
ENSG00000127415	-0.0222469171359862
ENSG00000127418	0.360513056904132
ENSG00000159674	0.369999558862638
ENSG00000280927	0.0566891455821718
ENSG00000163945	0.115529169936852
ENSG00000272783	0.174135041916219
ENSG00000163950	-0.0234953155783858
ENSG00000168924	0.229049800270102
ENSG00000185049	0.0087828594050164
ENSG00000123933	0.00983046943502016
ENSG00000159733	0.0367122279853028
ENSG00000063978	0.0816675389893517
ENSG00000168884	-0.136998379034628
ENSG00000087266	0.0869255345292183
ENSG00000109736	-0.0410135186724376
ENSG00000249673	0.0225426705165081
ENSG00000087269	0.0582420285561086
ENSG00000197386	0.190694288938802
ENSG00000188981	0.122439553857149
ENSG00000159788	0.188577653717858
ENSG00000109758	0.129867929215906
ENSG00000286900	-0.0388097337201723
ENSG00000163956	0.250011797070855
ENSG00000250986	0.156401783983199
ENSG00000184160	0.153119847096953
ENSG00000132406	-0.108866068345313
ENSG00000145220	0.0117591093246895
ENSG00000168826	-0.00846939769207448
ENSG00000168824	0.0248532690016879
ENSG00000168818	0.0475114610882544
ENSG00000163132	0.110224020155476
ENSG00000170891	-0.417427223960926
ENSG00000072832	0.125177994559112
ENSG00000289414	0.0591852841021791
ENSG00000251408	0.0172143602668868
ENSG00000109501	0.496028573344887
ENSG00000074211	0.269563287429168
ENSG00000013288	0.228754027596898
ENSG00000179010	-0.0360064832318627
ENSG00000251580	-0.0823438677127526
ENSG00000170846	0.154393169560238
ENSG00000163993	-0.179775652094322
ENSG00000178988	-0.0856234446608701
ENSG00000287104	-0.101227718809795
ENSG00000173013	0.204529024479014
ENSG00000109519	0.122023939370751
ENSG00000245468	-0.0789650290953317
ENSG00000184985	0.140980098443921
ENSG00000163995	0.143669328680657
ENSG00000125089	0.185433331423343
ENSG00000251615	-0.0878547513333897
ENSG00000087008	-0.00828005627127778
ENSG00000205959	0.0529232243749466
ENSG00000244004	0.020070378534403
ENSG00000169676	-0.533042986691186
ENSG00000261490	-0.025248071070939
ENSG00000071127	-0.0805044973748768
ENSG00000002587	-0.0476230124533123
ENSG00000157869	-0.0266972157064166
ENSG00000038219	0.155778045654311
ENSG00000137449	-0.232161746837444
ENSG00000273133	0.0412887543574235
ENSG00000237765	-0.202388143199178
ENSG00000004468	0.102337751365533
ENSG00000137441	-0.098441243856912
ENSG00000169762	-0.124808417449352
ENSG00000169744	0.0771122866182945
ENSG00000215278	0.0235514815660399
ENSG00000002549	-0.142120941410592
ENSG00000163257	-0.20580767487929
ENSG00000145147	0.0645807678280007
ENSG00000163138	0.0715164390468106
ENSG00000152990	0.210345264538577
ENSG00000109606	-0.0571921861837365
ENSG00000109610	0.081770195679055
ENSG00000109618	-0.112915411927259
ENSG00000271172	-0.0208458823247677
ENSG00000168228	-0.0908742826707566
ENSG00000053900	-0.0705764974719471
ENSG00000091490	-0.0716829390015386
ENSG00000250317	-0.125648071173659
ENSG00000109689	0.0382863362659198
ENSG00000286596	-0.07370374573393
ENSG00000169851	0.0288064524459288
ENSG00000181826	-0.0855348000925485
ENSG00000169299	0.0435807154447704
ENSG00000065882	0.0856726772964533
ENSG00000109787	-0.193785377880871
ENSG00000174123	-0.165685709954357
ENSG00000174125	-0.171049391877411
ENSG00000174130	-0.0725069859386976
ENSG00000109790	-0.265259085394181
ENSG00000163682	-0.0422977293691477
ENSG00000121897	0.00701206139754427
ENSG00000224097	0.266027116480775
ENSG00000109814	0.00216069827106696
ENSG00000287262	0.0342048410125454
ENSG00000163683	-0.043637030481179
ENSG00000078140	-0.0188289426385722
ENSG00000121892	-0.011181953870306
ENSG00000260296	0.000144484964934999
ENSG00000163697	-0.0991325780846523
ENSG00000154277	-0.162378981336784
ENSG00000064042	-0.303127314762795
ENSG00000182308	0.2435302059858
ENSG00000014824	0.0893254517012067
ENSG00000178343	-0.00250024420294068
ENSG00000124406	-0.127029780497551
ENSG00000248283	-0.162162984288366
ENSG00000251350	0.126217662545877
ENSG00000151806	0.140691366428655
ENSG00000163285	0.125577386101709
ENSG00000109158	0.132077014718562
ENSG00000260918	0.228317931287201
ENSG00000169019	-0.0214668719325334
ENSG00000145246	0.0804144991310209
ENSG00000170448	0.0309588998488664
ENSG00000109180	-0.0774215272186793
ENSG00000145247	-0.0379542869248579
ENSG00000163069	-0.191775201440148
ENSG00000109189	0.116238967914553
ENSG00000248866	-0.31776528684381
ENSG00000226950	0.01889512729803
ENSG00000226887	-0.00806736678485623
ENSG00000145216	0.0194892850107008
ENSG00000072201	0.112721597224313
ENSG00000250815	-0.0888493848106977
ENSG00000109220	-0.0159269260998092
ENSG00000134853	-0.288126530004074
ENSG00000248518	0.265816493384096
ENSG00000157404	-0.0421437171629568
ENSG00000273257	-0.116128290870191
ENSG00000134852	0.0173009977750679
ENSG00000090989	-0.0982432966589131
ENSG00000157426	-0.041179418744699
ENSG00000128050	-0.040936582409629
ENSG00000174780	-0.0323666381379849
ENSG00000196503	-0.0427446221033109
ENSG00000171476	-0.18748151395673
ENSG00000288944	-0.00905320178944878
ENSG00000084093	-0.133270935926286
ENSG00000047315	0.00545618846173078
ENSG00000163453	-0.0519555037919116
ENSG00000287369	0.235870833428733
ENSG00000150471	0.0254958053180192
ENSG00000279464	-0.161363612749241
ENSG00000083896	-0.0886223161115621
ENSG00000162840	0.12146860948707
ENSG00000178522	0.247844689506214
ENSG00000132467	-0.0536680691438659
ENSG00000272986	0.370904828753584
ENSG00000018189	-0.224866358249669
ENSG00000132463	-0.0755125164432756
ENSG00000289019	-0.175505003575516
ENSG00000156136	0.0347206656056785
ENSG00000249170	-0.112148641432849
ENSG00000163626	0.0574755808589087
ENSG00000163631	-0.0187157321544752
ENSG00000169429	-0.227150337991507
ENSG00000163739	0.350910162953999
ENSG00000163735	-0.365540974139731
ENSG00000163734	-0.0659179045664026
ENSG00000081041	0.218534387902138
ENSG00000109321	0.0991472054712629
ENSG00000169116	0.297889832967139
ENSG00000163743	-0.0426451687500565
ENSG00000174796	0.0259124024574004
ENSG00000138769	0.089693242719808
ENSG00000138757	0.13406993082922
ENSG00000138768	0.0350462965411414
ENSG00000198301	0.180225735592648
ENSG00000138755	0.179786013869993
ENSG00000156219	-0.00434755182621465
ENSG00000169245	-0.240728655839021
ENSG00000169248	0.172546008766143
ENSG00000138750	-0.170406732344781
ENSG00000138760	-0.265591569561893
ENSG00000288888	-0.297665669887072
ENSG00000138764	0.101876916455187
ENSG00000138767	-0.0354936570998
ENSG00000138772	0.0553107789851619
ENSG00000251442	-0.187356439979285
ENSG00000163291	0.198930604680937
ENSG00000289480	-0.418394206692823
ENSG00000138668	-0.106072186598403
ENSG00000250325	0.258651282417496
ENSG00000152795	-0.0885327306022101
ENSG00000145293	-0.190370939088642
ENSG00000145284	-0.185230831104751
ENSG00000270480	-0.317586272402706
ENSG00000251022	0.0765726684900087
ENSG00000168152	0.0159705515797666
ENSG00000189308	-0.023264742443898
ENSG00000138663	0.0184669633881524
ENSG00000163312	-0.0212029118557651
ENSG00000163319	-0.0206805959683622
ENSG00000163623	-0.114889468587681
ENSG00000180769	-0.131370949565203
ENSG00000109339	0.00366626191429491
ENSG00000163633	-0.133299910427241
ENSG00000251411	-0.0365543420580666
ENSG00000284968	-0.11564307010002
ENSG00000172493	-0.00886201544298504
ENSG00000145332	0.00307725428914165
ENSG00000198189	-0.276339906667015
ENSG00000170502	-0.010350821626948
ENSG00000272856	0.168078204943688
ENSG00000152583	0.244345049242219
ENSG00000118762	-0.096711105209698
ENSG00000138642	0.014760633297961
ENSG00000138646	-0.0682083273425205
ENSG00000249755	0.061403194158132
ENSG00000138641	0.288384189633719
ENSG00000207524	0.578669376781932
ENSG00000177432	-0.30121565574896
ENSG00000180346	-0.304240490259206
ENSG00000185477	0.0209501090252056
ENSG00000145335	0.07716320023588
ENSG00000138722	-0.00910590027834985
ENSG00000163104	-0.00877639974296007
ENSG00000163110	-0.0083576376091072
ENSG00000138696	-0.0216303844154801
ENSG00000271474	-0.516382263154879
ENSG00000289532	0.0349304700139361
ENSG00000138698	-0.126338098175407
ENSG00000168785	-0.0350008379854232
ENSG00000260641	-0.234677287499726
ENSG00000151247	-0.0987860711429524
ENSG00000164024	-0.00848769090514991
ENSG00000272777	-0.431713762046441
ENSG00000248713	-0.0501445825616874
ENSG00000164031	-0.103734508757081
ENSG00000164032	0.219208302304872
ENSG00000145358	0.301395375652826
ENSG00000138814	0.141274004281651
ENSG00000254531	-0.0763668319236546
ENSG00000138821	0.0231615872995276
ENSG00000109320	0.0382637788991187
ENSG00000109323	-0.0177999493736323
ENSG00000109332	-0.0496673682151488
ENSG00000246560	-0.0474100629582533
ENSG00000164038	-0.00083793447786329
ENSG00000164039	0.137231647156985
ENSG00000168772	-0.0584226748170123
ENSG00000251259	-0.117065445482897
ENSG00000168769	-0.0722702211119108
ENSG00000138777	-0.101055700949989
ENSG00000145348	-0.000740665950450456
ENSG00000138801	-0.0299818844956703
ENSG00000155016	-0.13833981360909
ENSG00000138796	0.0441809929271546
ENSG00000109475	-0.401870450576281
ENSG00000198856	-0.030131330623534
ENSG00000164089	0.169215089803145
ENSG00000249465	-0.0612947932636985
ENSG00000249965	-0.100294907341325
ENSG00000138794	0.106706933913399
ENSG00000273447	-0.556089470940296
ENSG00000123739	-0.0179391983400528
ENSG00000205403	-0.0994777425411848
ENSG00000109534	0.0534547000314515
ENSG00000138660	0.0821420705492257
ENSG00000145365	0.0715649502835349
ENSG00000178403	1.02568724641556
ENSG00000174720	-0.206563432814349
ENSG00000251126	-0.085879833866732
ENSG00000145349	-0.174272864758084
ENSG00000250215	-0.121286810970629
ENSG00000164100	0.0870706454568201
ENSG00000269893	-0.0661862640222956
ENSG00000260404	0.0553740557155674
ENSG00000248213	0.05962246443075
ENSG00000281731	0.0220967949442014
ENSG00000145388	-0.0511470899378554
ENSG00000150961	0.120562644670087
ENSG00000172403	-0.0634844022256
ENSG00000164096	-0.00619986083389486
ENSG00000283050	0.0742792481092141
ENSG00000286241	-0.00405506785546151
ENSG00000164109	0.201622734510157
ENSG00000164111	-0.289146442432492
ENSG00000123737	-0.0661638583612511
ENSG00000145386	0.0210074471567848
ENSG00000138686	0.0352965469145524
ENSG00000224786	-0.0682626064679445
ENSG00000181004	0.17758873866832
ENSG00000138685	0.0577114062676506
ENSG00000287951	-0.0284859150487037
ENSG00000164056	-0.227557932387789
ENSG00000151458	-0.102158537491689
ENSG00000164070	0.00350644219580681
ENSG00000282855	0.230348334113421
ENSG00000261668	-0.137212057634968
ENSG00000142731	0.127120387769782
ENSG00000138709	0.0506487566377063
ENSG00000164040	-0.0963526222911392
ENSG00000077684	0.0860296913409536
ENSG00000250241	-0.165759842501597
ENSG00000138650	-0.0364462195968684
ENSG00000254535	-0.0701443055311541
ENSG00000151014	0.115035057694765
ENSG00000179967	-0.16578621906464
ENSG00000137463	-0.0565905816684772
ENSG00000109390	-0.0775475870063985
ENSG00000164134	0.0079584503048556
ENSG00000145391	-0.119465873478251
ENSG00000272717	-0.33541388586962
ENSG00000085871	-0.10263908528851
ENSG00000153130	-0.153633688943251
ENSG00000153132	-0.0585706954273
ENSG00000109436	0.0210961841936352
ENSG00000170185	0.00815041191002307
ENSG00000109458	-0.349500843543836
ENSG00000236296	-0.069420501927478
ENSG00000289314	-0.315994391518605
ENSG00000164163	-0.102254338457102
ENSG00000164164	0.0212892281791526
ENSG00000151611	-0.0537240889659019
ENSG00000151612	0.0416719832026282
ENSG00000164167	-0.145726400842701
ENSG00000250673	-0.0613134281813462
ENSG00000280219	-0.00453598489886064
ENSG00000164168	-0.089949547296589
ENSG00000164169	-0.0255263814178621
ENSG00000145425	-0.0756824743176616
ENSG00000109686	-0.159148458933739
ENSG00000270681	-0.145975237517821
ENSG00000109670	-0.0946790819892866
ENSG00000164144	-0.00390720285402301
ENSG00000287642	-0.232332477855635
ENSG00000137460	0.0466967750219663
ENSG00000213406	-0.169857989528469
ENSG00000248208	-0.404659854937366
ENSG00000137462	-0.202110793540127
ENSG00000145428	0.00423583339555991
ENSG00000145423	0.120218868782119
ENSG00000171566	-0.0624446920572873
ENSG00000171560	0.0366033836933661
ENSG00000121207	0.0196123460521531
ENSG00000250538	-0.373589320400186
ENSG00000185149	-0.435426330789691
ENSG00000287730	-0.170460447739435
ENSG00000164116	0.275951166826244
ENSG00000061918	0.133112057755245
ENSG00000256043	-0.305104939966886
ENSG00000109738	-0.00457875188671549
ENSG00000120251	0.0857691938983454
ENSG00000171503	-0.0285545308576921
ENSG00000171497	0.0716057973380208
ENSG00000052795	-0.0693740383198897
ENSG00000145414	0.0629619642573321
ENSG00000164128	-0.0214782467393546
ENSG00000164129	0.234797821734013
ENSG00000170088	0.0506043539608887
ENSG00000109466	0.0897206380933212
ENSG00000052802	-0.0275450992855635
ENSG00000251596	0.224556306566622
ENSG00000196104	-0.137673180206837
ENSG00000137628	-0.0420621891297859
ENSG00000129116	0.0108009699401597
ENSG00000154447	0.0157066453752499
ENSG00000137601	0.00145101530980706
ENSG00000056050	-0.10709817025691
ENSG00000229204	-0.143309404323985
ENSG00000289508	-0.172705918497897
ENSG00000198948	-0.259959365051963
ENSG00000109586	-0.0674417466253606
ENSG00000164104	-0.0299729011399949
ENSG00000288728	0.1394890472217
ENSG00000272870	-0.147215870032922
ENSG00000164105	-0.295473848344022
ENSG00000164106	0.0442827821221136
ENSG00000289210	0.0011472327422495
ENSG00000164117	-0.0746625364756932
ENSG00000129128	-0.00357880947945221
ENSG00000289520	0.322476004838863
ENSG00000249460	0.00242980763977356
ENSG00000129187	0.062895528938142
ENSG00000272784	-0.0401376744456912
ENSG00000168564	-0.15520867270333
ENSG00000272744	0.0268349948566519
ENSG00000182552	-0.0654574760874456
ENSG00000168538	-0.0113624135871365
ENSG00000173320	-0.0820253472105013
ENSG00000168310	-0.0388932391822231
ENSG00000270426	0.370528130263188
ENSG00000271646	-0.265652079480789
ENSG00000164305	-0.00107785944266272
ENSG00000164306	-0.124106688652185
ENSG00000249138	-0.427525459760572
ENSG00000151729	0.238324523367701
ENSG00000109762	0.0341139916789492
ENSG00000186352	0.344918158810868
ENSG00000154553	0.0311676551857005
ENSG00000154556	0.172105696428078
ENSG00000164342	-0.180943438783065
ENSG00000250327	0.0943195348203215
ENSG00000164344	0.182460147318169
ENSG00000083857	0.287136583924788
ENSG00000109536	0.00936160850559895
ENSG00000185028	0.0821020328966119
ENSG00000164366	0.0046845150413719
ENSG00000248925	-0.314626099263181
ENSG00000221990	-0.130041967007224
ENSG00000225138	0.353179000449776
ENSG00000112877	0.0679536380784226
ENSG00000271781	-0.0613782469717327
ENSG00000289088	-0.566715071114368
ENSG00000028310	0.11717080156566
ENSG00000286388	-0.231993926990191
ENSG00000279908	-0.00552345433907978
ENSG00000153395	0.034871421838501
ENSG00000185986	0.00132823146867095
ENSG00000188002	-0.17580649969643
ENSG00000289075	-0.153693606624299
ENSG00000170549	-0.0203551115909409
ENSG00000164151	-0.0937855831838353
ENSG00000133398	-0.12477575626775
ENSG00000215218	-0.139566623878809
ENSG00000250056	-0.032450208767645
ENSG00000037474	-0.0197150591792086
ENSG00000145545	0.103601280168664
ENSG00000250668	-0.22454049268086
ENSG00000078295	0.0411906436285556
ENSG00000215217	-0.177358663995705
ENSG00000124275	-0.121907422820565
ENSG00000124279	-0.0361935570827681
ENSG00000250786	-0.728708473791765
ENSG00000169777	0.0767163321162455
ENSG00000150756	-0.0703954745231286
ENSG00000150753	0.100220247746202
ENSG00000164237	0.129212755367146
ENSG00000164236	0.253664996946919
ENSG00000112977	0.150264423833972
ENSG00000169862	0.0245364352071376
ENSG00000038382	0.0148311001162959
ENSG00000145569	-0.13483349665894
ENSG00000261360	0.0380909319073267
ENSG00000154124	-0.0551203985947444
ENSG00000154122	0.033729044708767
ENSG00000286970	-0.450983301933661
ENSG00000183580	-0.0192086167678017
ENSG00000173545	0.0466421445809632
ENSG00000154153	-0.343657703429964
ENSG00000145555	0.0114374609625208
ENSG00000176788	-0.114066879684574
ENSG00000213430	0.178529933409268
ENSG00000113361	-0.0271578744409192
ENSG00000250482	-0.00341349380787212
ENSG00000113360	0.14194613523793
ENSG00000082213	-0.117521744913096
ENSG00000279923	-0.100554689481193
ENSG00000214108	0.0304875407683712
ENSG00000272086	-0.140247523061471
ENSG00000150712	0.151219837634838
ENSG00000056097	-0.0533264576321531
ENSG00000113387	-0.0481132941048565
ENSG00000113407	-0.153906840448819
ENSG00000082196	0.237041376723734
ENSG00000272323	-0.0767732243578698
ENSG00000113456	-0.0238413680925413
ENSG00000113460	-0.287760949680987
ENSG00000168724	-0.125642375362545
ENSG00000164187	-0.0190819824382129
ENSG00000145604	-0.0871819424195812
ENSG00000164188	0.0739647111897172
ENSG00000079215	-0.0149683640615412
ENSG00000164190	-0.0423917674422634
ENSG00000197603	0.0877183387146596
ENSG00000113569	-0.0121109559053599
ENSG00000113594	-0.0534340965293624
ENSG00000251189	0.155404359949441
ENSG00000145623	-0.0427034491655131
ENSG00000082074	-0.137287854235661
ENSG00000249668	-0.0929746045072807
ENSG00000113638	-0.00150747754402814
ENSG00000171522	-0.202488093815918
ENSG00000132356	-0.0574330305553946
ENSG00000145592	-0.177012834119706
ENSG00000132357	-0.0389361567953518
ENSG00000112936	-0.0366492490887226
ENSG00000083720	0.296993997525847
ENSG00000248668	0.0196729592039003
ENSG00000151876	-0.100499157661034
ENSG00000198865	-0.128455268228778
ENSG00000250722	-0.439833612729669
ENSG00000271788	-0.156906771212179
ENSG00000272382	-0.273427699822417
ENSG00000177721	-0.0665419560162721
ENSG00000272144	0.0756506027657643
ENSG00000172262	-0.030444591060578
ENSG00000112972	0.106885958930585
ENSG00000172244	0.0816429452626775
ENSG00000172239	-0.190196911237197
ENSG00000248092	0.0169636116296845
ENSG00000112992	0.166382975154633
ENSG00000251141	0.0234530259011497
ENSG00000112996	0.0461928863529186
ENSG00000272335	0.115036776788993
ENSG00000170571	-0.171060943714705
ENSG00000250360	0.055675052783885
ENSG00000259663	0.0421933614517022
ENSG00000016082	-0.0581842338280546
ENSG00000152684	0.0815462177014868
ENSG00000213949	0.0345500103859433
ENSG00000164172	-0.0461236011755418
ENSG00000164258	0.0107686515918139
ENSG00000272416	-0.139099600009182
ENSG00000178996	-0.113465240813571
ENSG00000145649	0.014401317346975
ENSG00000067248	-0.012904864302768
ENSG00000067113	-0.0891063300690152
ENSG00000134352	-0.133829338158313
ENSG00000227908	0.0405198733388489
ENSG00000248727	-0.0667060299459433
ENSG00000095015	-0.103278582108417
ENSG00000155542	-0.189989796408156
ENSG00000155545	-0.0669754841113998
ENSG00000145632	0.151470630666515
ENSG00000175857	-0.222687094409663
ENSG00000152932	-0.146587797463383
ENSG00000164181	-0.132060892818561
ENSG00000049167	-0.054448417818753
ENSG00000188725	-0.185788933800265
ENSG00000130449	-0.00518733967575773
ENSG00000251682	0.105505330603628
ENSG00000086189	0.0363593808180423
ENSG00000186105	-0.217181199405424
ENSG00000178394	0.102428714385019
ENSG00000186479	0.243289405137366
ENSG00000113595	-0.0645524129176372
ENSG00000113597	-0.0879000801326249
ENSG00000253251	-0.143076168186037
ENSG00000197860	0.0354624152485515
ENSG00000285999	0.0211315017585988
ENSG00000134061	-0.0257262601838641
ENSG00000145675	0.0195947420020499
ENSG00000145740	0.0283842832565639
ENSG00000134057	0.143299468906376
ENSG00000153044	0.0133911579292617
ENSG00000134058	0.0151671917162972
ENSG00000215006	0.0497544075604148
ENSG00000273841	-0.205742855154284
ENSG00000152942	-0.0476622952762026
ENSG00000152939	-0.0134330239979011
ENSG00000172062	0.00642621434845483
ENSG00000145734	-0.0171368512321657
ENSG00000131844	0.138600788379694
ENSG00000285804	0.229973237621507
ENSG00000131711	0.00886661478389303
ENSG00000113048	0.132004409444067
ENSG00000049883	0.0515555948635154
ENSG00000272525	0.0321001959159817
ENSG00000145741	-0.161610414174864
ENSG00000164331	-0.0438659438893748
ENSG00000164338	-0.0578300056256586
ENSG00000171617	-0.0397158813511239
ENSG00000049860	0.0653158794498615
ENSG00000164347	0.024055127727019
ENSG00000164346	-0.172723008745983
ENSG00000198780	-0.0199133691438107
ENSG00000271714	0.0552392681526669
ENSG00000289639	-0.220412277505506
ENSG00000176928	0.249174032128689
ENSG00000113161	0.0987352875819593
ENSG00000113163	0.0621212280546738
ENSG00000122008	-0.0637965097691968
ENSG00000152359	-0.03519135976404
ENSG00000122012	0.157393843597935
ENSG00000249014	0.100970551249604
ENSG00000251235	-0.157837464389449
ENSG00000164251	0.239925888854379
ENSG00000164252	-0.0737407962317169
ENSG00000113231	0.109336589809095
ENSG00000171530	-0.0667244075649648
ENSG00000132842	-0.0520890703285588
ENSG00000245556	-0.105977856699998
ENSG00000085365	-0.0292820676666227
ENSG00000145685	0.0298853866165251
ENSG00000152413	0.124987280431541
ENSG00000213755	0.108008722092306
ENSG00000164329	-0.0109543166183592
ENSG00000164309	0.00213772066264999
ENSG00000286818	0.0681834782371142
ENSG00000177034	0.199360183185843
ENSG00000113296	-0.123467035304577
ENSG00000251050	0.266182687187399
ENSG00000164300	-0.212289239073546
ENSG00000288741	-0.263165801012467
ENSG00000248569	0.408849502069177
ENSG00000189127	0.301705856102337
ENSG00000228716	-0.207796370632641
ENSG00000251450	-0.22448363034745
ENSG00000113319	0.0562979095784181
ENSG00000131730	0.000482918419146139
ENSG00000131732	-0.036053145221956
ENSG00000186468	0.0436039423907209
ENSG00000281327	-0.18311128678396
ENSG00000271862	-0.148201085105445
ENSG00000174695	-0.00989212248604777
ENSG00000038427	-0.0490300030326395
ENSG00000127184	-0.165850094675052
ENSG00000145715	0.00992197283587065
ENSG00000134480	-0.108655817605634
ENSG00000287783	-0.0244970804376752
ENSG00000247828	0.0640468837573079
ENSG00000245526	0.0398637558576945
ENSG00000081189	-0.0970165211194665
ENSG00000176055	-0.168933264763562
ENSG00000164199	0.164780153095163
ENSG00000286638	-0.309255489653773
ENSG00000113369	-0.100293709667589
ENSG00000237187	-0.130467687662774
ENSG00000175745	0.00178483560919169
ENSG00000249353	0.3115200398981
ENSG00000251023	0.133327405004791
ENSG00000175471	0.137547797039987
ENSG00000243806	0.693523534917851
ENSG00000198677	-0.0655296968430971
ENSG00000164291	-0.0169195221598284
ENSG00000178015	-0.108548774135293
ENSG00000164292	0.145913692536611
ENSG00000173221	-0.0416137149461751
ENSG00000251000	-0.17110832707364
ENSG00000236882	-0.144029134137721
ENSG00000118985	-0.277079023407394
ENSG00000175426	0.0787722241375529
ENSG00000153113	-0.0789136996762325
ENSG00000248734	0.0135315487304713
ENSG00000113441	0.0104765729302477
ENSG00000058729	-0.0918252464360536
ENSG00000248489	0.0333624443556944
ENSG00000270225	-0.0810169169392903
ENSG00000271207	0.0598856575078573
ENSG00000174132	-0.0537638743682849
ENSG00000145730	0.187823513136804
ENSG00000145723	-0.0278251965093427
ENSG00000145743	0.0627036169073532
ENSG00000176857	-0.0951727605117666
ENSG00000198961	0.0147351117426693
ENSG00000271849	-0.508939860811892
ENSG00000164209	-0.130175155647713
ENSG00000145777	0.180116738253016
ENSG00000134987	0.0387326119121291
ENSG00000152495	0.190655039287479
ENSG00000164211	0.198781124654051
ENSG00000224032	-0.146522720853423
ENSG00000134982	-0.0891133899091895
ENSG00000153037	-0.0549538804219779
ENSG00000129625	-0.0906250435134383
ENSG00000249947	0.25907713285123
ENSG00000172795	0.0281122408840928
ENSG00000047188	-0.0460791487681007
ENSG00000164219	-0.0712278360179197
ENSG00000164221	-0.116629340072146
ENSG00000145780	-0.0495911184919268
ENSG00000243414	0.058308651299648
ENSG00000249249	-0.0595062758408982
ENSG00000177879	-0.142607201033994
ENSG00000272265	-0.422141666608083
ENSG00000271918	0.176532198476864
ENSG00000172869	-0.0442323040341626
ENSG00000133835	-0.162265898830183
ENSG00000205302	-0.0644199758878431
ENSG00000263432	-0.409542431764776
ENSG00000168938	0.0137892062541598
ENSG00000151292	-0.0464942226714607
ENSG00000288890	-0.176949232521105
ENSG00000168916	-0.096796814717307
ENSG00000155324	0.0502869270027788
ENSG00000279118	0.192670726204091
ENSG00000164904	0.166731338235741
ENSG00000164902	-0.128095007976578
ENSG00000145794	-0.0592999216950129
ENSG00000249577	-0.28629822692416
ENSG00000164244	-0.0207475501677953
ENSG00000245937	-0.0189494640503414
ENSG00000064651	-0.379145525749665
ENSG00000066583	0.018443930279496
ENSG00000169567	-0.0926973373496813
ENSG00000186687	-0.123666669128399
ENSG00000158985	-0.107575219067421
ENSG00000279370	-0.0327461945183916
ENSG00000158987	-0.0794106237621778
ENSG00000217128	-0.0680428189798014
ENSG00000223548	-0.174510798842037
ENSG00000072682	-0.0286267660375836
ENSG00000224431	0.00836513080743193
ENSG00000131435	-0.110387804875865
ENSG00000197208	-0.0518956244378898
ENSG00000197375	0.123948358715216
ENSG00000197536	-0.0413028070271133
ENSG00000125347	0.134680131209028
ENSG00000131437	-0.137060814332718
ENSG00000198944	0.405906400300717
ENSG00000164403	-0.258951975922689
ENSG00000164404	0.211202280725268
ENSG00000164406	0.0393071013591456
ENSG00000170606	0.0257378036745243
ENSG00000279691	-0.327003737437305
ENSG00000279197	-0.213498205874745
ENSG00000213585	0.110954171619741
ENSG00000271737	-0.0781280945861512
ENSG00000113558	-0.0478348045984152
ENSG00000113575	-0.185180322803732
ENSG00000270177	0.0198942554185184
ENSG00000119048	-0.251721320776278
ENSG00000237190	-0.0460634446860289
ENSG00000152700	-0.117507060641422
ENSG00000113615	-0.00266832352591011
ENSG00000181904	-0.086910495901313
ENSG00000132570	0.04045486658845
ENSG00000249119	0.108239401310046
ENSG00000270021	-0.47417315606427
ENSG00000145824	0.100450920407386
ENSG00000145832	-0.0557680172614688
ENSG00000250378	0.107643718829957
ENSG00000113658	-0.0859416393456476
ENSG00000271824	-0.48524233610136
ENSG00000250284	-0.272846823638907
ENSG00000152377	-0.187243330163439
ENSG00000177733	0.0886057291452076
ENSG00000031003	-0.123574752306295
ENSG00000061492	0.222516524258193
ENSG00000112981	-0.174813079996526
ENSG00000112983	-0.0035343999194433
ENSG00000120709	0.0382307281051694
ENSG00000289267	0.0453650744195234
ENSG00000120738	0.940570873104243
ENSG00000120705	0.0518620551741271
ENSG00000289155	0.503037001831979
ENSG00000113013	0.135798201674905
ENSG00000044115	-0.0628012115691031
ENSG00000146006	0.123413245558464
ENSG00000281398	0.101613525369957
ENSG00000120727	-0.20490108609696
ENSG00000249751	-0.188396676029317
ENSG00000184584	0.287058816002262
ENSG00000286403	-0.257390773137808
ENSG00000131508	-0.0770008638639785
ENSG00000250635	0.446315380409458
ENSG00000146005	0.438729911085842
ENSG00000245146	-0.010644387931357
ENSG00000185129	-0.183205605695647
ENSG00000182700	0.15466038243817
ENSG00000120306	0.130444322246726
ENSG00000113068	-0.00658392301166524
ENSG00000113070	-0.129531358689287
ENSG00000131503	0.0637855971503625
ENSG00000213523	-0.194905540729234
ENSG00000243056	-0.15338361807197
ENSG00000113108	0.183331074558849
ENSG00000176087	0.124276160082172
ENSG00000170458	-0.177085586250347
ENSG00000120314	0.125294944797615
ENSG00000170445	0.0242868342719649
ENSG00000112855	0.0298119024416015
ENSG00000146007	0.231140126626148
ENSG00000081842	0.178509765242776
ENSG00000249158	0.127293898128985
ENSG00000248383	-0.0741757669221194
ENSG00000243232	0.250539799984559
ENSG00000081818	-0.358031482298972
ENSG00000255622	0.133792304149115
ENSG00000280336	-0.283753990295353
ENSG00000120328	-0.23880033933754
ENSG00000120327	0.132322357094128
ENSG00000113248	-0.372775209731819
ENSG00000178913	-0.0630007994379354
ENSG00000288095	-0.142311003783743
ENSG00000272070	-0.0212742734961475
ENSG00000254245	0.288341315066966
ENSG00000254221	0.513882620753084
ENSG00000261934	0.183302034033325
ENSG00000240184	0.317961951722527
ENSG00000242419	0.136867399447352
ENSG00000240764	1.07264015516007
ENSG00000131504	0.317247854071923
ENSG00000171720	0.0647704114457641
ENSG00000164620	-0.0812495838401372
ENSG00000197948	0.0546867730604834
ENSG00000289478	0.336297406330771
ENSG00000156453	0.202399731152455
ENSG00000081791	0.0408591859453006
ENSG00000013561	-0.0635977623381812
ENSG00000113552	0.128131110673832
ENSG00000131507	0.0117885593752149
ENSG00000280047	0.21106542262667
ENSG00000187678	0.152091295492637
ENSG00000113580	-0.107529992306801
ENSG00000279130	0.102295934607881
ENSG00000145817	0.0356420495382995
ENSG00000183775	0.0340778354881508
ENSG00000156463	0.0389212949643578
ENSG00000091009	0.0303593247492265
ENSG00000113649	0.0373825521966975
ENSG00000173250	0.0687133471496107
ENSG00000156475	0.038021462474175
ENSG00000248568	-0.172168760352718
ENSG00000169302	-0.0376701392554645
ENSG00000113657	-0.0315064547127069
ENSG00000176049	-0.0414538546537335
ENSG00000145868	-0.0471382941256422
ENSG00000251330	0.0687660234221997
ENSG00000169252	0.259898511875233
ENSG00000164284	-0.100703826304503
ENSG00000145882	-0.00528627161354978
ENSG00000249669	0.0849305528932045
ENSG00000113712	-0.0871618324770522
ENSG00000155846	0.0288141970905236
ENSG00000155850	0.00824951864764417
ENSG00000164296	-0.0663727636516031
ENSG00000113716	0.171930920048846
ENSG00000182578	-0.188177168616074
ENSG00000113721	0.468534246526856
ENSG00000070808	-0.198588006114744
ENSG00000019582	-0.504461555713968
ENSG00000286331	-0.164076913187929
ENSG00000164587	-0.0938563915708358
ENSG00000070614	0.0795032633696754
ENSG00000171992	0.198259572066134
ENSG00000286657	0.0332180216187146
ENSG00000164591	0.277210244035727
ENSG00000086589	-0.046554232350149
ENSG00000256235	0.0102999810227953
ENSG00000145908	-0.199257012491136
ENSG00000211445	0.399512983838417
ENSG00000197043	0.204714628527055
ENSG00000198624	0.0399685591374452
ENSG00000123643	-0.00780004585626756
ENSG00000260581	0.0186115904779677
ENSG00000177556	-0.108185643376944
ENSG00000275765	-0.412023246893801
ENSG00000145907	-0.0372560655527606
ENSG00000155511	0.0766347022112051
ENSG00000055147	-0.0313847084619708
ENSG00000037749	0.0320239417491306
ENSG00000164574	-0.0360373581560631
ENSG00000164576	-0.0337551335516089
ENSG00000155506	-0.0120533809246348
ENSG00000170271	-0.384253506503968
ENSG00000155508	-0.1757021367156
ENSG00000082516	0.0781431683811752
ENSG00000082515	-0.0339764138117915
ENSG00000135077	-0.249972267789933
ENSG00000172568	0.088965588727733
ENSG00000251405	-0.189901225445172
ENSG00000172548	-0.354800635314448
ENSG00000155858	-0.0976154354495699
ENSG00000113282	0.0378607431064375
ENSG00000145860	0.124457653646759
ENSG00000164332	-0.0130713985460469
ENSG00000113312	-0.0993788822053565
ENSG00000170234	-0.0385801130006355
ENSG00000221886	-0.0726194689503819
ENSG00000164609	0.0303183109320818
ENSG00000164611	-0.0116588983303146
ENSG00000145864	0.0420039276055474
ENSG00000022355	-0.155722673906605
ENSG00000113327	0.164772006910581
ENSG00000113328	-0.0458692787683833
ENSG00000170584	-0.149789619957428
ENSG00000113643	-0.00881664499666012
ENSG00000188573	-0.187961488018504
ENSG00000120137	-0.0761565960899004
ENSG00000233913	0.0220868249165142
ENSG00000040275	-0.0456437487892823
ENSG00000043462	0.0742928106476437
ENSG00000181163	-0.11134799000509
ENSG00000072803	-0.00909064764866236
ENSG00000168246	0.00945635104757209
ENSG00000174705	-0.0199730276051428
ENSG00000213386	0.172792640759809
ENSG00000120129	0.0178192300568018
ENSG00000037241	0.0856370193951733
ENSG00000113732	-0.146910545490863
ENSG00000164463	-0.0841235321167462
ENSG00000253955	0.0467890535833824
ENSG00000145919	0.0586432227052174
ENSG00000254211	-0.00968069086371731
ENSG00000289085	-0.0744930199992372
ENSG00000170091	-0.067652732567921
ENSG00000248355	0.124636769203259
ENSG00000184845	0.220677102454017
ENSG00000113749	0.070326868705975
ENSG00000145920	0.040928902939659
ENSG00000051596	0.0586728262274966
ENSG00000170085	0.0683796311750477
ENSG00000122203	0.0944623746147118
ENSG00000175414	0.0723723385462244
ENSG00000048162	0.0310359727737026
ENSG00000146066	-0.0239936107766358
ENSG00000113194	-0.0231905077140264
ENSG00000146083	0.214948925203966
ENSG00000169258	-0.0696590265088849
ENSG00000074317	-0.550116559568057
ENSG00000248859	-0.313738293226475
ENSG00000113763	0.126176028874321
ENSG00000160883	0.023270936392058
ENSG00000087206	-0.0621684859151272
ENSG00000113761	0.102660412060432
ENSG00000160867	0.188709488878996
ENSG00000165671	0.0389632369120342
ENSG00000169228	0.0391412462643959
ENSG00000169230	-0.0497679456856675
ENSG00000169223	0.104847902657472
ENSG00000169220	0.46161732476946
ENSG00000196570	0.0965419287939345
ENSG00000131188	-0.220917561872265
ENSG00000279821	0.106156115080023
ENSG00000146094	-0.141939814199602
ENSG00000183258	0.07146273975778
ENSG00000184840	0.156045623657101
ENSG00000247679	0.0964296218927394
ENSG00000249129	-0.0729508921310189
ENSG00000145911	0.21951072599123
ENSG00000145916	0.111225848678301
ENSG00000145912	0.239403495270293
ENSG00000197451	-0.11151114939354
ENSG00000175309	0.0210730276219308
ENSG00000169131	-0.113573325858557
ENSG00000178338	-0.121868414593983
ENSG00000272431	0.413048532093692
ENSG00000234284	-0.0597271222761492
ENSG00000177932	-0.0906861588774248
ENSG00000253520	0.185551639875182
ENSG00000176783	-0.109146344700177
ENSG00000127022	0.0251119460360133
ENSG00000225051	0.252804221817876
ENSG00000213316	-0.382418248977752
ENSG00000161011	0.0805663614055483
ENSG00000161010	0.0799018290319284
ENSG00000222448	-0.0221932763869887
ENSG00000245317	-0.142304820188356
ENSG00000113269	-0.168471596375156
ENSG00000050748	-0.0250313013795738
ENSG00000248367	0.113663699910119
ENSG00000113300	0.0193321336173172
ENSG00000037280	-0.114321618408754
ENSG00000131446	0.134678123584639
ENSG00000278970	-0.061980438612593
ENSG00000245060	0.00638606070485891
ENSG00000196670	-0.149752381015974
ENSG00000146054	0.101782730385089
ENSG00000146063	0.0365216431542229
ENSG00000204628	-0.128321603209606
ENSG00000233937	0.0245349471641553
ENSG00000183718	0.148546752592583
ENSG00000248275	-0.0755185588593348
ENSG00000112679	-0.00224330001465228
ENSG00000188996	-0.0452259292873058
ENSG00000164379	0.0465281420768227
ENSG00000218027	-0.32000018226953
ENSG00000280916	-0.0214082393555333
ENSG00000280423	-0.213511365582316
ENSG00000124535	-0.00814692295375518
ENSG00000021355	-0.417540061822934
ENSG00000170542	0.117819134949263
ENSG00000124570	-0.0929765539459832
ENSG00000271361	-0.036549880661759
ENSG00000288612	-0.0144399934314986
ENSG00000137275	-0.0121094493794074
ENSG00000230269	0.128848216748671
ENSG00000137285	0.137632233913001
ENSG00000288840	0.280452736666122
ENSG00000272320	0.340604312372872
ENSG00000168994	-0.0763580219611709
ENSG00000270504	-0.22165832233389
ENSG00000145945	0.175313785373236
ENSG00000198721	0.0659286388068979
ENSG00000271978	0.0071689543144856
ENSG00000288548	0.133552586064152
ENSG00000219607	0.462634512016016
ENSG00000214113	-0.035865356161316
ENSG00000124785	-0.303676213027645
ENSG00000124491	-0.154402528782306
ENSG00000112799	-0.189496469493316
ENSG00000124782	0.0308175307667597
ENSG00000124783	-0.0371291204947047
ENSG00000124784	-0.0143484323140345
ENSG00000096696	-0.0150191015560494
ENSG00000168566	0.0542541619867612
ENSG00000239264	0.00789697719286464
ENSG00000188428	0.010387280861114
ENSG00000124802	-0.13059783297131
ENSG00000111845	0.0192112006515302
ENSG00000111843	-0.239935837605514
ENSG00000272097	0.0890589003061465
ENSG00000137210	-0.0836983767430568
ENSG00000235051	0.25953030021031
ENSG00000197977	-0.0113310521150131
ENSG00000224531	-0.115517134498106
ENSG00000111859	0.0778144271901955
ENSG00000095951	0.0192966468080126
ENSG00000078401	0.05799025563472
ENSG00000112137	0.354738607930175
ENSG00000145990	0.0813797755582218
ENSG00000237786	0.194817760997631
ENSG00000124523	-0.00471303761404404
ENSG00000225921	-0.186412823664618
ENSG00000010017	-0.0792695639778168
ENSG00000050393	-0.0863107436665142
ENSG00000272209	0.0664139080620218
ENSG00000112149	0.0300188167028225
ENSG00000008083	0.0322201161057468
ENSG00000235488	-0.137374376181877
ENSG00000007944	-0.334117200682051
ENSG00000137198	-0.207523345305201
ENSG00000282024	-0.1233325797148
ENSG00000124788	0.0486758438109208
ENSG00000229931	0.188117640250082
ENSG00000272341	0.122608997581117
ENSG00000112183	0.0728497074458484
ENSG00000112186	0.0158471239281563
ENSG00000137414	-0.0869496091870658
ENSG00000137177	-0.15518872612544
ENSG00000187566	-0.0407672144319389
ENSG00000137364	0.0047001535655687
ENSG00000112242	0.137190294842907
ENSG00000231754	0.0905898672968034
ENSG00000124766	-0.109396823119944
ENSG00000112293	0.0217648562476011
ENSG00000111802	-0.106692290692665
ENSG00000112304	0.0359994472537454
ENSG00000272345	-0.00200344919880992
ENSG00000112308	0.0124558509625284
ENSG00000272402	0.0629113162317583
ENSG00000288851	0.119481055533035
ENSG00000112312	0.0829675452052989
ENSG00000111913	0.14438027961203
ENSG00000214975	0.393178266181322
ENSG00000079691	0.0360565440963268
ENSG00000112343	-0.0354843837378641
ENSG00000272810	0.125759561317541
ENSG00000275714	-0.250542724949011
ENSG00000187837	-0.735642879370357
ENSG00000010704	-0.0924465150613422
ENSG00000180596	-0.142812092130623
ENSG00000180573	-0.418650050767911
ENSG00000158373	-0.0825301268509694
ENSG00000277157	0.243994948166692
ENSG00000197409	-0.218730699744035
ENSG00000277224	-0.364942048572785
ENSG00000273802	-0.983636048889656
ENSG00000277075	-1.0396038654164
ENSG00000274750	-0.0606194207594779
ENSG00000158406	-0.178202433272601
ENSG00000186470	-0.200812873455347
ENSG00000124508	-0.0235267556432953
ENSG00000124549	-0.00262782549381044
ENSG00000111801	-0.145921900561833
ENSG00000112763	0.0303680688672213
ENSG00000182952	-0.0331721258993204
ENSG00000146109	0.0228350382639565
ENSG00000124635	-0.0642026716848555
ENSG00000197903	0.222874005744761
ENSG00000274997	-0.0332230752985162
ENSG00000204789	-0.0510125325659723
ENSG00000124613	0.0781257751809769
ENSG00000271755	-0.273728468200021
ENSG00000237154	0.191196117587659
ENSG00000096654	0.0245931222543665
ENSG00000287252	0.0894562613894204
ENSG00000278828	-0.326974287856918
ENSG00000273703	-0.215448275166441
ENSG00000275221	0.345299637868292
ENSG00000184357	0.0116468126237768
ENSG00000274641	-0.00711991992319079
ENSG00000269293	-0.0434956587823607
ENSG00000272009	-0.614417077587706
ENSG00000261839	-0.0450850795394044
ENSG00000226314	0.0855147862619704
ENSG00000218016	0.131577092437925
ENSG00000176933	0.00631649653254399
ENSG00000137185	-0.160041115842923
ENSG00000187626	-0.129214248674075
ENSG00000197062	-0.218750374177049
ENSG00000189298	0.0552194744476921
ENSG00000158691	0.0121940212222789
ENSG00000225173	-0.0914122982406684
ENSG00000204713	0.15395023802381
ENSG00000204709	0.0643686650281416
ENSG00000263426	-0.119577334023903
ENSG00000227214	-0.155454259182977
ENSG00000227609	-0.163542134588106
ENSG00000204657	0.156563917726894
ENSG00000233916	0.0626203788815507
ENSG00000204642	0.181959773725988
ENSG00000214922	0.0796563958070191
ENSG00000176998	0.442720637106948
ENSG00000204632	0.013383468866012
ENSG00000281831	0.153601291252949
ENSG00000230521	-0.0926588114534791
ENSG00000206341	0.467509681894346
ENSG00000227262	0.0585065565158025
ENSG00000206503	-0.148767507064425
ENSG00000237669	0.25680626881909
ENSG00000066379	-0.111650878403755
ENSG00000204619	0.125339197458589
ENSG00000204618	-0.0163509438917171
ENSG00000234127	-0.0410405753372308
ENSG00000233892	0.0550977904082418
ENSG00000280128	-0.0956046266000914
ENSG00000204599	0.0171311935173692
ENSG00000241370	-0.00937380098107461
ENSG00000204592	0.127128924109933
ENSG00000204590	0.203716553091036
ENSG00000204576	0.0856471979714303
ENSG00000204574	0.159376613260195
ENSG00000204569	0.334632700244707
ENSG00000204568	0.0916338775839045
ENSG00000137343	0.0962347064402986
ENSG00000204564	-0.0493994511478116
ENSG00000146112	-0.0536435154854561
ENSG00000137404	-0.103340414677794
ENSG00000137337	-0.0345313104693548
ENSG00000196230	0.146639209400317
ENSG00000137312	-0.0491536764980626
ENSG00000137331	-0.0431713032757849
ENSG00000204580	0.0653031148218097
ENSG00000213780	0.156352091433866
ENSG00000137411	-0.000793223352945144
ENSG00000204536	0.099574767550686
ENSG00000137310	-0.105395047615559
ENSG00000272501	-0.00499588235104507
ENSG00000206344	-0.219720491094848
ENSG00000204525	0.249382224112094
ENSG00000234745	-0.102065504006837
ENSG00000277402	-0.0294026313688023
ENSG00000204520	0.267558252801112
ENSG00000206337	-0.0326297398913719
ENSG00000204516	-0.0529411835371966
ENSG00000198563	0.0148251173093047
ENSG00000213760	-0.142104209302167
ENSG00000226979	0.151691823121797
ENSG00000204482	-0.538297384930576
ENSG00000204472	-0.642025784521052
ENSG00000204469	0.322570945277619
ENSG00000204444	-0.435760434894515
ENSG00000204439	-0.0241798061750007
ENSG00000204435	-0.0785771571022525
ENSG00000240053	-0.00307649995330651
ENSG00000204427	0.210293609857484
ENSG00000213722	0.114679821379709
ENSG00000213719	0.0242135594950633
ENSG00000204410	0.109517895149914
ENSG00000228727	-0.0611435555132934
ENSG00000204396	0.0571398623008257
ENSG00000204392	-0.0198676582600224
ENSG00000204390	0.142077674159093
ENSG00000204389	-0.242773881783246
ENSG00000289637	0.38431439950487
ENSG00000204388	-0.217905860639961
ENSG00000204387	-0.179885884831477
ENSG00000237080	-0.0795637319832283
ENSG00000204371	0.316050817378428
ENSG00000166278	0.07941034904885
ENSG00000204366	0.0661617437542439
ENSG00000243649	0.0550895219511651
ENSG00000204356	0.043515352790549
ENSG00000204351	0.266615946962279
ENSG00000204348	0.00405565705426931
ENSG00000204344	0.0721438512302026
ENSG00000244731	0.394949782285975
ENSG00000224389	-0.041179800894542
ENSG00000231852	0.217909871642762
ENSG00000168477	0.183562395970011
ENSG00000286974	-0.0973487272653239
ENSG00000213676	-0.0242140691692169
ENSG00000204314	-0.060668268954895
ENSG00000204310	0.170987193108047
ENSG00000204308	0.108423446293983
ENSG00000204305	0.176782749676323
ENSG00000204304	0.0664339217438349
ENSG00000213654	0.101799158380599
ENSG00000204287	-0.655786619239236
ENSG00000198502	0.0782979005415803
ENSG00000229391	-0.672544064769257
ENSG00000196126	-0.288160379252645
ENSG00000196735	-0.444098218142481
ENSG00000179344	-0.273243615483082
ENSG00000204267	0.209107808085152
ENSG00000204264	0.0171725992390498
ENSG00000204261	0.030550399981741
ENSG00000240065	-0.185447241724338
ENSG00000168394	0.291400877917065
ENSG00000289047	0.0799344169926791
ENSG00000242574	-0.334385524742977
ENSG00000204257	-0.441222479728996
ENSG00000204256	0.120056385021159
ENSG00000204252	-0.664800510910262
ENSG00000231389	-0.760345875409053
ENSG00000223865	-0.296165058588875
ENSG00000224796	-0.495774790705982
ENSG00000204248	-0.190217321081789
ENSG00000204231	0.138101411610279
ENSG00000204228	-0.0999481239620131
ENSG00000204227	-0.117619057698784
ENSG00000272217	-0.0793843499192445
ENSG00000232940	0.108399717973825
ENSG00000231500	-0.204665633110056
ENSG00000237441	0.188453346493134
ENSG00000231925	0.233395944940602
ENSG00000236104	0.0914726832975527
ENSG00000204209	-0.0197806088412705
ENSG00000112511	0.0601297132294595
ENSG00000197283	0.264102245538433
ENSG00000213588	0.120757925727436
ENSG00000030110	0.0511754438669171
ENSG00000096433	0.173915704178071
ENSG00000137288	-0.0376112049598714
ENSG00000266509	0.332007826866891
ENSG00000287089	0.0795136728197059
ENSG00000288879	0.138011676254019
ENSG00000137309	0.151287049504084
ENSG00000186577	-0.19214557202548
ENSG00000272325	-0.0421583625504818
ENSG00000124614	-0.261519688685943
ENSG00000124507	0.0763458228744207
ENSG00000196114	0.0802921661058245
ENSG00000272288	-0.181634673832816
ENSG00000124562	-0.0583223175481439
ENSG00000065060	0.0781342738705473
ENSG00000064995	-0.0566936812815752
ENSG00000272374	0.388837140418725
ENSG00000065029	-0.0324569095622801
ENSG00000112033	-0.0175260520869589
ENSG00000198755	-0.028589498456608
ENSG00000007866	0.165942275840375
ENSG00000096060	0.177398060092543
ENSG00000287458	-0.208351675068375
ENSG00000157343	-0.0963398506214485
ENSG00000096063	-0.00691276971877192
ENSG00000112062	0.0698406559657586
ENSG00000096070	0.0407500580715566
ENSG00000112079	0.0110240395157408
ENSG00000112081	-0.178846512264571
ENSG00000124762	0.443874275665748
ENSG00000137168	0.0860075127595908
ENSG00000137409	0.165979198754517
ENSG00000146192	-0.0883998824865054
ENSG00000137193	-0.0492332389744283
ENSG00000198937	-0.0785179280270463
ENSG00000156639	0.0164753817902183
ENSG00000124767	-0.0349957253283623
ENSG00000112167	-0.0127275069651556
ENSG00000217165	0.0371966444615456
ENSG00000281969	-0.0366324811062214
ENSG00000235033	-0.203084879876405
ENSG00000124615	0.0892482338237738
ENSG00000124602	0.0279258490959434
ENSG00000124596	-0.143250674079113
ENSG00000001167	0.0637632723054803
ENSG00000161911	0.0408384472379657
ENSG00000095970	-0.10760409263887
ENSG00000137166	0.153412551237367
ENSG00000269387	0.151815758223712
ENSG00000278224	0.39582303702373
ENSG00000214736	-0.042811240651352
ENSG00000124641	-0.118416858510462
ENSG00000112576	0.13646132837222
ENSG00000137413	0.105078245329818
ENSG00000112599	0.208816907757088
ENSG00000289216	-0.0184851166707223
ENSG00000048544	0.0831391048826196
ENSG00000024048	-0.0257591241736514
ENSG00000112619	-0.0652628650745733
ENSG00000213435	-0.529251114998344
ENSG00000124659	-0.0845813145362832
ENSG00000112624	0.00461333958479495
ENSG00000146223	0.0643260820435224
ENSG00000287825	-0.0752231140715777
ENSG00000137161	-0.0259268064569976
ENSG00000231113	0.0712562255626807
ENSG00000124713	-0.0664898062322554
ENSG00000124587	0.210168480692063
ENSG00000112640	0.400283466436409
ENSG00000124541	0.0814682595152646
ENSG00000272223	0.263749875069195
ENSG00000044090	0.312453098662269
ENSG00000137171	0.0810955447530516
ENSG00000112658	0.214371609965968
ENSG00000112659	0.208428311173104
ENSG00000245261	-0.152737198166245
ENSG00000146215	0.132705694920167
ENSG00000124574	0.0943224169143006
ENSG00000171462	-0.0126525596190951
ENSG00000171453	0.0134503845433599
ENSG00000137207	0.0938566019119499
ENSG00000170734	0.0582238716518019
ENSG00000172432	0.0697315710389972
ENSG00000124688	-0.00575769300957937
ENSG00000112715	0.463889398014359
ENSG00000287562	0.166617981396838
ENSG00000180992	0.0234851168856408
ENSG00000096384	0.188600536601003
ENSG00000157593	-0.165323038356284
ENSG00000146232	0.0265166005448667
ENSG00000178233	-0.110559015901596
ENSG00000096401	-0.132110325252026
ENSG00000271857	0.0181341160359611
ENSG00000172348	-0.0454895741351028
ENSG00000153291	0.197590505895658
ENSG00000180113	-0.142129915047406
ENSG00000146072	-0.00163426777381764
ENSG00000270761	-0.156887065965069
ENSG00000146085	0.0393927088608446
ENSG00000197261	0.249596913374041
ENSG00000112118	0.154765286366109
ENSG00000170915	0.154331374132315
ENSG00000289276	0.146846407894007
ENSG00000065308	0.00366465556814244
ENSG00000225791	-0.0560014784570972
ENSG00000096092	-0.176619290179239
ENSG00000170899	-0.0390025190772649
ENSG00000112144	-0.26646475907899
ENSG00000112146	-0.0602372959682082
ENSG00000012660	-0.105780577171447
ENSG00000271367	-0.759934898136265
ENSG00000001084	-0.0498835940383551
ENSG00000137269	-0.0296793361132259
ENSG00000146151	-0.0230788768830782
ENSG00000151917	-0.0932778455911286
ENSG00000168116	-0.320386431804419
ENSG00000112200	-0.0717990892468058
ENSG00000112208	-0.0757824542840574
ENSG00000112210	-0.073756623027673
ENSG00000272541	-0.162865790266282
ENSG00000215190	-0.146865460963885
ENSG00000266680	-0.1298609668282
ENSG00000230910	-0.0552301396761405
ENSG00000135298	0.02675968919568
ENSG00000219881	-0.0529676464747478
ENSG00000112280	-0.0372997677127093
ENSG00000082269	-0.0433647753592927
ENSG00000079841	0.00450300281421037
ENSG00000285844	0.200186525543913
ENSG00000185760	0.160813118706458
ENSG00000135314	0.0393268965630777
ENSG00000229852	-0.0145429653200164
ENSG00000203908	-0.0229380131834796
ENSG00000135297	0.0438520985698736
ENSG00000156508	0.00213692718294
ENSG00000119899	0.0523032973077691
ENSG00000231652	-0.406341066762087
ENSG00000112695	-0.0217812765210033
ENSG00000112697	-0.12496174624411
ENSG00000112701	-0.164984763755233
ENSG00000196586	-0.179645762574955
ENSG00000286340	0.0306652694549444
ENSG00000220154	-0.12164898902753
ENSG00000261970	-0.153065343399941
ENSG00000272137	-0.0278581334369627
ENSG00000198478	0.108445259736179
ENSG00000285586	-0.0938434499257485
ENSG00000118402	-0.0432216429800792
ENSG00000272129	-0.121727317572804
ENSG00000260645	0.270899063839705
ENSG00000005700	0.0163916669104717
ENSG00000146242	0.450316367720233
ENSG00000083097	0.026457299266669
ENSG00000013375	-0.0248703388301795
ENSG00000146250	0.0393754792038814
ENSG00000065609	-0.103966469476515
ENSG00000287705	0.0675398762732782
ENSG00000065615	-0.0257053445047917
ENSG00000135324	-0.0434023064677875
ENSG00000135315	-0.019431039940167
ENSG00000112837	-0.0142627425462829
ENSG00000135318	0.0760026192487179
ENSG00000135316	-0.0521501497085723
ENSG00000216990	-0.173466681320583
ENSG00000111850	-0.0153220895495566
ENSG00000164414	-0.0385484418953617
ENSG00000146282	-0.0974474128882125
ENSG00000135336	-0.0707001470596279
ENSG00000135334	-0.0762015766255161
ENSG00000118432	0.0930705098997093
ENSG00000279565	0.0106337426275254
ENSG00000146278	-0.0852868509239425
ENSG00000154548	0.0553118394467104
ENSG00000146281	0.0783811388028717
ENSG00000198833	-0.0380157243906196
ENSG00000025039	0.0438457246590362
ENSG00000083099	0.0191489933340842
ENSG00000112159	0.144000598995145
ENSG00000118412	-0.114657996043678
ENSG00000135333	0.149891158662743
ENSG00000172469	-0.116092675370007
ENSG00000172461	0.0516371798093486
ENSG00000112214	-0.0858805320375278
ENSG00000112218	0.119938387143855
ENSG00000123545	0.00875767167214987
ENSG00000184486	0.111242523158895
ENSG00000112234	-0.106973227879304
ENSG00000146267	0.0628504003185875
ENSG00000112237	0.00221208791361554
ENSG00000260000	0.158119319815792
ENSG00000085382	0.0983764724822454
ENSG00000112276	-0.163381526975448
ENSG00000085377	0.0138579985791758
ENSG00000130347	0.00751622658912432
ENSG00000112320	0.0106963683480774
ENSG00000289433	0.372291629632779
ENSG00000025796	-0.0323164399851856
ENSG00000272476	0.0506675157617698
ENSG00000081087	-0.0157378593649111
ENSG00000225174	0.0934686959383027
ENSG00000112333	0.128145428644615
ENSG00000279398	-0.166086496316557
ENSG00000112335	-0.134273411123749
ENSG00000080546	0.159968621360282
ENSG00000260273	-0.486000104081649
ENSG00000135596	-0.06070271800244
ENSG00000112365	-0.00355699682188915
ENSG00000112367	0.112534303457702
ENSG00000146360	0.460159930374525
ENSG00000286691	0.20802131814325
ENSG00000112290	0.00523380784001414
ENSG00000168438	0.231372903628354
ENSG00000155111	-0.179318913992127
ENSG00000123505	-0.234768938188164
ENSG00000155115	-0.140880740526735
ENSG00000197498	0.0310575764148162
ENSG00000271789	0.0433153320358016
ENSG00000272356	0.20931705438974
ENSG00000286616	-0.0461801017269742
ENSG00000056972	-0.0925391387640625
ENSG00000255389	0.114183276471908
ENSG00000010810	-0.124788273667884
ENSG00000289256	-0.0894498303539677
ENSG00000074935	0.00431259363985411
ENSG00000112769	0.00555980020975271
ENSG00000277443	-0.13518950843239
ENSG00000227502	-0.283986357752371
ENSG00000196591	0.026373098337914
ENSG00000249853	-0.00101357968065755
ENSG00000178425	-0.0596712079891946
ENSG00000187189	0.119544557193779
ENSG00000111817	0.0215782399956352
ENSG00000189241	0.116351338177795
ENSG00000188820	-0.426137662644169
ENSG00000111832	-0.140309729472423
ENSG00000153975	0.0606017918982169
ENSG00000183807	-0.0119908757797681
ENSG00000153989	-0.0704335547235427
ENSG00000230202	-0.510487422318886
ENSG00000111875	-0.0201512819391043
ENSG00000111885	0.0584489650488142
ENSG00000152661	-0.0344023772509734
ENSG00000279453	0.11095027786198
ENSG00000111897	-0.138935839770333
ENSG00000164434	-0.659481455563528
ENSG00000172594	-0.147569969443008
ENSG00000146373	-0.0148409071920016
ENSG00000111907	0.223915303110088
ENSG00000111906	-0.0985428969757511
ENSG00000135547	-0.104116275112511
ENSG00000111912	-0.121724628730081
ENSG00000203760	-0.0778616079682483
ENSG00000217325	0.0527604264161997
ENSG00000287731	0.0987221171045813
ENSG00000093144	-0.107883278451286
ENSG00000213131	0.230004656048082
ENSG00000220522	-0.103276733472903
ENSG00000220694	-0.01030787437233
ENSG00000189367	-0.0773620720614125
ENSG00000214338	-0.0592645314841586
ENSG00000079819	-0.0340029404272091
ENSG00000118507	-0.0241092300577812
ENSG00000112282	0.0243934622071307
ENSG00000118523	-0.127787556074702
ENSG00000079950	-0.131291928042046
ENSG00000286663	-0.102323692404702
ENSG00000146409	0.0869327237976129
ENSG00000112306	-0.119408658138389
ENSG00000200534	-0.0923363488567333
ENSG00000028839	-0.014266681029987
ENSG00000146411	0.140882866898129
ENSG00000118515	-0.234814289127941
ENSG00000112339	-0.129248590914604
ENSG00000135541	0.0405391366018557
ENSG00000171408	0.113571533213249
ENSG00000029363	-0.0273198861518201
ENSG00000260418	-0.227710749299439
ENSG00000272189	-0.265110375405795
ENSG00000197442	0.0582898297020821
ENSG00000112357	-0.000221278009766044
ENSG00000213109	0.232308411981822
ENSG00000182747	0.133787729550676
ENSG00000027697	-0.228853743391189
ENSG00000118503	0.00197118854253645
ENSG00000112378	-0.0449860823973463
ENSG00000051620	-0.214385832499054
ENSG00000135540	0.0148546991661618
ENSG00000225177	-0.143752742303753
ENSG00000024862	-0.0947450029202221
ENSG00000135597	-0.0244853783993887
ENSG00000112406	-0.168964432850337
ENSG00000009844	-0.0384319551138003
ENSG00000010818	0.134740160818533
ENSG00000217648	-0.3965513037762
ENSG00000189007	0.0941972582363172
ENSG00000034693	-0.0941130767582154
ENSG00000001036	-0.24695262139416
ENSG00000135521	-0.0766819812722557
ENSG00000270890	0.185260830277755
ENSG00000118495	-0.0207365477978486
ENSG00000135604	-0.0143873105900144
ENSG00000152818	0.0787091796981779
ENSG00000270638	-0.058399510439912
ENSG00000288056	0.0227345628349199
ENSG00000118496	-0.115250158001158
ENSG00000235652	-0.00136292970977735
ENSG00000118508	-0.156926278910623
ENSG00000164506	0.0187930481676397
ENSG00000203727	-0.00609065419710349
ENSG00000111961	-0.0127562134447026
ENSG00000055208	-0.0553868878292497
ENSG00000177688	0.0212305787015549
ENSG00000131013	-0.127546827408558
ENSG00000055211	-0.0655729211158262
ENSG00000220848	0.0147038008918684
ENSG00000186625	-0.0505707135128411
ENSG00000120253	-0.0892483942316996
ENSG00000120265	0.126004371961162
ENSG00000120256	0.0959212181224948
ENSG00000216906	0.0510150437050848
ENSG00000131015	0.115034997843224
ENSG00000120278	-0.0178788205676121
ENSG00000213089	0.0234488718751091
ENSG00000131016	0.199095636521222
ENSG00000181472	0.105078639106531
ENSG00000155906	0.019760622073763
ENSG00000146476	0.139716380754583
ENSG00000120279	0.00252933875274793
ENSG00000146469	-0.355504035193575
ENSG00000112029	-0.053841476958727
ENSG00000112031	-0.0618386132828511
ENSG00000091844	0.0451831350089534
ENSG00000074706	0.0420094998066855
ENSG00000153721	-0.100139467577936
ENSG00000213079	0.0107547177236549
ENSG00000029639	-0.026537296573217
ENSG00000271265	0.077932603012997
ENSG00000271551	0.129440051510318
ENSG00000218631	-0.0736652954445118
ENSG00000175048	-0.0901761840542873
ENSG00000122335	-0.0976917134225124
ENSG00000272047	-0.0468728306984525
ENSG00000130338	-0.0347505508268076
ENSG00000146433	0.0527671329828941
ENSG00000146425	-0.191382152066537
ENSG00000164691	-0.218093542351413
ENSG00000288845	-0.137159277462919
ENSG00000112096	0.018041433973216
ENSG00000146457	-0.0730418743536071
ENSG00000285427	-0.30202640731294
ENSG00000120437	-0.0696245083265523
ENSG00000120438	0.054680562323835
ENSG00000112110	0.0342117797789779
ENSG00000197081	0.132767587026762
ENSG00000272841	-0.0864587945115001
ENSG00000225683	-0.242711488032856
ENSG00000281692	-0.13646123025206
ENSG00000112531	-0.312215458033133
ENSG00000228692	0.254718866698762
ENSG00000288648	-0.126711449196228
ENSG00000287550	-0.131492764469319
ENSG00000227455	-0.190366588535716
ENSG00000112541	0.20722328395702
ENSG00000281832	-0.132447430405187
ENSG00000176381	-0.662987906000555
ENSG00000286760	0.0653326649742069
ENSG00000280057	0.183100256740434
ENSG00000071242	0.0953630295003008
ENSG00000287690	0.120258474970707
ENSG00000026297	-0.151572482535305
ENSG00000198221	-0.0437436395969832
ENSG00000164488	0.320299649617742
ENSG00000226445	0.00135096030596662
ENSG00000186340	-0.390195170719568
ENSG00000285887	0.0252657206292435
ENSG00000185127	0.0298044112291577
ENSG00000184786	0.00182902732436901
ENSG00000130023	-0.0160342763473562
ENSG00000266896	0.150782147305394
ENSG00000236173	0.275215415272502
ENSG00000288959	0.240413078167103
ENSG00000273100	0.575230033163487
ENSG00000198719	-0.0503570740482067
ENSG00000112584	0.0634861601110671
ENSG00000271234	-0.0928648522527726
ENSG00000261003	0.00658477999935209
ENSG00000288829	-0.215448390041173
ENSG00000008018	-0.0730160879893907
ENSG00000112592	0.00285047758544552
ENSG00000071994	-0.0726808682190441
ENSG00000240859	0.21379937178256
ENSG00000261795	-0.0862102416453261
ENSG00000177706	-0.0806045084014766
ENSG00000249852	0.228951832117284
ENSG00000286710	-0.0230282635419651
ENSG00000223855	-0.651195070082364
ENSG00000237181	0.0333469290223077
ENSG00000164818	-0.00389164777151921
ENSG00000273151	0.0353175418436868
ENSG00000105963	-0.0570834059893008
ENSG00000240230	0.0544873602710055
ENSG00000164850	0.182252176769548
ENSG00000178381	0.0265076810451721
ENSG00000164877	0.046993926627211
ENSG00000225981	-0.0218923153266393
ENSG00000273230	0.274287458074138
ENSG00000157778	-0.109427911631077
ENSG00000230487	0.237277806474498
ENSG00000230444	0.00667926718155943
ENSG00000122687	-0.106083039016766
ENSG00000106266	-0.104622815139053
ENSG00000106263	0.0846763730335858
ENSG00000136213	0.0884670533046324
ENSG00000106009	0.0704609044006769
ENSG00000136295	0.22450405889085
ENSG00000288792	0.164023390923555
ENSG00000174945	0.0299780650698696
ENSG00000146535	0.118151375966999
ENSG00000164916	0.0960664725406796
ENSG00000287665	-0.0206024998413054
ENSG00000242802	0.0197318207547728
ENSG00000136297	0.126838736929092
ENSG00000196204	-0.0955676416780325
ENSG00000157954	0.0650083453123434
ENSG00000182095	0.220683543076083
ENSG00000272953	-0.168648550022013
ENSG00000075624	0.0720377292926473
ENSG00000122512	0.131142026761586
ENSG00000106305	0.0313367967190084
ENSG00000106346	0.0428625177687557
ENSG00000008256	0.23352267995504
ENSG00000178397	-0.154026208494023
ENSG00000136240	-0.0587345879191102
ENSG00000136247	-0.044080278791007
ENSG00000236609	-0.0247136193476037
ENSG00000187953	0.0144934430824799
ENSG00000272732	-0.162262381881402
ENSG00000272894	-0.111808860411902
ENSG00000164654	-0.0011875196785047
ENSG00000106399	0.0248943840241133
ENSG00000106415	0.092522840009273
ENSG00000233264	-0.0658981559094218
ENSG00000003147	0.0832925376145663
ENSG00000227719	-0.0359858280512956
ENSG00000122584	-0.0305186763841687
ENSG00000189043	0.0237462035490944
ENSG00000106443	0.00602409080241394
ENSG00000225606	0.0896826100123723
ENSG00000006747	-0.0517860333169052
ENSG00000122644	-0.0406327058570498
ENSG00000006468	-0.0565019658261981
ENSG00000136267	0.225066355919946
ENSG00000272361	-0.148206204944587
ENSG00000106524	0.160823552089945
ENSG00000136261	0.135396961727973
ENSG00000106537	-0.128908453616978
ENSG00000071189	-0.0526993669465907
ENSG00000105849	-0.0614992389012744
ENSG00000173452	0.188092694062615
ENSG00000105855	-0.0771553138958825
ENSG00000164649	-0.00393671430564069
ENSG00000136244	0.206022971133106
ENSG00000122591	-0.211494984759953
ENSG00000122550	-0.00374217489647452
ENSG00000230042	-0.10282735658323
ENSG00000136243	-0.0646782373524637
ENSG00000226816	0.222486526584499
ENSG00000156928	-0.0863205061577396
ENSG00000164548	-0.140583078650097
ENSG00000169193	0.0958152868958536
ENSG00000188732	-0.200640371719771
ENSG00000105926	0.080566397829896
ENSG00000153790	-0.0203210834592892
ENSG00000270933	0.374690719089916
ENSG00000122565	-0.105193408166888
ENSG00000086300	-0.270345743635723
ENSG00000225792	-0.0601650099428974
ENSG00000122548	0.16999098786982
ENSG00000280255	-0.0169913495831589
ENSG00000106049	-0.00574660559908764
ENSG00000228421	0.459436699531644
ENSG00000272568	0.250177148012014
ENSG00000106069	-0.0667026292005526
ENSG00000285081	0.03013828982573
ENSG00000176532	-0.0248381303268247
ENSG00000288973	0.0407483301570924
ENSG00000122574	0.308118573146278
ENSG00000106080	0.10424813054127
ENSG00000286847	0.0356651105841521
ENSG00000180233	-0.0989285897985597
ENSG00000235859	-0.0745957924867816
ENSG00000106100	-0.0253608355050409
ENSG00000006625	-0.0618093259680141
ENSG00000196295	0.242329854573024
ENSG00000244480	0.641449346702078
ENSG00000106105	0.00210105344872483
ENSG00000240583	0.423734265704092
ENSG00000226421	0.381797083344275
ENSG00000105778	0.056802591278388
ENSG00000273014	0.0417705458191529
ENSG00000281332	0.118345039813417
ENSG00000170852	-0.0807677238414024
ENSG00000205763	-0.0525346001278025
ENSG00000122642	0.0142225550619659
ENSG00000122643	-0.00820043664452953
ENSG00000164610	-0.0266759179830683
ENSG00000173852	-0.0569752693099039
ENSG00000189212	0.0724651031487937
ENSG00000122557	0.0641751883616399
ENSG00000271122	-0.186004128112508
ENSG00000227544	-0.777724975325482
ENSG00000228878	-0.0889684145153016
ENSG00000122547	-0.0450126601552122
ENSG00000164542	-0.0105399617333548
ENSG00000011426	-0.592221287119611
ENSG00000010270	-0.107708063207682
ENSG00000078053	-0.0128372671512574
ENSG00000164556	-0.103043405812378
ENSG00000006715	-0.0347733196967852
ENSG00000241127	-0.163043673357696
ENSG00000006451	-0.0917302214825269
ENSG00000188185	0.0335858451666164
ENSG00000259826	-0.0370598276450718
ENSG00000065883	0.0515045322594109
ENSG00000122641	-0.0816453838298096
ENSG00000224116	0.0352063502955214
ENSG00000106571	0.0764049989021379
ENSG00000136197	-0.228631836200936
ENSG00000106588	-0.105899842397773
ENSG00000106591	-0.119647397848196
ENSG00000164543	-0.0608494741857617
ENSG00000106603	0.0187952861311852
ENSG00000106605	-0.100787547092973
ENSG00000062582	0.0648958297861543
ENSG00000106608	0.107371060447152
ENSG00000078967	-0.0642986893919347
ENSG00000272655	0.0461907755740536
ENSG00000235314	-0.476651040048246
ENSG00000136279	-0.00505034693399795
ENSG00000122678	0.0634904013550307
ENSG00000106624	-0.115390608750516
ENSG00000106628	0.0297205845677445
ENSG00000106631	0.0058383332695072
ENSG00000106633	-0.0465284607798786
ENSG00000106636	0.0754751736306094
ENSG00000058404	0.159412164747272
ENSG00000015676	0.259619020058491
ENSG00000136271	0.0621499736665161
ENSG00000105953	0.187084761542092
ENSG00000122515	0.100092847163956
ENSG00000196262	-0.130675223092335
ENSG00000272768	0.293789795484917
ENSG00000136286	-0.105663717941427
ENSG00000232956	-0.168502794253071
ENSG00000136270	0.118495642972553
ENSG00000122679	-0.125775743889883
ENSG00000164742	0.217783449393527
ENSG00000214765	0.0140854842906057
ENSG00000272556	0.0936030898203004
ENSG00000146678	-0.0927493911573803
ENSG00000146674	-0.272003220655771
ENSG00000286315	-0.166721390274944
ENSG00000136205	-0.102487503322285
ENSG00000136273	0.0346661435967709
ENSG00000183696	0.051638991196587
ENSG00000279578	-0.137682518714054
ENSG00000286658	-0.685794448449068
ENSG00000213673	-0.251418799526657
ENSG00000170419	-0.147460456941716
ENSG00000224223	-0.0117218802788153
ENSG00000132432	0.0345272091128519
ENSG00000146648	0.17445716209191
ENSG00000233977	0.043265963571303
ENSG00000146729	0.0122978790125626
ENSG00000146733	-0.0411381428676004
ENSG00000146731	-0.0265627370557242
ENSG00000129103	0.0438085379091802
ENSG00000164776	-0.16197183714871
ENSG00000106153	0.108314315984417
ENSG00000185290	-0.0950237172887207
ENSG00000230191	0.371369720366408
ENSG00000228660	0.104525117761203
ENSG00000223558	-0.205148406767125
ENSG00000287985	0.202081035659594
ENSG00000232727	0.322603162717697
ENSG00000228653	0.29658021542407
ENSG00000196247	-0.0474674725376228
ENSG00000197008	-0.0944265684707399
ENSG00000287580	0.0463374360491637
ENSG00000234338	0.0171061990490039
ENSG00000213640	0.205725063199425
ENSG00000198039	0.140560651430681
ENSG00000286342	0.0760750687394348
ENSG00000152926	-0.103350335775665
ENSG00000207062	0.595758673899612
ENSG00000146757	-0.131075567148475
ENSG00000228409	-0.11716714292415
ENSG00000236529	-0.041432666625798
ENSG00000196715	-0.0137601700122896
ENSG00000126522	0.0400423574696608
ENSG00000241258	0.0498478650497511
ENSG00000169902	-0.113312071832836
ENSG00000179406	0.0508862899325836
ENSG00000279785	-0.0173732535508094
ENSG00000243335	0.0180320796619448
ENSG00000154710	-0.00728607933219071
ENSG00000273142	0.0607033703910427
ENSG00000274135	-0.234226084695004
ENSG00000106609	0.0426972539956655
ENSG00000126524	-0.10593110512658
ENSG00000106610	-0.0275580763646267
ENSG00000273448	0.224505716600779
ENSG00000185274	0.103593157504806
ENSG00000183166	0.208548041920985
ENSG00000225648	-0.254135561064388
ENSG00000196313	0.148040513761718
ENSG00000289042	-0.162359343916853
ENSG00000130305	-0.00675980612945824
ENSG00000188763	-0.049410543224574
ENSG00000009954	-0.0557923528771532
ENSG00000106638	0.0169039756309617
ENSG00000009950	-0.140870090104297
ENSG00000176428	0.0925694106378019
ENSG00000071462	0.0777110507086358
ENSG00000225969	0.0611279677977663
ENSG00000106683	0.0207438944454477
ENSG00000106682	0.0753337696400929
ENSG00000086730	-0.175906977625299
ENSG00000049541	-0.0150959057523543
ENSG00000006704	0.0448991262400542
ENSG00000158517	-0.0308581115148622
ENSG00000274523	0.190266105894618
ENSG00000174428	-0.046296048892013
ENSG00000223705	0.0541133578477683
ENSG00000272391	0.0757921334337483
ENSG00000127946	-0.187741518374857
ENSG00000127948	0.167480161431513
ENSG00000127952	-0.0605170021759774
ENSG00000146701	0.206213465660773
ENSG00000230882	0.187244851940966
ENSG00000177679	0.126426043947491
ENSG00000106211	-0.122055687822226
ENSG00000289059	-0.162396261848457
ENSG00000170027	0.0278146441762986
ENSG00000146707	0.0724423808848178
ENSG00000127951	-0.283331925415281
ENSG00000127947	-0.115521996759243
ENSG00000214293	-0.0252733066989473
ENSG00000187257	-0.0514824411590325
ENSG00000135211	-0.214195152625908
ENSG00000006576	0.00643588610960319
ENSG00000019991	-0.0425277367880677
ENSG00000153956	-0.0228382861349039
ENSG00000198822	0.0521020433117072
ENSG00000164659	-0.120717764205934
ENSG00000261462	-0.320057542618531
ENSG00000135185	-0.0560614062769553
ENSG00000182165	-0.108387061402672
ENSG00000105784	0.00115335614137895
ENSG00000075303	0.0410423233899609
ENSG00000006634	0.0969247632658852
ENSG00000008277	0.0460353633365502
ENSG00000127954	-0.0771600905802127
ENSG00000235436	-0.0483349471827994
ENSG00000157214	-0.0840105468905133
ENSG00000157224	0.0121099554616678
ENSG00000157240	0.403861872338398
ENSG00000243107	0.0046816641749789
ENSG00000001629	-0.210881486961004
ENSG00000127980	0.0390435798764774
ENSG00000127993	-0.0586944321945563
ENSG00000234545	-6.44934381414473e-05
ENSG00000205413	-0.0355385724176793
ENSG00000177409	-0.163542210697552
ENSG00000004766	0.0101706867278884
ENSG00000105825	-0.103617181758972
ENSG00000278959	0.277245425018603
ENSG00000127995	-0.0722467457815614
ENSG00000127990	-0.173443226002789
ENSG00000242265	0.0901938279389159
ENSG00000158528	0.02206680917441
ENSG00000105852	0.0342313592287768
ENSG00000105854	-0.2039797878358
ENSG00000004799	-0.175780619171453
ENSG00000158560	0.129215000293167
ENSG00000127922	-0.0290235989115581
ENSG00000231764	-0.0591416119587746
ENSG00000006377	0.566590687537697
ENSG00000105880	0.165475835397299
ENSG00000006128	-0.144327769133171
ENSG00000070669	-0.108637703988131
ENSG00000284627	-0.103547429943966
ENSG00000183444	-0.601647613200688
ENSG00000164715	0.198132511193738
ENSG00000205356	0.22877225051391
ENSG00000164713	-0.0293752806485376
ENSG00000272950	0.231855358002895
ENSG00000106236	0.00496986790414336
ENSG00000166448	0.0161922890095289
ENSG00000198742	0.0283278990688905
ENSG00000130429	0.0804548535683132
ENSG00000106244	0.00227552815498242
ENSG00000106245	-0.0743394527666826
ENSG00000198556	0.0139214189607088
ENSG00000160908	-0.0255548697791028
ENSG00000196652	-0.00695994626792881
ENSG00000221909	-0.0603102140882202
ENSG00000244219	0.153838969799357
ENSG00000197037	0.0554972078575376
ENSG00000106258	-0.0950437006247457
ENSG00000273407	0.1567585653763
ENSG00000146833	0.0352877179378163
ENSG00000176402	-0.0852910736877077
ENSG00000160862	0.0312307893207637
ENSG00000166529	-0.0738737164700742
ENSG00000166508	-0.26747293318528
ENSG00000221838	0.123511926081057
ENSG00000106290	0.252361612827859
ENSG00000166997	-0.0348511364127651
ENSG00000214309	0.0324775029219339
ENSG00000188186	-0.111139289058116
ENSG00000146826	-0.0549628918870613
ENSG00000197093	-0.15414501715614
ENSG00000213420	-0.109845192942408
ENSG00000066923	0.0106510138675776
ENSG00000239521	-0.113761433189934
ENSG00000213413	-0.0500567392028094
ENSG00000078319	-0.012139900476894
ENSG00000242294	0.209640938838087
ENSG00000121716	0.0966216841692921
ENSG00000146834	0.176101639596499
ENSG00000160813	-0.213076561071789
ENSG00000185955	0.13197101567863
ENSG00000166925	0.00671044529286006
ENSG00000166924	0.27863322483753
ENSG00000242101	-0.0730110843098927
ENSG00000184414	0.161515883534887
ENSG00000205307	0.252112832084982
ENSG00000077454	0.118028614130726
ENSG00000106330	-0.0660168361346267
ENSG00000077080	0.0212300550258026
ENSG00000172354	0.132733248441753
ENSG00000146830	0.0638879576403959
ENSG00000196411	0.187911921765981
ENSG00000146828	-0.0558638573939216
ENSG00000087077	-0.102020575371187
ENSG00000087087	0.0243874604394512
ENSG00000087085	-0.102571140954866
ENSG00000106366	-0.21819100272157
ENSG00000106367	0.146761169030966
ENSG00000128564	-0.144241991542318
ENSG00000106397	-0.145128511550758
ENSG00000106400	-0.0728214005880797
ENSG00000106404	0.0557364716065174
ENSG00000232445	0.206964639043051
ENSG00000128581	-0.0119343782318653
ENSG00000160963	0.0755739899343522
ENSG00000160999	0.0153464509535659
ENSG00000128563	0.0228768744537603
ENSG00000160991	0.26256164577956
ENSG00000005075	-0.102528588684763
ENSG00000228049	0.151271047984616
ENSG00000213385	-0.360845176887879
ENSG00000128606	0.0537961985588418
ENSG00000161048	-0.148578524563122
ENSG00000105819	0.0451121030776443
ENSG00000105821	0.0536268741710715
ENSG00000161057	-0.111183882789865
ENSG00000164815	0.00147786995257907
ENSG00000228393	0.0382036093632601
ENSG00000272918	-0.121937769567792
ENSG00000135250	-0.0811616247969118
ENSG00000091127	0.0293888218257662
ENSG00000223886	-0.633306451177228
ENSG00000135249	0.0254230762892515
ENSG00000272604	-0.0234873742903676
ENSG00000105835	-0.261090854151643
ENSG00000273320	-0.0167169969412888
ENSG00000253276	-0.351655891141261
ENSG00000005249	0.0545741658288107
ENSG00000105856	-0.0270057935218119
ENSG00000172209	-0.112521535006973
ENSG00000105865	-0.0417578562038047
ENSG00000288558	-0.0879886690366459
ENSG00000241764	0.0577576430422112
ENSG00000105879	0.0444107047981967
ENSG00000091136	0.106940586737412
ENSG00000273055	0.116304668953067
ENSG00000135241	-0.0763890280946549
ENSG00000128590	0.0619335536059595
ENSG00000173114	0.0745537737810917
ENSG00000198839	-0.015764177734935
ENSG00000006652	0.021580179203435
ENSG00000180019	-0.234784972456434
ENSG00000181016	0.147227241886057
ENSG00000164603	-0.00976425122290586
ENSG00000279288	0.109790241995809
ENSG00000164604	0.0407884191880531
ENSG00000214194	-0.0842610470613388
ENSG00000135272	-0.00619599021600903
ENSG00000105971	-0.0811734490655894
ENSG00000198898	-0.100521100377466
ENSG00000227199	-0.320832210388768
ENSG00000077063	-0.0502299368018721
ENSG00000128534	-0.12177218083674
ENSG00000184408	0.0572817246553681
ENSG00000106025	-0.0190498254609685
ENSG00000071243	0.0215667646471063
ENSG00000196937	0.0965195829540777
ENSG00000008311	0.00528781603664427
ENSG00000230316	0.0970140605421701
ENSG00000235631	0.0774002795351291
ENSG00000106299	0.0778851959528646
ENSG00000272686	-0.317190994151417
ENSG00000234224	-0.144259835148781
ENSG00000128513	-0.0764092628141257
ENSG00000048405	-0.0214224798027118
ENSG00000280347	-0.0515572850485839
ENSG00000179562	0.0567466824843947
ENSG00000004059	0.0222383458827175
ENSG00000279078	0.140286807222912
ENSG00000128594	0.0320917121919128
ENSG00000272915	0.394162007127082
ENSG00000106344	0.110905783568066
ENSG00000224940	0.00434595259969503
ENSG00000135245	0.0165672441331025
ENSG00000272601	0.130034372333586
ENSG00000273270	-0.0835272810710406
ENSG00000243302	-0.000364851454372333
ENSG00000230715	0.106328597538541
ENSG00000229413	0.13939306063819
ENSG00000243679	0.141212464271333
ENSG00000281490	0.243366467609233
ENSG00000288884	0.0838653388879571
ENSG00000271553	0.308922140394923
ENSG00000205085	-0.067552589095836
ENSG00000271344	-0.27534904827154
ENSG00000128595	-0.0294146318509335
ENSG00000128596	-0.256802075310936
ENSG00000272899	-0.0419319244794607
ENSG00000128604	-0.16131107882261
ENSG00000275106	0.00487078966164128
ENSG00000064419	0.0433275693625136
ENSG00000244556	0.119889880587251
ENSG00000158457	-0.0851406430041358
ENSG00000128602	0.234411436132668
ENSG00000243230	0.666502645954896
ENSG00000128578	0.306320279894292
ENSG00000199846	1.12947930932564
ENSG00000240204	0.0486723767192766
ENSG00000106459	0.0475792588069386
ENSG00000186591	0.000523988075156212
ENSG00000229196	0.14526619516447
ENSG00000146842	0.0291873764570413
ENSG00000259920	0.0686130405448627
ENSG00000106484	-0.0200550428377624
ENSG00000158623	0.029450609695314
ENSG00000286214	-0.363629083639471
ENSG00000226380	-0.130616796952634
ENSG00000273319	0.0767370759423458
ENSG00000231721	-0.0567518847477265
ENSG00000128585	-0.0406299237118339
ENSG00000236753	-0.00818651135814346
ENSG00000221866	0.0546913794592011
ENSG00000106554	0.0228363787858103
ENSG00000237821	0.070794838463803
ENSG00000205060	0.141704103476423
ENSG00000085662	0.184301589137998
ENSG00000172331	-0.129650505673906
ENSG00000122783	-0.0589756132100749
ENSG00000223500	-0.209758394828629
ENSG00000146859	-0.116445505467042
ENSG00000287733	-0.268273342644891
ENSG00000105875	0.0779696341118213
ENSG00000080802	-0.0062752597297744
ENSG00000155561	-0.00944412609242437
ENSG00000273219	0.386564655237101
ENSG00000105887	0.0944451694673121
ENSG00000105894	-0.181097976810523
ENSG00000157680	0.121912696290642
ENSG00000289438	-0.339698989387549
ENSG00000122779	-0.03369714409773
ENSG00000122778	-0.00662592578094875
ENSG00000105939	0.0472843321937318
ENSG00000157741	0.0456905872742739
ENSG00000146963	-0.117459610812068
ENSG00000236279	-0.0575206445237054
ENSG00000059378	0.0259103287141568
ENSG00000006459	0.0217044774670605
ENSG00000260231	-0.0916265048868446
ENSG00000157800	0.038925307033002
ENSG00000133606	-0.00587619744582963
ENSG00000157764	0.0350192336533831
ENSG00000090263	-0.0195158118993847
ENSG00000261115	0.0564693238405336
ENSG00000006530	0.0576649442523134
ENSG00000244701	-0.13512043159397
ENSG00000257093	-0.0136764425853856
ENSG00000106028	-0.0293526469134315
ENSG00000211707	0.0238297806164267
ENSG00000211750	0.554379333005894
ENSG00000282499	0.561918187098844
ENSG00000288882	0.229311889012902
ENSG00000211772	-0.211054801907918
ENSG00000106123	0.131293057242961
ENSG00000165125	-0.0196190637880661
ENSG00000159784	0.0398198867834967
ENSG00000272619	-0.394487065682473
ENSG00000232533	-0.0878922825453572
ENSG00000159840	-0.0511028562033883
ENSG00000170379	-0.0282861409574979
ENSG00000198420	0.298614729287509
ENSG00000050327	-0.0793495587009989
ENSG00000274118	-0.374606636089914
ENSG00000273314	-0.43324413553013
ENSG00000055130	0.0033976790660873
ENSG00000155660	-0.079692808026267
ENSG00000197362	0.201714430572672
ENSG00000204947	0.170441629402772
ENSG00000240877	0.239813218415442
ENSG00000197024	0.0161160825590194
ENSG00000170260	-0.0758846282612699
ENSG00000204946	0.0372921217262408
ENSG00000244560	0.136325779834126
ENSG00000196453	0.0901983340537917
ENSG00000133624	0.0353759390470175
ENSG00000181444	-0.00291776262168614
ENSG00000197558	0.159818150505442
ENSG00000106479	0.148392847436178
ENSG00000273419	0.0109915862743433
ENSG00000171130	0.0427412597186361
ENSG00000273293	-0.120963937125383
ENSG00000279536	0.226684342060001
ENSG00000127399	0.301834461055848
ENSG00000106538	-0.00540517931405752
ENSG00000214022	0.174432149009914
ENSG00000196456	-0.0898127398100739
ENSG00000284691	0.244898476910122
ENSG00000171115	-0.158863694841786
ENSG00000179144	-0.380281456089999
ENSG00000133574	-0.205334944603972
ENSG00000133561	-0.221156812526177
ENSG00000106560	-0.299410056668393
ENSG00000213203	-0.117882851093023
ENSG00000196329	0.0026631429635224
ENSG00000106565	-0.0370637547706203
ENSG00000002933	0.164295687448302
ENSG00000055118	0.01280154727377
ENSG00000164867	0.195711080592165
ENSG00000181652	0.172282572119791
ENSG00000197150	0.167723936154239
ENSG00000213199	-0.14929592993548
ENSG00000164889	-0.0329516676016898
ENSG00000133612	-0.0699846063499105
ENSG00000033050	0.202404681169733
ENSG00000033100	-0.0366639364845739
ENSG00000013374	-0.0900386271913257
ENSG00000106617	0.0879089705444324
ENSG00000239911	-0.275817644294877
ENSG00000178234	0.100750664815012
ENSG00000229591	0.329415477401134
ENSG00000055609	0.0687910405280228
ENSG00000261455	-0.193200822965454
ENSG00000133627	0.174047580392534
ENSG00000285524	-0.113098972144098
ENSG00000130226	0.156972993305334
ENSG00000286461	-0.0301403013480775
ENSG00000214106	-0.0345297557072846
ENSG00000157212	0.0152855685331144
ENSG00000273183	0.25799675295114
ENSG00000273344	-0.0733726178862011
ENSG00000220575	0.296977080484088
ENSG00000157219	0.0823168355693133
ENSG00000228521	0.15750914766377
ENSG00000278998	0.0217685781206322
ENSG00000273117	-0.228748452690247
ENSG00000260426	-0.334942326589365
ENSG00000164778	0.0574559849299254
ENSG00000184863	0.0481644076308181
ENSG00000164690	0.000874888286484434
ENSG00000224903	0.0842585319765523
ENSG00000105983	0.0724770552611538
ENSG00000146909	0.0336485552062949
ENSG00000009335	0.0899164842684492
ENSG00000105993	-0.0729722374197529
ENSG00000233191	0.115144868264794
ENSG00000155093	0.100826010894482
ENSG00000146918	-0.0334034968319982
ENSG00000117868	0.285794985251976
ENSG00000172748	-0.022635758673015
ENSG00000273402	0.0330575951166369
ENSG00000104714	-0.0171676913796724
ENSG00000282375	0.11385400206822
ENSG00000282692	-0.230393486269163
ENSG00000282021	0.0957853780108463
ENSG00000253982	-0.241183654255287
ENSG00000287464	0.00436837392163073
ENSG00000253764	0.162809905699585
ENSG00000253696	-0.347791045605661
ENSG00000176595	0.209041317842288
ENSG00000289473	-0.103807462346227
ENSG00000287970	-0.265846881858822
ENSG00000246089	0.0853827643770018
ENSG00000091879	0.0718135384584961
ENSG00000271743	0.238129350788513
ENSG00000164821	-0.155512759864124
ENSG00000239839	-0.329056177856492
ENSG00000173295	0.0760683907609998
ENSG00000253958	-0.170583706093098
ENSG00000147324	0.10880331922749
ENSG00000173281	-0.034404886487939
ENSG00000272267	-0.334177669637312
ENSG00000173273	-0.0241524071169607
ENSG00000253230	-0.197150694003426
ENSG00000260093	0.100288355413862
ENSG00000261451	0.10783207945645
ENSG00000272505	0.0497932581062096
ENSG00000171056	-0.122446443809281
ENSG00000269918	-0.161569957763874
ENSG00000177710	0.136130088704613
ENSG00000154316	0.0668880610995701
ENSG00000255020	0.0311379658988309
ENSG00000154328	0.121216891479667
ENSG00000079459	-0.103610829041242
ENSG00000226430	0.28381146937205
ENSG00000223443	0.112869630953479
ENSG00000270074	-0.334823707904394
ENSG00000254917	-0.160640645588731
ENSG00000154359	0.00132129364730518
ENSG00000250305	0.00887494290939427
ENSG00000164741	0.133716196741079
ENSG00000104723	0.0990668831946457
ENSG00000155970	-0.0085837173044793
ENSG00000104219	-0.127034437336028
ENSG00000198791	-0.0392205625731978
ENSG00000155975	-0.0799354091637964
ENSG00000003987	-0.0303523542445196
ENSG00000003989	0.423432220790222
ENSG00000253671	-0.113346541553379
ENSG00000271654	0.0571623872821539
ENSG00000156011	0.0847836614445415
ENSG00000279858	0.523495740197144
ENSG00000175445	0.456052491114144
ENSG00000147416	-0.014735876258563
ENSG00000061337	0.300383929657409
ENSG00000147443	-0.0733658030607627
ENSG00000158806	-0.0238750812190941
ENSG00000158815	-0.141774997434669
ENSG00000158856	0.102182640391309
ENSG00000158863	0.102446116474091
ENSG00000275074	-0.000184759427095728
ENSG00000168453	-0.318646050380952
ENSG00000168476	-0.112630547325778
ENSG00000168490	0.169627672288623
ENSG00000168495	0.17107729884595
ENSG00000104635	-0.00183825800173106
ENSG00000120910	0.0299591422386221
ENSG00000120896	0.00626628759766499
ENSG00000120913	-0.118628776869979
ENSG00000158941	0.14159303167998
ENSG00000253200	0.0675850352386473
ENSG00000261026	0.169412703730208
ENSG00000179388	0.742931470091329
ENSG00000289521	0.29096185249442
ENSG00000245025	0.185509586571213
ENSG00000008853	0.151405921828474
ENSG00000120889	0.0231548373611209
ENSG00000173535	-0.018830511852742
ENSG00000173530	0.136889847511307
ENSG00000147457	0.12758403871217
ENSG00000289584	-0.27635263303447
ENSG00000104679	-0.124530262107914
ENSG00000197217	-0.00956600548069411
ENSG00000147454	0.105604588319296
ENSG00000167034	0.14469500758073
ENSG00000159167	-0.316374602848821
ENSG00000042980	-0.224480428314571
ENSG00000272163	0.255087240053722
ENSG00000104722	-0.0435761143406015
ENSG00000277586	-0.125664778459367
ENSG00000147459	-0.187087270584214
ENSG00000147437	-0.0410621480417615
ENSG00000221914	-0.0856045765514908
ENSG00000240694	0.0864918992609245
ENSG00000092964	-0.233967855417999
ENSG00000120885	-0.0180026322075902
ENSG00000168077	0.0789323048791881
ENSG00000279302	0.166134692168048
ENSG00000147419	0.0467392793875481
ENSG00000186918	0.0987993921320972
ENSG00000214050	0.0967528608662661
ENSG00000254370	0.0544629789333208
ENSG00000012232	0.248225789420502
ENSG00000246339	-0.184773292940341
ENSG00000147421	0.0128758150292129
ENSG00000259366	-0.08109321604042
ENSG00000120875	-0.0720147269375773
ENSG00000289334	0.29138526702487
ENSG00000104660	0.0311884021280051
ENSG00000271869	-0.0354301293018613
ENSG00000104671	-0.197561317207566
ENSG00000285669	-0.0425488799144831
ENSG00000272375	-0.397314590397454
ENSG00000248159	0.0354882140779866
ENSG00000287590	-0.0939573485896425
ENSG00000254109	0.0545667034187731
ENSG00000157110	0.0353876732995162
ENSG00000197265	0.0452452549328836
ENSG00000253457	-0.25848984603622
ENSG00000104691	-0.00903322959527198
ENSG00000253793	0.175583655108108
ENSG00000172733	0.0070629100721454
ENSG00000165392	0.0392474255317208
ENSG00000272338	0.328973219309259
ENSG00000172728	0.0278177062196121
ENSG00000198042	0.016360014458602
ENSG00000133874	0.0171988646367142
ENSG00000253569	0.137474405223411
ENSG00000183779	0.277825580110344
ENSG00000183154	-0.146169440362231
ENSG00000147471	0.119329835789897
ENSG00000104221	0.192344696582431
ENSG00000187840	-0.0657372495531909
ENSG00000260949	-0.143585222801402
ENSG00000272128	-0.376630019467335
ENSG00000129691	-0.0413893646386718
ENSG00000147465	0.161416660060012
ENSG00000175324	-0.0955462916627121
ENSG00000156735	0.0474522570848602
ENSG00000085788	-0.0218477778786673
ENSG00000147535	0.0230208661154456
ENSG00000165046	-0.0531174013580935
ENSG00000077782	0.019856448171503
ENSG00000255201	0.0906282023102004
ENSG00000239218	-0.243262241249511
ENSG00000253570	-0.506367832350569
ENSG00000253829	0.0967053021984713
ENSG00000169499	0.164392026093176
ENSG00000169490	0.0750938753234422
ENSG00000176907	0.331955494364765
ENSG00000272479	-0.280271274062609
ENSG00000158669	0.000340468674807786
ENSG00000083168	0.0375877890569441
ENSG00000253135	0.274022014202557
ENSG00000070718	0.210557703254997
ENSG00000104368	0.0892886526120114
ENSG00000104365	-0.0745210921530978
ENSG00000070501	-0.0819252749617227
ENSG00000078668	-0.0298705193061287
ENSG00000168575	-0.113221695190413
ENSG00000254131	0.0556192321408348
ENSG00000176209	-0.255714464108976
ENSG00000131931	-0.157961943103722
ENSG00000120925	-0.131135900744366
ENSG00000168522	-0.269555883177144
ENSG00000185900	-0.0951616024959733
ENSG00000165102	0.000165220128459595
ENSG00000221869	0.13348333957255
ENSG00000104738	0.29055907825265
ENSG00000169139	0.00938887630085031
ENSG00000019549	0.00449042104252298
ENSG00000168300	-0.0718495435666771
ENSG00000228801	-0.00707504144697336
ENSG00000237807	-0.157544768393869
ENSG00000253667	-0.0148111147040728
ENSG00000120992	-0.0292780141973885
ENSG00000164736	-0.0772394414687037
ENSG00000137574	0.0228288809636775
ENSG00000254087	-0.057816618917404
ENSG00000008988	-0.178636460214355
ENSG00000170791	0.0932463890973414
ENSG00000272343	-0.146433575964746
ENSG00000170786	-0.0543029343480663
ENSG00000181195	0.593751056490808
ENSG00000241431	-0.385867870789567
ENSG00000104331	-0.122400580505143
ENSG00000254139	-0.0986242958195072
ENSG00000215114	-0.0224084496473039
ENSG00000137575	0.0914844219667771
ENSG00000167912	-0.278933177038707
ENSG00000178538	0.0345470740706617
ENSG00000104388	-0.0830362212973558
ENSG00000171316	-0.0944538639429464
ENSG00000254802	-0.00946319733689683
ENSG00000198363	0.0175972357237611
ENSG00000185942	0.0877160286140732
ENSG00000137561	-0.0288489312531999
ENSG00000270673	-0.0886630719839019
ENSG00000185728	0.0111217735669761
ENSG00000261542	0.0228846657661313
ENSG00000287844	0.0839171007953882
ENSG00000254377	-0.219472607296033
ENSG00000180828	-0.40337661061435
ENSG00000254081	-0.2506979637563
ENSG00000272192	-0.704660079538626
ENSG00000147571	-0.654996783017302
ENSG00000179041	0.182509630729497
ENSG00000147576	0.0683180511021363
ENSG00000169085	-0.210307431738063
ENSG00000185697	-0.0590924553903017
ENSG00000288596	-0.0465876627845246
ENSG00000104205	0.0135789469194122
ENSG00000245910	-0.190431335631492
ENSG00000121022	-0.107878178883492
ENSG00000066777	-0.0125724192470994
ENSG00000046889	-0.022772246177804
ENSG00000067167	-0.189789141863158
ENSG00000104313	0.174859609047204
ENSG00000178860	-0.0226680875876231
ENSG00000253636	0.0829124136525237
ENSG00000147604	-0.0430171659395472
ENSG00000040341	-0.0187162115829093
ENSG00000154582	-0.00924151637328311
ENSG00000175606	-0.10912619370631
ENSG00000104381	-0.0464978480129619
ENSG00000253596	0.139201983720173
ENSG00000137558	-0.0263211719159503
ENSG00000121005	-0.0915695532783001
ENSG00000270866	-0.0247204730440723
ENSG00000254305	-0.297919950147382
ENSG00000091656	0.00568463751833454
ENSG00000164751	-0.277068223836078
ENSG00000171033	0.096569474750619
ENSG00000104427	0.0424576611634497
ENSG00000261618	-0.0727204747731572
ENSG00000104435	-0.3016712671209
ENSG00000147586	-0.0481338542001115
ENSG00000272518	-0.163606016378079
ENSG00000076554	-0.175802616027591
ENSG00000251867	0.0550267209713206
ENSG00000260317	0.00186091094895341
ENSG00000188856	0.129714582579682
ENSG00000164684	-0.115234445499165
ENSG00000253516	0.0444449139804297
ENSG00000164687	-0.16998177435129
ENSG00000147588	-0.0728322129838983
ENSG00000280193	0.235010516951265
ENSG00000104231	-0.00968805128584977
ENSG00000104497	-0.0775538422143119
ENSG00000133740	0.0262907707875137
ENSG00000176731	-0.290204837756062
ENSG00000185015	-0.0239975679143068
ENSG00000253549	-0.166473653909047
ENSG00000104267	-0.450172872935315
ENSG00000254231	0.0356302206762886
ENSG00000123124	0.0412657025747128
ENSG00000176623	-0.119418468412705
ENSG00000085719	-0.0648631241095521
ENSG00000104312	-0.0489907134742747
ENSG00000104320	0.0786805792572412
ENSG00000104325	-0.0845629490087968
ENSG00000104327	0.275715362280146
ENSG00000180694	-0.0902313455048329
ENSG00000123119	-0.258023560760011
ENSG00000253738	-0.0888115665629393
ENSG00000155100	-0.156807283616237
ENSG00000253525	0.00192995179373887
ENSG00000205133	1.21161228050061e-05
ENSG00000188343	0.0512184009664324
ENSG00000271971	0.116980761293462
ENSG00000253854	0.107640179334144
ENSG00000183808	0.0646145526813169
ENSG00000164951	0.0782858698828339
ENSG00000264448	0.0594775806080767
ENSG00000164949	0.452195507446152
ENSG00000164944	0.0276899878917013
ENSG00000164941	-0.0372692093575073
ENSG00000175305	-0.213128325498015
ENSG00000175895	-0.0434177953372685
ENSG00000156467	-0.154325518491652
ENSG00000254224	0.126185189874415
ENSG00000180543	0.0859373247221345
ENSG00000147649	-0.153483858079451
ENSG00000104341	-0.156627988313214
ENSG00000156482	-0.170967010651242
ENSG00000177459	0.126114342779632
ENSG00000132541	0.0906546004000852
ENSG00000104356	-0.0463158512882378
ENSG00000104361	-0.0345910974139733
ENSG00000156486	0.190439101796153
ENSG00000272321	0.00481327414309558
ENSG00000253948	-0.0581730065817316
ENSG00000147669	-0.218136646177049
ENSG00000034677	-0.0418709487559284
ENSG00000186106	-0.105990990024495
ENSG00000070756	-0.0757827253085601
ENSG00000260368	-0.228697435555418
ENSG00000164924	-0.123056795815934
ENSG00000271882	0.0411949981405275
ENSG00000048392	-0.171620775475634
ENSG00000155090	0.337579892686082
ENSG00000253669	-0.0457697888355938
ENSG00000155096	-0.000463651719513665
ENSG00000155097	0.00726997961173902
ENSG00000236939	-0.0237226464601715
ENSG00000247081	-0.165771606783594
ENSG00000164930	-0.0420810875522893
ENSG00000286337	-0.156030193723895
ENSG00000164932	-0.185654437393515
ENSG00000164933	0.00560225182053709
ENSG00000164934	-0.127469903979248
ENSG00000288945	-0.132352527057572
ENSG00000271830	0.480972333795585
ENSG00000176406	0.0184507081356047
ENSG00000279138	0.0562432071745145
ENSG00000147650	0.0796843186988861
ENSG00000164830	-0.069271770828079
ENSG00000253676	-0.0902056000936123
ENSG00000104408	-0.107189920263963
ENSG00000289094	0.183908525598725
ENSG00000120526	0.0410495627750375
ENSG00000120533	-0.132088846912606
ENSG00000147642	0.0690987288577248
ENSG00000248050	0.193195913599406
ENSG00000164794	0.145994282299694
ENSG00000254241	-0.116928874990669
ENSG00000147677	-0.0929459174884214
ENSG00000147679	-0.024793829697889
ENSG00000253327	-0.0276665563174926
ENSG00000205002	0.0143458650717243
ENSG00000147676	0.145567236130132
ENSG00000136999	0.218000413014894
ENSG00000064313	-0.0120386717972971
ENSG00000136982	-0.0549428377986909
ENSG00000155792	-0.169103100178118
ENSG00000254343	-0.324508962413406
ENSG00000172172	-0.0361882282031901
ENSG00000272502	-0.187368322002484
ENSG00000272384	0.0525535718047942
ENSG00000178764	-0.00547481963036271
ENSG00000136986	-0.0198021844028335
ENSG00000156787	0.0221591976787825
ENSG00000165156	-0.0490245324965389
ENSG00000156802	0.0169742662076889
ENSG00000156795	-0.0974433345846706
ENSG00000156804	-0.0382352414691985
ENSG00000176853	-0.163402743096697
ENSG00000164983	-0.0889745573302827
ENSG00000183665	-0.0197335283919255
ENSG00000147687	-0.0649661065527811
ENSG00000104549	-0.0148910521450772
ENSG00000164961	-0.104958388056994
ENSG00000173334	0.219421909543948
ENSG00000136997	0.0666784093312954
ENSG00000153310	0.0858345128895726
ENSG00000153317	-0.0250228543360172
ENSG00000132294	0.0306152964274058
ENSG00000184156	0.144568198455382
ENSG00000129292	0.0103072688143195
ENSG00000008513	0.0611940131896633
ENSG00000261220	0.181678776636709
ENSG00000278898	0.0108525989373536
ENSG00000279518	0.103528119651053
ENSG00000259820	0.180796815025221
ENSG00000131773	-0.113909549602331
ENSG00000282164	0.114607410542802
ENSG00000259891	-0.103973632260905
ENSG00000104472	-0.275685322967167
ENSG00000280303	0.381111646951307
ENSG00000169398	-0.248383717157346
ENSG00000105339	0.00592922260120115
ENSG00000253210	0.0548801609687206
ENSG00000022567	0.0160907681735339
ENSG00000184489	0.0446584965243784
ENSG00000271959	-0.127760909309559
ENSG00000287325	-0.16762939774874
ENSG00000171045	0.0145304905384581
ENSG00000261693	0.0419738687187209
ENSG00000181790	0.0315667814931748
ENSG00000198576	0.053747953503883
ENSG00000234616	0.104002513152352
ENSG00000253741	0.173884566394116
ENSG00000283992	0.0675356383157149
ENSG00000180155	0.236694495083713
ENSG00000277494	-0.156983447549897
ENSG00000181638	0.0286170470481008
ENSG00000250571	-0.0801409851545955
ENSG00000253716	0.0259694361980717
ENSG00000185730	0.069185935401722
ENSG00000254389	0.0844738704130616
ENSG00000158106	0.0484691365252669
ENSG00000014164	0.0294285060851576
ENSG00000287576	-0.101467299609179
ENSG00000104518	0.107819708451741
ENSG00000289161	-0.0738684110377549
ENSG00000204839	0.0439340823170463
ENSG00000279605	0.149867310192289
ENSG00000104529	0.00775061591736227
ENSG00000179886	0.19196027203159
ENSG00000104524	-0.0747635347237774
ENSG00000183309	0.103091277838086
ENSG00000181097	-0.0914174368420902
ENSG00000254973	0.144451173102216
ENSG00000180900	0.0221352678805259
ENSG00000179950	-0.022836528052606
ENSG00000287222	-0.0899797514309042
ENSG00000185189	-0.145606150498192
ENSG00000178209	0.220206393440527
ENSG00000178685	0.117376617992321
ENSG00000204791	0.333068073638047
ENSG00000178814	0.0618877574721409
ENSG00000179526	-0.0406448083896956
ENSG00000179632	-0.0484666155335763
ENSG00000179698	0.0171217724117191
ENSG00000235173	0.215699330776194
ENSG00000227473	0.0844417244559238
ENSG00000185122	0.140050254351921
ENSG00000185000	0.0806144045513989
ENSG00000261678	-0.0763595957461463
ENSG00000182325	0.00241936864342183
ENSG00000173137	-0.0771733641872134
ENSG00000147804	0.0123130907111292
ENSG00000187954	-0.007155695323269
ENSG00000167702	-0.00864329133520078
ENSG00000167701	0.179695248608895
ENSG00000167700	0.193590230309193
ENSG00000160957	-0.0333297418994047
ENSG00000213563	-0.122729544170929
ENSG00000147799	-0.0127155212758589
ENSG00000255085	-0.0395073991940415
ENSG00000198169	-0.0818559508416695
ENSG00000196378	-0.0420960752607317
ENSG00000161016	-0.0515866386319023
ENSG00000197363	0.0871923692747779
ENSG00000147789	-0.111031009740756
ENSG00000170619	0.0290718292435172
ENSG00000286681	-0.0534087656105644
ENSG00000196150	0.0835831004808728
ENSG00000170631	0.00507565513865514
ENSG00000196922	-0.205042141784395
ENSG00000255559	0.193029270656157
ENSG00000182307	0.00943907481999597
ENSG00000172785	-0.184943075782349
ENSG00000107104	-0.0231554572903927
ENSG00000080503	0.141285230488922
ENSG00000147852	-0.0307185679328616
ENSG00000289552	0.0293751485341849
ENSG00000106688	0.0276481753239849
ENSG00000205808	-0.245266336221253
ENSG00000106993	-0.00607151794068763
ENSG00000147853	-0.0356918829985504
ENSG00000120158	0.0176807788833398
ENSG00000096968	0.00116763747988651
ENSG00000272866	0.0267532556717741
ENSG00000107020	-0.0595984301470157
ENSG00000120217	0.217566288932541
ENSG00000107036	0.0356644090425936
ENSG00000099219	-0.140821702591211
ENSG00000137040	-0.0923641078274531
ENSG00000137033	0.0568951504340208
ENSG00000147854	-0.167030952093336
ENSG00000178445	0.054135377225688
ENSG00000230581	-0.0785017883182758
ENSG00000137038	-0.0185892937568175
ENSG00000147862	0.0672943013477334
ENSG00000225472	0.0296505982689501
ENSG00000214110	0.350282110273504
ENSG00000155158	0.0260482736914123
ENSG00000164975	0.0833618895280271
ENSG00000164985	-0.0963723304074369
ENSG00000213362	-0.378034562921771
ENSG00000107295	0.140234901977827
ENSG00000147872	-0.166091137735715
ENSG00000137145	0.041754824276565
ENSG00000273226	0.0322254515081392
ENSG00000260912	0.231176640190605
ENSG00000155886	-0.0860049651193907
ENSG00000232158	0.0449439987543817
ENSG00000276667	0.586131816557518
ENSG00000261402	0.0226686462100646
ENSG00000171843	0.038849057662996
ENSG00000188352	0.0889387619788699
ENSG00000188921	-0.0887546030676826
ENSG00000137080	0.0128691998327458
ENSG00000224416	0.19587344951325
ENSG00000198642	-0.285182487074241
ENSG00000235108	-0.674563713441478
ENSG00000099810	0.020934367755852
ENSG00000229298	0.0552805234332322
ENSG00000147883	-0.195228684431077
ENSG00000176399	-0.0513012182569685
ENSG00000107105	-0.227019280399359
ENSG00000198680	-0.299551229534423
ENSG00000137055	0.0480180258376139
ENSG00000120156	-0.0653568528963237
ENSG00000287355	-0.0399875667474636
ENSG00000147894	-0.132036420677048
ENSG00000260412	-0.219668725695101
ENSG00000122729	0.135591247453956
ENSG00000107201	-0.0867130049341503
ENSG00000137074	0.00295673837567828
ENSG00000086061	0.141413409780882
ENSG00000122692	-0.0784045339490262
ENSG00000086062	-0.00209243454274981
ENSG00000107262	-0.0685536601850644
ENSG00000086065	-0.0518785543534624
ENSG00000086102	0.00956599460293449
ENSG00000165271	0.158280349627429
ENSG00000231991	0.220137918524165
ENSG00000281128	0.0567828329790035
ENSG00000260947	-0.0585774461346978
ENSG00000287063	0.0362654151653577
ENSG00000010438	-0.0505001460846542
ENSG00000107341	0.0236397319233993
ENSG00000137073	0.0779955439288771
ENSG00000198876	0.0474259933378688
ENSG00000165006	0.0156929628188646
ENSG00000164978	-0.152301128507143
ENSG00000164976	0.495773014849105
ENSG00000168913	-0.114116302895014
ENSG00000230729	-0.0364659840814692
ENSG00000122756	0.238841680714384
ENSG00000237159	-0.0263319740685867
ENSG00000147955	0.0774397988939731
ENSG00000213930	0.0748476398445626
ENSG00000137070	0.0750359238866791
ENSG00000187186	0.0105850274734545
ENSG00000172724	-0.428311889501655
ENSG00000122733	-0.0697972264585557
ENSG00000137094	0.0153068490592724
ENSG00000273597	-0.24818805036736
ENSG00000279489	0.0156638084088805
ENSG00000286782	0.178892304880526
ENSG00000287868	0.0368015119030331
ENSG00000279608	0.0228924090630747
ENSG00000174038	0.217081634660581
ENSG00000165280	0.129393307335915
ENSG00000221829	-0.0614554948657747
ENSG00000005238	0.0248321655804096
ENSG00000288586	0.351593805445015
ENSG00000107140	0.122659659767701
ENSG00000137078	-0.0250879428810078
ENSG00000198467	-0.10041790661024
ENSG00000070610	0.149171882492654
ENSG00000107185	-0.032116108263214
ENSG00000227388	0.0581989852091515
ENSG00000137133	-0.110479590896916
ENSG00000196196	0.243529872904175
ENSG00000235387	-0.000343912029954895
ENSG00000213866	-0.057773467918872
ENSG00000122694	-0.228115422463302
ENSG00000185972	0.105497023152525
ENSG00000159921	-0.0488123219251772
ENSG00000215283	-0.257602594360069
ENSG00000137075	-0.0191063843806038
ENSG00000137106	-0.193152375746786
ENSG00000168795	0.0858073560400432
ENSG00000137054	0.0988786097712579
ENSG00000070601	0.0257597364009323
ENSG00000107371	-0.063473294128084
ENSG00000122741	-0.0299083136190229
ENSG00000122696	0.0956342747158248
ENSG00000107338	-0.0537639670644173
ENSG00000137124	0.147927279962676
ENSG00000137142	0.208589327377383
ENSG00000243085	0.382259957552178
ENSG00000273036	-0.130056183537799
ENSG00000225345	-0.373269599466362
ENSG00000180071	-0.115717513259872
ENSG00000204860	-0.0979577384138097
ENSG00000223839	-0.00104641360513364
ENSG00000232433	0.133203810800949
ENSG00000279456	0.277900245344575
ENSG00000215126	-0.0344059164189926
ENSG00000279561	0.108071740216293
ENSG00000276412	0.0249683299907474
ENSG00000213816	-0.1367076281565
ENSG00000284471	0.331882441217995
ENSG00000234217	0.124394737242522
ENSG00000234665	-0.219560881460514
ENSG00000235832	-0.250543797368317
ENSG00000235310	0.124156384110656
ENSG00000274893	0.0240897443197361
ENSG00000274026	0.373830246562521
ENSG00000187866	-0.162742245554964
ENSG00000165060	-0.0123552380073899
ENSG00000135063	0.177493192020457
ENSG00000107282	0.00348285219837505
ENSG00000188647	-0.273769914351533
ENSG00000198887	-0.0515055697479455
ENSG00000119138	0.174373111058526
ENSG00000135048	0.210859283953989
ENSG00000155621	-0.048109377094131
ENSG00000236060	-0.189293113296895
ENSG00000198963	0.0269121650124257
ENSG00000135045	-0.0360238959616773
ENSG00000156017	0.064494804362599
ENSG00000134996	-0.206964283609368
ENSG00000135002	0.0508626698591793
ENSG00000197969	0.00322959851856227
ENSG00000148019	-0.169825302106842
ENSG00000135069	-0.255346019284131
ENSG00000196781	0.253009878667591
ENSG00000135018	0.0639195622327054
ENSG00000254473	0.0434354696366186
ENSG00000165113	-0.094811457569219
ENSG00000165118	-0.0863896080164423
ENSG00000178966	-0.0237615096736279
ENSG00000148053	0.216791810447487
ENSG00000285634	0.0368353834799428
ENSG00000135049	-0.201190637696659
ENSG00000230303	-0.0378724216271933
ENSG00000165121	-0.0754739287654777
ENSG00000289214	0.0628916384340323
ENSG00000135040	-0.00228131331441244
ENSG00000135070	-0.0678901834367825
ENSG00000083223	0.0387611683748321
ENSG00000180447	-0.0248675071358111
ENSG00000106723	0.0227379920975304
ENSG00000213694	0.148209260808769
ENSG00000148082	0.15303766629863
ENSG00000224945	-0.0852444902266724
ENSG00000123975	-0.143347242268425
ENSG00000187742	0.115127887031825
ENSG00000231799	-0.00183033399894869
ENSG00000130222	0.342436947881222
ENSG00000165023	-0.239469403160309
ENSG00000165025	-0.0458187193402405
ENSG00000289123	-0.306522203861617
ENSG00000273381	0.0726844799529195
ENSG00000148090	-0.0372544909903789
ENSG00000165030	-0.155963331950728
ENSG00000233081	-0.301006661104707
ENSG00000196305	0.195082593842992
ENSG00000198000	-0.057283816571965
ENSG00000106809	-0.117092988979074
ENSG00000127083	0.135239974449769
ENSG00000106819	0.106609375876301
ENSG00000127080	0.0612069905337308
ENSG00000185963	0.0621663800937422
ENSG00000288062	-0.055018259872266
ENSG00000187984	-0.0711162126510009
ENSG00000275318	-0.157172799950611
ENSG00000157303	-0.121347003972623
ENSG00000165233	0.00656646319393082
ENSG00000131669	0.095202408126973
ENSG00000165238	0.0719223986633652
ENSG00000204352	0.108346925923798
ENSG00000188938	-0.108202891541599
ENSG00000048828	0.0148245012079751
ENSG00000289031	0.00142668215827401
ENSG00000158079	-0.028411099492256
ENSG00000269929	-0.0497710906180039
ENSG00000148110	0.0276303118793968
ENSG00000148120	-0.0996786698373356
ENSG00000223849	-0.012042388582331
ENSG00000271659	-0.125583849272103
ENSG00000182150	0.010041491331698
ENSG00000225194	0.0287745560705753
ENSG00000275465	0.467848930992911
ENSG00000165244	-0.0583487574966211
ENSG00000130956	0.189775855805843
ENSG00000158122	0.0284972779955348
ENSG00000081386	0.0254155603673756
ENSG00000228376	0.254053426999718
ENSG00000196116	-0.0900827594077671
ENSG00000136842	0.317807584637869
ENSG00000136925	-0.0251332754745172
ENSG00000136937	-0.0704390358344366
ENSG00000136936	-0.103519439379773
ENSG00000136932	-0.0816483598859003
ENSG00000095380	0.0637824806414033
ENSG00000165138	-0.154954237814853
ENSG00000119523	-0.0229151651241754
ENSG00000106803	0.0338030723236334
ENSG00000222337	-0.0617748271644462
ENSG00000255815	-0.00471434942355162
ENSG00000119508	0.0191093512772395
ENSG00000023318	-0.00343494152530497
ENSG00000136891	-0.0149454545147566
ENSG00000066697	-0.163920561079547
ENSG00000241697	-0.173522606792098
ENSG00000170681	-0.232373449931716
ENSG00000148123	-0.101652748655019
ENSG00000136897	-0.070177377752969
ENSG00000136870	-0.0217088477685686
ENSG00000165152	0.019972164482429
ENSG00000155827	-0.0639068839050348
ENSG00000136824	-0.0406779006239389
ENSG00000165028	0.0701969880863433
ENSG00000165029	0.0425211969929103
ENSG00000226334	-0.051457898316263
ENSG00000289227	-0.182659316026404
ENSG00000106692	-0.0115188467277613
ENSG00000148143	0.0114930805054418
ENSG00000136826	-0.0394625647780657
ENSG00000070061	0.0186515493537263
ENSG00000119328	0.0164963548674398
ENSG00000119326	-0.105233541484962
ENSG00000106771	0.0739911483873397
ENSG00000260230	0.127583101971774
ENSG00000157654	-0.0689569182573949
ENSG00000136810	-0.199703111109176
ENSG00000242616	-0.122739059899649
ENSG00000148154	-0.0564763284676995
ENSG00000259953	0.262565995639882
ENSG00000106868	0.0340178239188947
ENSG00000119314	0.00997074171235066
ENSG00000119471	0.0288438304156729
ENSG00000165185	-0.0376600771897141
ENSG00000148153	-0.0536559520285649
ENSG00000226609	-0.223711226735553
ENSG00000148158	-0.284944909926164
ENSG00000271631	-0.143065450246078
ENSG00000228623	-0.163419783454495
ENSG00000136866	-0.0775965049518043
ENSG00000225684	0.0851087682917037
ENSG00000231528	-0.083499309792621
ENSG00000136867	-0.372743204803735
ENSG00000119321	0.025726584394198
ENSG00000136868	0.0710138214780175
ENSG00000176386	-0.0391834430919967
ENSG00000136875	0.086308877677565
ENSG00000148229	0.0462980016436129
ENSG00000196739	0.00963098579451055
ENSG00000229314	0.0945128265887563
ENSG00000136888	-0.147240853981684
ENSG00000157693	0.107107015846108
ENSG00000226604	0.0680376338086367
ENSG00000119401	0.109517929706799
ENSG00000136869	0.221195744422399
ENSG00000078725	0.231079511149912
ENSG00000119402	-0.0376236896429264
ENSG00000095261	-0.0773941327053997
ENSG00000119403	0.0128259631954124
ENSG00000056558	-0.0837547982760828
ENSG00000106804	-0.0238620429728121
ENSG00000148180	-0.155837969072283
ENSG00000148175	0.0981739901285225
ENSG00000136848	0.162268721550901
ENSG00000175764	0.0964520409571642
ENSG00000119421	0.0474788671670106
ENSG00000119446	-0.00879318552424697
ENSG00000095303	-0.0602144665225918
ENSG00000056586	-0.00535066434455266
ENSG00000011454	0.00654678655619342
ENSG00000165209	-0.0321652174849777
ENSG00000148204	-0.282013541910986
ENSG00000106689	0.285947858268636
ENSG00000236668	-0.195417164624528
ENSG00000234921	0.371833965514197
ENSG00000119408	0.150026135078125
ENSG00000136930	-0.0327084874625357
ENSG00000185585	-0.210749662358983
ENSG00000136942	-0.235571010348646
ENSG00000136950	0.0469439995662774
ENSG00000136935	-0.0133707868053353
ENSG00000119414	-0.118501277733667
ENSG00000232630	0.217603755583915
ENSG00000136933	-0.0655632994346698
ENSG00000044574	0.285192968417805
ENSG00000165219	-0.0230737677879832
ENSG00000167081	0.0637734301403207
ENSG00000196814	-0.0667407540383278
ENSG00000279137	0.0285505969368369
ENSG00000286428	0.291481918403688
ENSG00000169155	0.143550920138122
ENSG00000177125	0.0868433964145021
ENSG00000136828	0.0175870896159563
ENSG00000136859	-0.446954603925182
ENSG00000271833	-0.0577771460488107
ENSG00000136856	0.0584341623973146
ENSG00000196152	0.138131234318881
ENSG00000197958	-0.302797141236256
ENSG00000201302	0.231281079793585
ENSG00000148356	0.123587187483515
ENSG00000136830	0.0549364756591653
ENSG00000136854	0.075338040990895
ENSG00000095370	0.0720522978155508
ENSG00000136807	-0.0168209241407019
ENSG00000136877	-0.114387254310272
ENSG00000225032	0.230442568232221
ENSG00000106992	-0.17207647857277
ENSG00000160408	0.303206711418562
ENSG00000136840	0.28790973857268
ENSG00000167103	-0.0609534466528092
ENSG00000227218	-0.128002062064451
ENSG00000136908	-0.049304382533404
ENSG00000167106	0.203530899625029
ENSG00000171169	0.0683509618194857
ENSG00000148339	0.33253883073486
ENSG00000234771	0.0476614650670995
ENSG00000148334	0.18191915685577
ENSG00000232850	0.139381443674236
ENSG00000148346	0.121698333201323
ENSG00000106976	-0.132361971344334
ENSG00000175854	-0.0118766162202063
ENSG00000167112	0.0801058320234619
ENSG00000272696	0.279104381059057
ENSG00000167113	0.0558897352965404
ENSG00000167118	-0.00551977264737106
ENSG00000207955	-0.655599309372549
ENSG00000225951	-0.383705139157961
ENSG00000119392	0.00207571235806625
ENSG00000280758	0.21226467805798
ENSG00000119333	0.062023262807509
ENSG00000160447	0.0791801773742758
ENSG00000160445	0.0543352027405729
ENSG00000198917	0.162745954226946
ENSG00000171097	0.118256563664176
ENSG00000136802	0.247119873016199
ENSG00000175287	-0.151051377167442
ENSG00000175283	-0.0315613304469183
ENSG00000095319	0.0547707579979776
ENSG00000267834	0.119411029812735
ENSG00000148341	-0.256992782584128
ENSG00000167130	-0.0925969517273294
ENSG00000095321	0.25166873701393
ENSG00000268707	-0.108199187519136
ENSG00000188483	0.0405368473802001
ENSG00000179082	-0.0279491167677257
ENSG00000233901	-0.0966194634763921
ENSG00000236146	0.209251851364755
ENSG00000204054	-0.0245990795544857
ENSG00000227619	0.14505081556978
ENSG00000179058	-0.202788549438642
ENSG00000148344	0.0160784111306958
ENSG00000136816	0.0981139712925313
ENSG00000136827	0.031920940313779
ENSG00000136819	-0.0381771947429249
ENSG00000288924	-0.460738515938004
ENSG00000270755	0.0498223338135698
ENSG00000130713	0.0372405142477217
ENSG00000097007	0.0343837258143894
ENSG00000130720	-0.0333147809507512
ENSG00000126883	0.0546555300527456
ENSG00000126882	0.17243989841162
ENSG00000130714	0.104245094923746
ENSG00000130717	0.0180645438050398
ENSG00000107263	0.352059964446447
ENSG00000107290	-0.00880575449798804
ENSG00000125482	0.0270014695771232
ENSG00000125485	0.0114833114885745
ENSG00000125484	0.0449815006198196
ENSG00000165698	-0.00663772506804809
ENSG00000288989	0.129613596069318
ENSG00000148308	0.00182935561981691
ENSG00000170835	0.0606727928148877
ENSG00000160271	-0.155732243544415
ENSG00000148288	0.121065134855245
ENSG00000148296	0.0113443739104772
ENSG00000148297	0.151697311245183
ENSG00000148303	-0.0190711976824327
ENSG00000148248	0.0892599249431086
ENSG00000198870	-0.035602856966308
ENSG00000148300	0.0905623904870922
ENSG00000160323	0.0864361507504365
ENSG00000160325	0.0662233344887612
ENSG00000160326	0.0521951841547372
ENSG00000196990	-0.283947159181528
ENSG00000225756	-0.0410896174053409
ENSG00000123453	-0.012413435176987
ENSG00000160293	0.00937991918449321
ENSG00000169925	0.0470178106629949
ENSG00000273249	0.052055847939394
ENSG00000196363	0.0522781456970815
ENSG00000186350	0.253087397799028
ENSG00000225361	-0.0346907342018121
ENSG00000196422	0.145628106197681
ENSG00000226706	-0.0776336807536481
ENSG00000148386	0.279292504152199
ENSG00000165643	-0.206520290422853
ENSG00000107147	0.0191991066970319
ENSG00000130559	0.163069588797956
ENSG00000238058	-0.0177214069470074
ENSG00000130560	0.0709163339313545
ENSG00000148411	-0.00602935366658842
ENSG00000238227	0.304975862035757
ENSG00000275329	0.203244706655781
ENSG00000187796	-0.0849722571379465
ENSG00000165684	0.257294256618345
ENSG00000165689	-0.0453752293138945
ENSG00000165688	0.0555029875251877
ENSG00000148396	0.146245496400008
ENSG00000196366	-0.153710561388381
ENSG00000148400	0.0457077588613795
ENSG00000237886	-0.0701395047872868
ENSG00000169692	0.0275285530161448
ENSG00000187922	0.22957078057628
ENSG00000267206	0.285603852960997
ENSG00000213213	0.0107072688712646
ENSG00000228544	-0.0317883215486263
ENSG00000196642	0.175173873601308
ENSG00000232434	0.0378324706311588
ENSG00000054148	-0.0968371064770088
ENSG00000177943	0.120127708770935
ENSG00000127191	0.0527292034035967
ENSG00000260190	-0.160959648128377
ENSG00000184925	0.349045482134673
ENSG00000107317	-0.193573762818909
ENSG00000214402	0.307670471734866
ENSG00000180539	-0.0263354232039931
ENSG00000107281	0.159237731704815
ENSG00000054179	-0.0132622890877997
ENSG00000186193	-0.112248435175759
ENSG00000268996	-0.200949584131573
ENSG00000177239	0.047084672446901
ENSG00000176978	0.0514475536713745
ENSG00000176884	-0.121497677884559
ENSG00000176248	0.0524775008535788
ENSG00000176101	-0.18084597507892
ENSG00000188566	0.091617758678457
ENSG00000212864	0.00848824496268304
ENSG00000188229	0.123634477637509
ENSG00000275549	0.163615868361429
ENSG00000198113	0.165353572489204
ENSG00000198435	0.174547536323951
ENSG00000187609	-0.0160596558962128
ENSG00000188747	-0.0211524580840335
ENSG00000165802	0.0121556134241027
ENSG00000130653	0.191739625011085
ENSG00000182154	-0.193217596068774
ENSG00000148399	-0.00636566073353981
ENSG00000197070	0.117760257137046
ENSG00000181090	0.0431335169167137
ENSG00000148408	0.160099126319813
ENSG00000015171	-0.0306558113061298
ENSG00000151240	-0.00964721295424669
ENSG00000180525	-0.118837907702192
ENSG00000107929	0.0360799938622759
ENSG00000107937	0.0452081304024573
ENSG00000232656	-0.132275864661814
ENSG00000067064	-0.151277539016989
ENSG00000047056	0.0242860216203445
ENSG00000185736	-0.14230071141266
ENSG00000287560	0.395309771978151
ENSG00000067057	0.173234512940069
ENSG00000067082	-0.0518098151090737
ENSG00000187134	-0.0861430132062258
ENSG00000196139	-0.0685646815839506
ENSG00000173848	-0.186473949437464
ENSG00000205488	0.000684068983060213
ENSG00000287566	0.0459575697262017
ENSG00000108021	0.0297995823091963
ENSG00000057608	-0.0643877081966278
ENSG00000134461	0.0506512814221246
ENSG00000232807	-0.120675455060884
ENSG00000134470	0.153287442648699
ENSG00000134453	-0.158941792075348
ENSG00000170525	-0.027008931097453
ENSG00000288915	0.303950245320757
ENSG00000237943	-0.4451533526691
ENSG00000198879	-0.0754281439621936
ENSG00000123243	0.216362626730971
ENSG00000151655	-0.0473737003403205
ENSG00000151657	-0.065424289931555
ENSG00000270111	0.0110394116550294
ENSG00000289328	-0.0168790678237951
ENSG00000181800	0.0072516730143342
ENSG00000148429	0.0361394332948826
ENSG00000134463	0.258700419322474
ENSG00000225778	0.131535463794763
ENSG00000151461	-0.0335918987162797
ENSG00000181192	0.0660293917416138
ENSG00000065665	-0.11151178230363
ENSG00000165609	-0.0216664919500954
ENSG00000151465	0.0588494419638771
ENSG00000228302	0.033637873447281
ENSG00000183049	0.22340480958497
ENSG00000151468	0.0985904350371474
ENSG00000225251	0.0902219170417448
ENSG00000123240	-0.0452995994016265
ENSG00000107537	0.0837255688197172
ENSG00000086475	-0.0198347434566378
ENSG00000165626	0.0470241501142076
ENSG00000165630	-0.0403129150205975
ENSG00000273474	0.275233776228804
ENSG00000185267	-0.0864169274472072
ENSG00000284024	-0.0497735558546946
ENSG00000187522	-0.142376774003394
ENSG00000152455	-0.0321532287854512
ENSG00000152457	-0.0223414024683835
ENSG00000228547	0.0247773722691568
ENSG00000182531	0.216663943026495
ENSG00000176244	0.128541436099484
ENSG00000176236	0.257008081212796
ENSG00000152464	-0.0454918189155241
ENSG00000152465	-0.0354760958250914
ENSG00000148468	0.275856848613053
ENSG00000148481	-0.127809601667547
ENSG00000148484	-0.0242343849611989
ENSG00000026025	0.0195967540993531
ENSG00000260589	-0.064884668100784
ENSG00000136738	-0.178786821024841
ENSG00000148482	-0.0909855170058813
ENSG00000165995	0.0565292874130443
ENSG00000241058	0.013099995342459
ENSG00000165997	0.103968866021246
ENSG00000285852	-0.297080209396571
ENSG00000120594	-0.0912342238711702
ENSG00000078114	0.0593097703291779
ENSG00000231920	-0.0306658674637226
ENSG00000204682	-0.0806198666954614
ENSG00000180592	0.052732167747076
ENSG00000078403	0.0288548210504354
ENSG00000286881	-0.371060575599893
ENSG00000261671	0.0870860204254986
ENSG00000148444	-0.192331772450493
ENSG00000168283	-0.28156189964619
ENSG00000168267	0.189180088643728
ENSG00000165312	-0.226684818724664
ENSG00000185875	0.0038014189446948
ENSG00000233642	-0.163946561932919
ENSG00000151025	0.108913617146369
ENSG00000136750	0.0362127007755566
ENSG00000077420	-0.0539302891469211
ENSG00000283709	0.184699604237129
ENSG00000136758	-0.0399023702833579
ENSG00000120539	-0.0181261935079046
ENSG00000213770	-0.134001507828285
ENSG00000254635	-0.14120740912824
ENSG00000095787	-0.0599169705917921
ENSG00000095739	-0.329350431841314
ENSG00000107951	-0.0851416015447317
ENSG00000107968	-0.128731441465215
ENSG00000148516	0.00410971582311247
ENSG00000289412	-0.104662394907138
ENSG00000165322	-0.110136033781068
ENSG00000120616	-0.00640609600832231
ENSG00000099250	-0.0168607285553775
ENSG00000108094	0.0272027110861252
ENSG00000108100	0.111898427135525
ENSG00000271335	-0.0407603322710169
ENSG00000177283	-0.0273718149315728
ENSG00000229644	0.177433676287561
ENSG00000198105	0.0500083612214258
ENSG00000175395	0.147556307093337
ENSG00000189180	-0.147858279183014
ENSG00000075407	-0.183431449484695
ENSG00000276805	0.029814503396738
ENSG00000196693	-0.0958856685371257
ENSG00000285884	0.112518683113962
ENSG00000259869	-0.166551763670752
ENSG00000165733	0.0187439086890593
ENSG00000273008	-0.16602482997833
ENSG00000169826	-0.241822573425928
ENSG00000198915	0.0436575271648249
ENSG00000150201	-0.318034939624347
ENSG00000169813	-0.240989875805423
ENSG00000230555	0.290686146191019
ENSG00000196793	0.0549984932817814
ENSG00000198298	-0.0718480826231983
ENSG00000169740	-0.104818015018063
ENSG00000230565	-0.0136290840787691
ENSG00000229116	0.0701568236547459
ENSG00000107562	-0.201447193071324
ENSG00000107551	-0.0593386629542268
ENSG00000165507	-0.57243217280497
ENSG00000165511	-0.0760568325557306
ENSG00000165512	-0.365127313304855
ENSG00000012779	-0.167803173091206
ENSG00000165406	-0.0488810799971842
ENSG00000172661	-0.170689972867056
ENSG00000265354	-0.114818985268719
ENSG00000266412	-0.112654074893315
ENSG00000289092	-0.112788029695264
ENSG00000204175	-0.217765231126596
ENSG00000266524	0.584147429593597
ENSG00000265763	-0.279000160176639
ENSG00000107643	-0.0570901155530345
ENSG00000279822	-0.0806008809534636
ENSG00000128805	-0.104530791255915
ENSG00000165633	0.065202348692267
ENSG00000225830	0.0257163706112068
ENSG00000187714	-0.422931991177758
ENSG00000197444	0.204964741631976
ENSG00000227345	0.0103881819816809
ENSG00000204152	-0.000740702211270273
ENSG00000099290	-0.0262546034900276
ENSG00000198964	-0.0533597124744664
ENSG00000279863	-0.0915356911095513
ENSG00000226200	0.00467412602811059
ENSG00000204147	0.0326158892408539
ENSG00000177613	-0.0867373613829116
ENSG00000151151	-0.0527571222114966
ENSG00000072401	-0.0490544489260427
ENSG00000108064	-0.0421325596176327
ENSG00000165443	-0.368681665050839
ENSG00000165449	0.151734030337121
ENSG00000151150	-0.134911730686482
ENSG00000272592	-0.00169025251596737
ENSG00000288011	-0.0741194255934747
ENSG00000138311	0.0376665858912022
ENSG00000181915	-0.22851312311045
ENSG00000122877	0.561095157506879
ENSG00000148572	-0.00681300094267343
ENSG00000171988	-0.0552380609682495
ENSG00000272767	0.0640704308882247
ENSG00000198739	0.0297115594780744
ENSG00000108176	-0.0734652012023771
ENSG00000096717	-0.0746242363522863
ENSG00000226318	-0.0809832134617598
ENSG00000108187	-0.109949996495862
ENSG00000096746	-0.0112981663922761
ENSG00000204130	-0.188144575510193
ENSG00000138346	-0.0219014575924585
ENSG00000122912	0.00166153177049097
ENSG00000260400	-0.0397590622712278
ENSG00000165730	0.0920233040280238
ENSG00000107625	0.03200596731245
ENSG00000165732	-0.0542865265877916
ENSG00000214875	0.0126111811515364
ENSG00000122862	-0.313417531168249
ENSG00000122958	-0.0983062049203449
ENSG00000156502	-0.114326418899013
ENSG00000236154	-0.210027241382834
ENSG00000171224	0.075539081445389
ENSG00000224222	0.0945140546280357
ENSG00000042286	0.102453759671322
ENSG00000156521	-0.0111761155158886
ENSG00000079332	-0.0184501996376212
ENSG00000180817	-0.0813489057027049
ENSG00000148730	0.13845399633469
ENSG00000280401	-0.126670580888564
ENSG00000180644	0.336362927648244
ENSG00000166224	-0.0840624409643103
ENSG00000166228	-0.0191859227952386
ENSG00000198246	-0.0421611698895966
ENSG00000214688	0.0806188288200868
ENSG00000107738	0.0933110846334174
ENSG00000289592	0.317058671612073
ENSG00000122863	0.240426649263273
ENSG00000138303	-0.0894245337541995
ENSG00000226701	0.00873770898946268
ENSG00000166295	0.0172115940972129
ENSG00000289506	0.131084389877681
ENSG00000168209	-0.01629231031594
ENSG00000107745	0.013035623298907
ENSG00000272627	-0.0235629946842364
ENSG00000213700	-0.0473783617229054
ENSG00000122884	-0.0295561557443755
ENSG00000166321	-0.00174577042513932
ENSG00000272599	0.14867628431182
ENSG00000122882	0.03825860946415
ENSG00000138286	-0.103018739673207
ENSG00000213551	-0.000120974107883829
ENSG00000288559	0.272555557764874
ENSG00000138279	-0.00082363879211338
ENSG00000166343	0.0753695565843483
ENSG00000107758	0.168217641436482
ENSG00000272791	-0.0150551378876912
ENSG00000242338	-0.0372599810641465
ENSG00000250959	-0.155251745724449
ENSG00000235316	-0.0233049684886005
ENSG00000270808	0.0122719863283014
ENSG00000279088	-0.162263592889284
ENSG00000176986	0.205019885424549
ENSG00000279689	-0.00555439064818875
ENSG00000288823	0.0292046319155456
ENSG00000172586	0.00783107749378576
ENSG00000214655	0.113513221390107
ENSG00000272589	0.0265194135581259
ENSG00000166507	0.061269880921347
ENSG00000122861	-0.271764079378963
ENSG00000185009	-0.0879820149568112
ENSG00000156650	0.00878330898560784
ENSG00000156671	-0.0895712870570003
ENSG00000165637	0.0538200610115528
ENSG00000236797	-0.244073851224199
ENSG00000165655	-0.00834191403070666
ENSG00000272692	0.124710646362252
ENSG00000156113	0.067093089020923
ENSG00000151208	0.0191155530174345
ENSG00000148606	0.0785389759436989
ENSG00000138326	-0.340345157091657
ENSG00000228683	-0.0384199890657869
ENSG00000108175	0.127026565598663
ENSG00000108179	-0.0161934433398908
ENSG00000165424	-0.0870932546388274
ENSG00000253626	0.139360714094431
ENSG00000185303	0.71751117690155
ENSG00000280355	-0.145761846237737
ENSG00000278616	0.103059576455146
ENSG00000242600	0.585944670579556
ENSG00000230091	0.00643394901346317
ENSG00000133678	0.0204049806857388
ENSG00000122359	0.227548726368109
ENSG00000122378	0.124968362281512
ENSG00000108219	0.0365820314199312
ENSG00000285972	-0.580177569990389
ENSG00000148600	0.0576999024586498
ENSG00000204033	0.0300360606599433
ENSG00000148604	-0.0949515681531735
ENSG00000107771	-0.0581749675188495
ENSG00000288218	0.0372699708450072
ENSG00000279910	0.0563677850501118
ENSG00000280134	-0.0661300404925467
ENSG00000287475	0.0746349519301249
ENSG00000062650	-0.0390189063527562
ENSG00000272631	0.17303158365529
ENSG00000107779	-0.00559450487834311
ENSG00000173269	0.00026042015528537
ENSG00000272734	-0.151070835567796
ENSG00000200253	0.449800608194858
ENSG00000148672	0.119817370064362
ENSG00000122376	-0.0387602414793463
ENSG00000223482	-0.0685895620894077
ENSG00000214562	-0.0721885445277801
ENSG00000286445	-0.0885290435155672
ENSG00000107789	0.0222482290068377
ENSG00000198682	0.150719543014249
ENSG00000138138	0.0326942662372085
ENSG00000227268	0.0623407106387127
ENSG00000152766	-0.0297113557579957
ENSG00000138134	0.0316561637531226
ENSG00000138135	0.0817769512350976
ENSG00000232110	-0.22799750346024
ENSG00000119922	-0.217884473434743
ENSG00000119917	-0.329883125236894
ENSG00000185745	-0.399116283001395
ENSG00000152778	-0.330805941999027
ENSG00000152782	0.0025255856794891
ENSG00000232229	-0.186085246050965
ENSG00000148688	-0.0680635977722812
ENSG00000273124	-0.355973944824301
ENSG00000180628	-0.222855660627861
ENSG00000165338	-0.0111806680003435
ENSG00000119938	0.159077510955409
ENSG00000174721	-0.1175923578556
ENSG00000095564	0.030174978770076
ENSG00000119912	-0.0116708644422101
ENSG00000236493	0.0238131660418495
ENSG00000152804	-0.142612122429462
ENSG00000138119	0.107723259544062
ENSG00000108231	-0.05848313518292
ENSG00000280660	0.0208661521215991
ENSG00000176273	-0.0283576636303027
ENSG00000138193	0.0181215995329355
ENSG00000273450	-0.0195267590971712
ENSG00000173145	-0.0452066003587167
ENSG00000108239	-0.222585155411585
ENSG00000138115	-0.0777999540175278
ENSG00000107438	-0.139812238412766
ENSG00000119977	0.0816336106846387
ENSG00000138185	0.0194481555886944
ENSG00000107443	0.0165012234058361
ENSG00000197430	-0.928190359241244
ENSG00000155629	-0.020600696688237
ENSG00000187122	0.288707020472534
ENSG00000213390	0.0287703430122112
ENSG00000165879	0.144684666656805
ENSG00000181274	0.284095502210556
ENSG00000052749	0.305269559203463
ENSG00000171314	0.287497611542216
ENSG00000171307	0.0841663148508958
ENSG00000165887	0.285844572754946
ENSG00000241935	-0.1784541998029
ENSG00000171160	0.0905240372127176
ENSG00000155252	0.220483672887767
ENSG00000119986	0.155157394359514
ENSG00000155254	0.153114853552679
ENSG00000155256	0.149285210873815
ENSG00000166024	-0.055305961363438
ENSG00000119943	-0.0143697709359401
ENSG00000119946	0.121803146351255
ENSG00000120053	0.206282710951746
ENSG00000224934	0.195914372450802
ENSG00000155287	-0.0263685675255596
ENSG00000119929	-0.0149257732613124
ENSG00000014919	0.100734264539851
ENSG00000107554	0.029199573945336
ENSG00000107566	0.161166809626824
ENSG00000213341	-0.117485777740956
ENSG00000236308	0.145861421049366
ENSG00000095485	0.0352356644865077
ENSG00000230224	0.187797651840039
ENSG00000196072	-0.0388910273825395
ENSG00000235823	-0.316148906186663
ENSG00000075826	0.20850369660918
ENSG00000166135	0.0102048105199068
ENSG00000055950	-0.0670664105225882
ENSG00000107815	0.192905147034611
ENSG00000186862	-0.028631776529
ENSG00000107819	0.112546389451215
ENSG00000107821	0.0522929249106414
ENSG00000289441	-0.00278463850227849
ENSG00000225208	0.0555472979301214
ENSG00000166167	0.109103624482873
ENSG00000166169	0.113337877480876
ENSG00000107833	0.0796851919906508
ENSG00000198408	0.0863904875131363
ENSG00000120049	0.143725004590151
ENSG00000120029	0.0442710170383209
ENSG00000198728	0.124838355003691
ENSG00000148840	0.159112955591801
ENSG00000166197	0.133083826274687
ENSG00000119915	-0.113915126597461
ENSG00000077150	0.174638163394117
ENSG00000059915	0.133935011910544
ENSG00000107874	0.0483125105020163
ENSG00000269609	0.159311557108936
ENSG00000138111	0.306389957636416
ENSG00000107882	0.170240847707301
ENSG00000171206	0.07788714016997
ENSG00000156398	0.00588916651317267
ENSG00000214435	0.0982760352401439
ENSG00000148842	0.0684032587068463
ENSG00000076685	-0.017816686702134
ENSG00000148798	-0.355386693728945
ENSG00000156374	-0.0781875150339872
ENSG00000148835	-0.0768339525475317
ENSG00000148843	0.175189054535527
ENSG00000107957	0.0408308106664364
ENSG00000273108	-0.0692344635695698
ENSG00000107960	0.033658385812394
ENSG00000065613	0.123484405400637
ENSG00000148834	0.0183549202634696
ENSG00000148841	0.21200338459687
ENSG00000231233	-0.222963279225141
ENSG00000213260	0.168521882826933
ENSG00000108018	0.0652487075305242
ENSG00000108039	0.116767712853913
ENSG00000148700	-0.11417071059798
ENSG00000119950	-0.181461838730852
ENSG00000138166	0.609274778101097
ENSG00000108055	-0.144920461073793
ENSG00000203497	-0.0586194860967772
ENSG00000232470	0.25476040549653
ENSG00000150593	-0.15472779289264
ENSG00000108061	-0.0251372496570918
ENSG00000119927	0.38692775645094
ENSG00000197142	0.147746540386553
ENSG00000023041	-0.203198407908798
ENSG00000260917	0.127026765719066
ENSG00000165806	0.00475796768110473
ENSG00000198924	0.0943968829791339
ENSG00000165816	0.0430890673821919
ENSG00000275024	-0.351270799782568
ENSG00000169129	-0.0904583918406876
ENSG00000099204	0.0853093047528668
ENSG00000228484	-0.00641545316240752
ENSG00000151553	0.0634203241883817
ENSG00000165832	0.00292498610153282
ENSG00000165868	-0.0271391545993306
ENSG00000235742	0.35227763695797
ENSG00000148704	0.0329925508647463
ENSG00000277879	-0.282784731481669
ENSG00000165650	-0.0180397988796848
ENSG00000229847	0.362461876202841
ENSG00000170370	0.138659965428902
ENSG00000107560	0.0387950473030016
ENSG00000165669	-0.0677286183702499
ENSG00000151893	0.0688779069753886
ENSG00000277687	-0.172468119094559
ENSG00000188613	-0.135935470654778
ENSG00000289126	-0.0745822741653737
ENSG00000119979	-0.0859106553214165
ENSG00000148908	-0.190731714376819
ENSG00000151929	0.0650882378936912
ENSG00000198825	0.0152425845418542
ENSG00000197771	0.010237705253434
ENSG00000107651	0.0397858485226569
ENSG00000203805	-0.114584367168543
ENSG00000177234	-0.479732589452768
ENSG00000287936	-0.223087994368164
ENSG00000271670	0.0685265219756571
ENSG00000107669	0.0184056863796756
ENSG00000226864	-0.0805942066043049
ENSG00000276742	-0.295804129229488
ENSG00000107672	0.0401796437033313
ENSG00000138162	0.0958405028658684
ENSG00000285973	-0.0288630610047625
ENSG00000107679	-0.0895806847419633
ENSG00000166033	0.00454083020473772
ENSG00000138161	-0.0736892121593917
ENSG00000255624	0.0318435598986257
ENSG00000119965	0.00266112499643525
ENSG00000196177	0.120919317005015
ENSG00000154478	-0.104390358613668
ENSG00000288757	0.148424256196831
ENSG00000182022	0.358514007996186
ENSG00000107902	-0.0694309508899957
ENSG00000233334	-0.248240762448179
ENSG00000203791	-0.0285096105601614
ENSG00000175029	0.00179594738435021
ENSG00000273599	-0.1130450286335
ENSG00000282787	0.360765469085119
ENSG00000107938	0.00457491539748473
ENSG00000188690	0.173462316835239
ENSG00000107949	0.0100711978355663
ENSG00000089876	-0.0197258264324795
ENSG00000150760	-0.04721710131253
ENSG00000188916	0.0697786521735739
ENSG00000132334	-0.0777535357451894
ENSG00000275005	-0.589028435555721
ENSG00000277218	0.166634478741655
ENSG00000233122	0.18103232980642
ENSG00000233319	0.0854128817591684
ENSG00000108010	-0.0428047483581562
ENSG00000176171	0.1398565226799
ENSG00000188385	-0.0732491947706475
ENSG00000165752	0.150047617804048
ENSG00000229081	-0.119560946400713
ENSG00000068383	0.312918114077022
ENSG00000256925	-0.151768755540127
ENSG00000171798	0.179786074981794
ENSG00000151650	-0.651013057452772
ENSG00000130640	0.112339562082157
ENSG00000198546	0.0123823465900607
ENSG00000130643	-0.115206774397317
ENSG00000230306	-0.12086177524959
ENSG00000148803	-0.0319631896111377
ENSG00000127884	0.196491830504195
ENSG00000203772	0.0537008766682403
ENSG00000214279	0.0707171827772815
ENSG00000130649	0.131941212778242
ENSG00000171772	-0.179000972239895
ENSG00000177963	0.126932648130664
ENSG00000142082	0.223674895231176
ENSG00000185627	0.0442311579052461
ENSG00000255026	-0.1696010553337
ENSG00000142102	-0.0611911877914832
ENSG00000185201	0.0992820170570894
ENSG00000185885	0.0526084388270466
ENSG00000142089	-0.0670624688700825
ENSG00000270972	0.881710269825537
ENSG00000182272	0.0828659701868742
ENSG00000255237	-0.132442164433021
ENSG00000174775	-0.132447469642977
ENSG00000254815	-0.252613446358301
ENSG00000099849	0.0263458665790399
ENSG00000247095	0.252637062978362
ENSG00000070047	0.0969893510567133
ENSG00000185507	0.103960159870445
ENSG00000070031	-0.133971497754985
ENSG00000069696	0.0672762474585304
ENSG00000177030	0.0509526308603104
ENSG00000177106	-0.262843970951401
ENSG00000255284	-0.118298879092793
ENSG00000255142	0.152850750956201
ENSG00000184524	0.100321735077477
ENSG00000177542	0.0822020840183029
ENSG00000177685	0.0557462692434866
ENSG00000177700	-0.121259953563595
ENSG00000250397	-0.113895940975678
ENSG00000184956	0.0552812907779892
ENSG00000254872	0.148668861494771
ENSG00000078902	0.158823462097211
ENSG00000255153	-0.0715175157063081
ENSG00000287935	-0.037304494919964
ENSG00000174672	-0.043980059189012
ENSG00000285581	-0.0766033460935684
ENSG00000182208	0.00711303546029436
ENSG00000184545	0.142255094080308
ENSG00000205869	0.268266507163043
ENSG00000244242	-0.199161240241675
ENSG00000117984	0.124587855099582
ENSG00000235027	-0.160102557842203
ENSG00000130592	-0.00701262837705393
ENSG00000226416	0.122213829758723
ENSG00000130600	-0.196193831113893
ENSG00000110651	0.128304825179488
ENSG00000184281	0.0765087985315611
ENSG00000237941	-0.417824560088167
ENSG00000205531	0.0336846121107731
ENSG00000183562	0.173724980186953
ENSG00000110619	-0.0954981161661484
ENSG00000236710	0.0979206664351494
ENSG00000005801	-0.103775100763364
ENSG00000167311	-0.00109466849536478
ENSG00000110713	0.0326455645396897
ENSG00000148985	-0.170447235937069
ENSG00000177105	-0.361323240815902
ENSG00000167323	0.246072039522002
ENSG00000167325	-0.0188685215983507
ENSG00000132109	-0.118056638939452
ENSG00000167333	0.0754190046386681
ENSG00000244734	1.81408708059489
ENSG00000223609	0.338519795755649
ENSG00000213934	0.208088293328551
ENSG00000175518	0.0453400109735469
ENSG00000121236	-0.00652299747874529
ENSG00000258659	-0.0696417810765518
ENSG00000132274	0.00596949760852439
ENSG00000267940	0.229410666696423
ENSG00000051009	0.200522635364298
ENSG00000166311	-0.136481167639276
ENSG00000166313	-0.15094109977002
ENSG00000110169	-0.153839757158158
ENSG00000132254	0.084814586166421
ENSG00000254595	0.147780876354861
ENSG00000166340	0.088025062823335
ENSG00000158042	0.177438294057245
ENSG00000254781	0.0884202044927176
ENSG00000183801	-0.0155456590388532
ENSG00000166394	-0.766260018010879
ENSG00000176716	-0.115143675724067
ENSG00000175390	-0.0457853915198915
ENSG00000166402	0.159828153718696
ENSG00000166405	0.0371991325692574
ENSG00000166436	0.188902637121586
ENSG00000166441	-0.202260453344274
ENSG00000166444	0.0797041927779819
ENSG00000175348	-0.0700488096418477
ENSG00000254860	0.177670415064862
ENSG00000175352	-0.0683109395164128
ENSG00000253973	0.042880554551055
ENSG00000184014	-0.154485842961639
ENSG00000166471	-0.0647711678071125
ENSG00000205339	0.0168844005136378
ENSG00000268403	0.0693634914161444
ENSG00000166478	-0.0227575056755141
ENSG00000133789	-0.130405644025169
ENSG00000246273	-0.0325424094987125
ENSG00000148926	0.541797173339381
ENSG00000110315	-0.0782439111286827
ENSG00000133800	-0.0277760027101474
ENSG00000072952	0.115722577385521
ENSG00000198730	0.0367387781560993
ENSG00000110321	-0.0783191704165324
ENSG00000246308	0.00449036053477042
ENSG00000247271	-0.126983796403448
ENSG00000110328	0.120328562725948
ENSG00000254598	0.247453019710239
ENSG00000050165	0.335908205485785
ENSG00000254680	-0.00354469478035277
ENSG00000197702	0.131617434902286
ENSG00000189431	0.0763414829681958
ENSG00000133794	0.175806588074089
ENSG00000148925	0.226394301343635
ENSG00000262655	0.0842254640432373
ENSG00000129083	-0.0293411089847991
ENSG00000129084	0.0433620474771006
ENSG00000110696	-0.0784764264066808
ENSG00000110700	-0.22192946411114
ENSG00000011405	-0.0125085530509295
ENSG00000070081	0.0374759217946947
ENSG00000188211	0.186357519832808
ENSG00000187486	0.43827044641465
ENSG00000260196	-0.117498541615204
ENSG00000006071	0.250912389888104
ENSG00000129159	0.0218557921175247
ENSG00000129158	-0.0602604698564328
ENSG00000166788	-0.04433162947025
ENSG00000110756	-0.161260696933889
ENSG00000110768	0.0441127012421238
ENSG00000134333	0.251821000529005
ENSG00000074319	-0.0709168684739398
ENSG00000279837	-0.0864202173003224
ENSG00000179119	0.0959367042385683
ENSG00000257043	0.257383011536272
ENSG00000151117	-0.0265103941665082
ENSG00000110786	0.405535483836178
ENSG00000286998	-0.00621360607729634
ENSG00000270607	-0.00194387151854988
ENSG00000109854	-0.183217878264842
ENSG00000183161	-0.0187180879801423
ENSG00000198168	-0.0537988596989121
ENSG00000134343	0.151316226362655
ENSG00000148942	-0.00544241615738627
ENSG00000176971	-0.0299661866835183
ENSG00000129151	-0.127721559041726
ENSG00000205213	0.151202935768381
ENSG00000224411	0.543979230531863
ENSG00000271332	0.0153687454994603
ENSG00000261340	-0.0821587463508706
ENSG00000152219	0.0348286057667514
ENSG00000242353	-0.203023079517876
ENSG00000066382	0.10659758382459
ENSG00000170946	-0.0939321619527338
ENSG00000007372	0.10322028954773
ENSG00000184937	0.167395222661077
ENSG00000149100	-0.0227215738024407
ENSG00000135378	0.042853460698538
ENSG00000060749	-0.0611786080446939
ENSG00000121690	-0.219660111928807
ENSG00000176148	-0.0842704918445911
ENSG00000280798	-0.160924499982892
ENSG00000176102	0.0330111523258598
ENSG00000110422	-0.148077879661434
ENSG00000110427	0.154917530231861
ENSG00000205177	0.0575452465639129
ENSG00000085063	0.0483710491703949
ENSG00000255133	0.0584051898655744
ENSG00000135363	-0.327395631210504
ENSG00000286626	-0.405616861865803
ENSG00000135387	0.0279844809903276
ENSG00000135372	0.16937764484033
ENSG00000166016	-0.0564293604946693
ENSG00000121691	-0.282224500066219
ENSG00000026508	0.0251885697047783
ENSG00000110436	0.41187512676596
ENSG00000255542	0.096035400988092
ENSG00000149090	-0.205775565383632
ENSG00000166326	0.0252875979257341
ENSG00000179241	-0.050633487302968
ENSG00000110442	-0.0408572714463537
ENSG00000166352	-0.048891328224408
ENSG00000279675	-0.0432683036083376
ENSG00000166181	-0.121822824147925
ENSG00000052841	0.0310935799568299
ENSG00000252355	0.256047963457033
ENSG00000235661	-0.00599609022331723
ENSG00000283341	0.12968952284151
ENSG00000149084	-0.133157345135376
ENSG00000166199	-0.0757836074402738
ENSG00000213693	0.169248445698872
ENSG00000187479	-0.0568548168048732
ENSG00000244953	-0.0524989497827586
ENSG00000110455	0.0114847378063369
ENSG00000175274	-0.079319705007976
ENSG00000019505	-0.376361664006967
ENSG00000254427	0.0118435112402264
ENSG00000175264	0.290711920310947
ENSG00000205106	-0.109682578430506
ENSG00000121671	0.28511551464118
ENSG00000121653	-0.158176585439684
ENSG00000121680	0.0564415803850214
ENSG00000135365	0.0452530152404845
ENSG00000149091	-0.020271679178208
ENSG00000110492	-0.105835886162095
ENSG00000180720	0.174284469629118
ENSG00000180423	0.0244364533779492
ENSG00000175224	0.0546381068936811
ENSG00000175220	-0.221922602953656
ENSG00000175213	0.102849182373543
ENSG00000134569	0.03598824695914
ENSG00000149179	0.0196547088738291
ENSG00000149182	0.0866713288981711
ENSG00000270060	0.0664141016464531
ENSG00000165912	-0.0911118251308435
ENSG00000243802	0.0428331784737112
ENSG00000134574	-0.0632098394489604
ENSG00000134575	0.105316504742351
ENSG00000025434	0.174524801285949
ENSG00000110514	0.0679712937364488
ENSG00000066336	-0.0738288263395083
ENSG00000255197	-0.0520773460560538
ENSG00000165915	0.0993127735017923
ENSG00000165916	0.065083588044062
ENSG00000213619	0.043453613319629
ENSG00000123444	0.176138795777548
ENSG00000196666	-0.0359048374532841
ENSG00000109919	0.011264630492937
ENSG00000109920	0.0533564917674479
ENSG00000030066	-0.0358430940655299
ENSG00000149177	-0.11490115456991
ENSG00000255190	0.217903148860999
ENSG00000254800	0.188745173538779
ENSG00000283307	0.0165774558337632
ENSG00000183908	-0.516248950519581
ENSG00000134817	-0.543275696249915
ENSG00000149115	0.254944158409477
ENSG00000186652	-0.183105344496616
ENSG00000134802	0.0519723908107799
ENSG00000156587	0.02426224163747
ENSG00000149131	-0.14802574470788
ENSG00000172409	-0.0584776794757433
ENSG00000156599	0.172707937505813
ENSG00000213593	-0.0587009467630403
ENSG00000211450	0.118028181643177
ENSG00000110031	-0.15058453503092
ENSG00000245571	-0.111538255000372
ENSG00000110042	0.0378481380677518
ENSG00000197629	-0.516524489418431
ENSG00000110048	0.139191320643991
ENSG00000166900	-0.00621032870996957
ENSG00000234964	-0.191535536881489
ENSG00000166902	0.0141053398244535
ENSG00000110077	-0.741757235928969
ENSG00000166927	-0.203598708345191
ENSG00000166928	-0.148113058268753
ENSG00000183134	0.477519280973624
ENSG00000110108	0.165501669291506
ENSG00000256196	-0.0825465757462042
ENSG00000006118	0.242863070401785
ENSG00000110446	-0.048241127814937
ENSG00000187049	0.0462138031045364
ENSG00000149532	0.162066084089681
ENSG00000256591	-0.0276412281934917
ENSG00000167985	0.0502522893034025
ENSG00000255931	0.210439956628442
ENSG00000204950	0.356121295886105
ENSG00000011347	0.0317284360511055
ENSG00000256443	0.177937944864149
ENSG00000134780	0.272164779708376
ENSG00000134825	-0.282801467154503
ENSG00000168496	-0.106459818530663
ENSG00000134824	0.184114954503229
ENSG00000149485	-0.136801730001484
ENSG00000221968	-0.0180791274690575
ENSG00000167995	-0.261790771758982
ENSG00000149503	0.115212031522989
ENSG00000124935	-0.112765003191803
ENSG00000162174	0.175097312537764
ENSG00000254772	-0.0596019753290717
ENSG00000289562	0.00844285760748328
ENSG00000149016	0.101811942182677
ENSG00000149480	0.158645916142528
ENSG00000149499	0.0230938444232388
ENSG00000149489	-0.0535069636189997
ENSG00000149541	-0.0895259618397984
ENSG00000162194	-0.18641470401495
ENSG00000204922	-0.0449302988352619
ENSG00000177363	0.282708450761211
ENSG00000162188	-0.0370603869468687
ENSG00000214753	0.141981832691876
ENSG00000162222	-0.00679045013734391
ENSG00000185670	-0.112955628743853
ENSG00000168002	-0.131824388873383
ENSG00000267811	-0.192541202590039
ENSG00000162227	0.00186259863493559
ENSG00000269176	-0.0405354481289014
ENSG00000185475	-0.0274338065322294
ENSG00000162231	0.0252003350937019
ENSG00000162236	0.172826369192018
ENSG00000269463	-0.012586897941991
ENSG00000133316	0.190423419239203
ENSG00000255717	-0.0795046124034291
ENSG00000168003	0.120092169175804
ENSG00000168539	0.118300202834485
ENSG00000257002	-0.0992222656398204
ENSG00000197901	-0.00541290045694962
ENSG00000168004	-0.119290408323767
ENSG00000133321	-0.380518466201374
ENSG00000270269	-0.18498539574323
ENSG00000133318	-0.107125075604936
ENSG00000188070	0.201940746662557
ENSG00000168005	-0.00637794887604415
ENSG00000256280	-0.406300156848732
ENSG00000167771	0.171351512815676
ENSG00000167770	0.0543286227324228
ENSG00000126500	0.0734215591247418
ENSG00000256481	-0.201898339412938
ENSG00000288852	-0.168895599311742
ENSG00000168439	0.122747513914613
ENSG00000149781	0.163274457566501
ENSG00000110011	-0.120860858131312
ENSG00000173511	0.0757868162981233
ENSG00000173457	-0.078574171077858
ENSG00000149782	0.085633500916958
ENSG00000173264	0.261615894762937
ENSG00000173153	0.329592746855483
ENSG00000173113	-0.106959089794703
ENSG00000168071	0.0324867454366223
ENSG00000181908	-0.298105874710508
ENSG00000110076	-0.0035029961678616
ENSG00000068831	0.257533019927292
ENSG00000068976	0.206173215506239
ENSG00000168066	0.0734139721540198
ENSG00000133895	0.134773399255918
ENSG00000171219	1.38820636328089e-05
ENSG00000110047	0.0271214854319103
ENSG00000068971	0.142189209702074
ENSG00000149735	0.0743076600275556
ENSG00000168062	-0.0378498041154636
ENSG00000168060	0.0857797905694181
ENSG00000146670	0.00831992026125915
ENSG00000162300	-0.0188726257784525
ENSG00000278952	-0.512148354736808
ENSG00000162298	0.0455610034320716
ENSG00000149792	0.236045046466556
ENSG00000255200	0.0179236630416179
ENSG00000014138	0.103012868901329
ENSG00000149798	0.0815640055331607
ENSG00000133884	-0.0143597678074735
ENSG00000289231	0.15195570691164
ENSG00000173825	0.226955752933512
ENSG00000162241	0.0207531719923026
ENSG00000126391	0.123849319838041
ENSG00000173727	0.0632986276705863
ENSG00000251562	-0.015905586345463
ENSG00000142186	0.11154448407994
ENSG00000168056	0.101149703789735
ENSG00000260233	0.321962632103048
ENSG00000173465	0.119937468377822
ENSG00000176973	-0.0189304674463895
ENSG00000173442	0.068004674354742
ENSG00000197136	0.21442439113876
ENSG00000213445	-0.00923653360860989
ENSG00000173039	0.11928092409061
ENSG00000285533	-0.282787736929566
ENSG00000172922	-0.13600009641716
ENSG00000214659	0.347073276153243
ENSG00000254470	0.148730712043666
ENSG00000255120	0.0831197643106804
ENSG00000172757	0.049879874473281
ENSG00000172803	-0.003650124305644
ENSG00000172732	0.0533810403524121
ENSG00000172638	-0.0205065804148668
ENSG00000172500	0.0477686369358475
ENSG00000175592	0.298962650017346
ENSG00000254867	0.154212533701803
ENSG00000175376	0.0503603999676785
ENSG00000175334	0.119526024234132
ENSG00000175229	0.111995812928132
ENSG00000286459	0.440211114570146
ENSG00000087365	0.167471436599087
ENSG00000175115	0.232203323261664
ENSG00000174996	0.168502389377607
ENSG00000254461	0.17516926376839
ENSG00000254855	0.165112383289466
ENSG00000245156	-0.0743956993217811
ENSG00000174871	-0.0258999161853666
ENSG00000174851	0.128546598861187
ENSG00000179292	-0.347441026903647
ENSG00000174791	0.211219126724617
ENSG00000174744	-0.0380852314062895
ENSG00000174669	0.0729047942781883
ENSG00000254510	-0.0144614684103301
ENSG00000174576	-0.504761139448831
ENSG00000174516	0.198019064207199
ENSG00000254986	0.0109911858049783
ENSG00000174483	0.129986336884295
ENSG00000182791	-0.0631819976529962
ENSG00000173992	0.120312502182742
ENSG00000199325	0.76443630150587
ENSG00000239306	0.19230146582563
ENSG00000173933	0.0103853387495665
ENSG00000173914	-0.160419667976596
ENSG00000173898	0.185758563528213
ENSG00000173715	-0.0425350271450495
ENSG00000213409	0.026828692192541
ENSG00000173599	0.266020420716729
ENSG00000173227	0.11589869916385
ENSG00000173156	-0.168794754053644
ENSG00000173120	0.0741518618306223
ENSG00000173020	-0.00480890218665347
ENSG00000172932	-0.0049201043285704
ENSG00000172830	-0.166226339154162
ENSG00000172613	0.037219478759629
ENSG00000274251	-0.131210662290542
ENSG00000201684	0.225395815197411
ENSG00000175505	0.0633738879530222
ENSG00000275484	0.466753010125682
ENSG00000172725	-0.0304118032950551
ENSG00000175544	-0.0940033514633732
ENSG00000110711	-0.0257412479145474
ENSG00000110697	0.330025597805916
ENSG00000167797	0.0946376645976015
ENSG00000084207	-0.0996050835494244
ENSG00000167792	0.139899960158406
ENSG00000231793	0.180766035084399
ENSG00000132744	-0.316117639363996
ENSG00000110719	0.114623953128082
ENSG00000255031	-0.0119326784175286
ENSG00000110721	0.0378332879091063
ENSG00000110066	-0.0422923517545525
ENSG00000171067	-0.0579141597286331
ENSG00000286369	-0.0515130711123101
ENSG00000162337	0.0550933939413936
ENSG00000110075	-0.0377673970028153
ENSG00000110090	0.231285231351851
ENSG00000250508	-0.0136140515291176
ENSG00000261625	-0.0951882004208932
ENSG00000172935	-0.0101836182998043
ENSG00000162341	0.0699461923260763
ENSG00000284713	-0.218414711967
ENSG00000255980	-0.287755807504539
ENSG00000110092	-0.102358597549759
ENSG00000149716	0.00404520293945043
ENSG00000289074	0.0750511024892163
ENSG00000085733	-0.0387981532548643
ENSG00000172893	0.0479797339240475
ENSG00000254682	0.208347494391922
ENSG00000172890	-0.0167437224234986
ENSG00000244411	0.318220412264887
ENSG00000254997	0.0794508289504748
ENSG00000286948	0.0408659186046551
ENSG00000204572	0.0788188521329018
ENSG00000254593	0.212570000797853
ENSG00000137522	0.0625390026419474
ENSG00000137496	0.0998324767511404
ENSG00000137497	0.0921891622363709
ENSG00000184154	-0.0047015286204203
ENSG00000149357	0.0273069853770447
ENSG00000284844	0.104865717669102
ENSG00000110200	-0.0289266274209133
ENSG00000165457	-0.314022494939749
ENSG00000165458	0.182024579798728
ENSG00000162129	0.0537840526033703
ENSG00000276109	-0.0502733559805654
ENSG00000227467	0.167439346034725
ENSG00000186642	0.20073521749592
ENSG00000186635	-0.0802773044161385
ENSG00000245148	-0.0132371696353653
ENSG00000168010	-0.126947908613142
ENSG00000175591	0.131301023398015
ENSG00000171631	-0.13840606076754
ENSG00000257038	-0.157817473744431
ENSG00000110237	0.377816624658827
ENSG00000054967	0.0383075198855444
ENSG00000256148	0.0603342513694345
ENSG00000021300	-0.135847575822992
ENSG00000175582	-0.0554460637965679
ENSG00000181924	-0.231714120418861
ENSG00000175564	3.47262620141904e-05
ENSG00000214517	0.10602487345371
ENSG00000280269	0.0476869076616915
ENSG00000165434	-0.0831904838256822
ENSG00000175538	0.0581128507479916
ENSG00000175536	-0.138027516701445
ENSG00000254837	-0.149764852572482
ENSG00000077514	0.0325766748748698
ENSG00000278879	0.10440260493457
ENSG00000162139	0.0493669450507204
ENSG00000137491	-0.0376712512740558
ENSG00000255136	0.084785436670433
ENSG00000261594	-0.104523863765
ENSG00000137486	0.245819018440333
ENSG00000149273	-0.131643999436568
ENSG00000149257	0.21020588347934
ENSG00000171533	0.048264793830264
ENSG00000062282	0.297486379777374
ENSG00000085741	0.106568872246331
ENSG00000137492	-0.0453098734801049
ENSG00000179240	0.0307042934262841
ENSG00000158636	0.0436834157896067
ENSG00000254810	0.0821026415820881
ENSG00000236304	0.0918632740505966
ENSG00000137507	0.37704588375211
ENSG00000182704	0.160029381867653
ENSG00000255100	0.156113104246936
ENSG00000261578	0.0754807512336231
ENSG00000078124	-0.189308156029402
ENSG00000149260	0.0587508884295474
ENSG00000137474	0.0363192865644165
ENSG00000149269	0.0107366965084198
ENSG00000074201	-0.100812218880058
ENSG00000178301	-0.0601154688975584
ENSG00000048649	-0.0150643611392451
ENSG00000254985	-0.0593858953330403
ENSG00000254691	0.0142625397099
ENSG00000241782	-0.183727788756865
ENSG00000149262	-0.0179653103936204
ENSG00000188997	-0.0525320075891317
ENSG00000288538	-0.143962147809278
ENSG00000227097	-0.375503945713004
ENSG00000182103	-0.246777264127339
ENSG00000137509	0.0273912625472121
ENSG00000137502	-0.105751166599235
ENSG00000246067	-0.014891088195346
ENSG00000137494	0.0896661856454774
ENSG00000137500	-0.139727418609449
ENSG00000171204	-0.302789282663127
ENSG00000171202	-0.225084268856244
ENSG00000137501	-0.24128049229
ENSG00000074266	0.0175996452423
ENSG00000255222	-0.0675787362879767
ENSG00000149196	-0.0963105930130048
ENSG00000278989	0.11792215178296
ENSG00000151376	0.146992692544175
ENSG00000150687	-0.0664998268846549
ENSG00000271318	0.0500422789426436
ENSG00000174804	0.337696068348239
ENSG00000109861	-0.146932280817196
ENSG00000280385	-0.0139529549979232
ENSG00000110172	-0.0694623834315961
ENSG00000280367	0.124973470247773
ENSG00000180773	-0.0439706867309461
ENSG00000166004	0.0200539979441784
ENSG00000254911	-0.636626285996731
ENSG00000279696	0.128242163007257
ENSG00000166012	-0.19878818354235
ENSG00000284458	0.599387830401968
ENSG00000042429	0.0397441772840313
ENSG00000110218	-0.0489586145810909
ENSG00000168876	-0.0930799503133524
ENSG00000196371	-0.08062979269047
ENSG00000150316	-0.195413705418006
ENSG00000263465	-0.0246958439800033
ENSG00000166037	0.0102966570534236
ENSG00000110318	0.1010385848388
ENSG00000260008	0.039746912387422
ENSG00000023445	0.220284831607996
ENSG00000288833	-0.143920753048249
ENSG00000110330	-0.171674003949317
ENSG00000137692	0.0238526953830086
ENSG00000235505	0.113244617981386
ENSG00000196954	0.00413882719814358
ENSG00000137752	-0.213604076096094
ENSG00000204397	-0.413793805320098
ENSG00000152578	-0.124078315102507
ENSG00000170903	-0.1216871365664
ENSG00000149313	-0.160904586727488
ENSG00000152402	0.00925844656897441
ENSG00000152404	-0.0880069243228333
ENSG00000137760	0.03830036573723
ENSG00000110675	0.324337889818651
ENSG00000166266	-0.0543158035316415
ENSG00000075239	-0.0150205261994659
ENSG00000149311	-0.0616275285833302
ENSG00000185742	0.0473415463504925
ENSG00000137710	-0.222136930872497
ENSG00000137714	-0.111828922504672
ENSG00000137727	0.148925409078218
ENSG00000086848	0.0495912176854882
ENSG00000255561	0.122012786795165
ENSG00000109846	-0.297789293585502
ENSG00000170276	-0.108316607909465
ENSG00000149300	-0.0978241786869454
ENSG00000150776	-0.0310823002912057
ENSG00000150779	-0.20293112277954
ENSG00000204370	0.0680503848052254
ENSG00000150782	-0.197751729547287
ENSG00000197580	0.107312177878096
ENSG00000250303	-0.0756359976036796
ENSG00000247416	-0.0772455317037049
ENSG00000149294	-0.0532126601351934
ENSG00000149292	0.00888791650836245
ENSG00000149295	0.264800055078026
ENSG00000166682	-0.0408359423284853
ENSG00000086827	0.0483333358536787
ENSG00000048028	0.0157963131685895
ENSG00000109906	0.0245247365926165
ENSG00000076053	-0.0983851352570308
ENSG00000076043	-0.185693181665306
ENSG00000182985	0.0385790975650257
ENSG00000279771	0.164754110781026
ENSG00000109917	0.104072751929768
ENSG00000160584	-0.0883722695924043
ENSG00000168092	-0.0878454433800025
ENSG00000149577	0.262599539525162
ENSG00000149591	-0.205978905439941
ENSG00000280143	0.0888061964734286
ENSG00000167257	0.00266942642531801
ENSG00000110274	0.0289993935720808
ENSG00000177103	-0.0148068289835896
ENSG00000137726	-0.317758162731793
ENSG00000110324	0.00405644838823837
ENSG00000177098	0.58941470728431
ENSG00000149575	0.246425891432502
ENSG00000149573	-0.395278767448039
ENSG00000110344	0.0644431029941873
ENSG00000167283	-0.0929994436939069
ENSG00000255384	0.125680898585317
ENSG00000149582	0.107903995681816
ENSG00000243431	0.0836153955940184
ENSG00000095139	0.0174824055977096
ENSG00000255176	-0.440826610827624
ENSG00000278376	-0.382545613983604
ENSG00000186174	0.272326994657485
ENSG00000186166	-0.184422287077205
ENSG00000240970	-0.10598575326019
ENSG00000254428	-0.0981257999897276
ENSG00000254909	-0.701215009738046
ENSG00000118181	-0.0894884093021778
ENSG00000196655	0.0845062497871921
ENSG00000149428	0.46690610886485
ENSG00000188486	0.0432666468906254
ENSG00000172269	0.0552120321183583
ENSG00000172375	0.142595497447664
ENSG00000172350	0.0463575015023904
ENSG00000160703	0.187421645785265
ENSG00000110395	0.0530240592429448
ENSG00000076706	-0.46088730958511
ENSG00000036672	0.0733703996460736
ENSG00000154096	-0.141391694276696
ENSG00000254561	0.0284512425391954
ENSG00000184232	0.245119201085433
ENSG00000181264	0.0441412553516748
ENSG00000154114	-0.105995998942686
ENSG00000109927	0.0172082329985504
ENSG00000137642	0.0330209513929286
ENSG00000255248	0.00646995435028286
ENSG00000286341	0.0696143013865306
ENSG00000109971	0.315792914630524
ENSG00000200879	-0.473427108639241
ENSG00000166257	-0.0848048272390153
ENSG00000166261	-0.0901975418921498
ENSG00000110002	0.0045329492202213
ENSG00000154144	0.23742290623375
ENSG00000154146	0.0427511714569098
ENSG00000019102	0.297681890540014
ENSG00000279342	-0.0724153895023084
ENSG00000154134	-0.00910072416938727
ENSG00000254943	-0.159768130647002
ENSG00000165478	-0.0650059778777125
ENSG00000285825	-0.0692578162950427
ENSG00000150433	-0.17989073889475
ENSG00000255537	-0.053914349193922
ENSG00000149547	0.0321860028210242
ENSG00000134910	0.0972057938033203
ENSG00000134940	0.133603937693453
ENSG00000260209	-0.0807905814496067
ENSG00000198331	0.0311960757614312
ENSG00000110060	-0.0683041581774368
ENSG00000109832	0.100510440780507
ENSG00000197798	0.0318449556454597
ENSG00000182934	0.0794213068985271
ENSG00000280832	-0.028097225685039
ENSG00000254960	0.0242888509459529
ENSG00000134954	0.0771625020594193
ENSG00000151702	-0.0403332018832343
ENSG00000254703	0.0178885366773557
ENSG00000174370	0.147600828245818
ENSG00000120471	-0.0786676236767134
ENSG00000134909	0.180531141611304
ENSG00000170325	0.055558743017408
ENSG00000255057	-0.155087325854064
ENSG00000196323	-0.0944041273874317
ENSG00000134917	0.214356616246863
ENSG00000182667	-0.00193005351995811
ENSG00000279090	-0.391188215358169
ENSG00000080854	0.223376599123698
ENSG00000204241	-0.0548818179927005
ENSG00000254648	-0.170146949706508
ENSG00000151503	0.0156720741131077
ENSG00000151502	0.195797699366384
ENSG00000151500	0.0686363097082238
ENSG00000151498	0.00498591382836107
ENSG00000166105	-0.00833103191814601
ENSG00000149328	0.0681360010217486
ENSG00000226210	-0.514258093764948
ENSG00000120645	-0.153186410994568
ENSG00000249695	-0.0883618211474861
ENSG00000256694	0.424063288964813
ENSG00000111181	0.373283164765837
ENSG00000255671	0.124172657019817
ENSG00000010379	0.144752649905816
ENSG00000073614	-0.0519095130602775
ENSG00000171840	-0.43400885698531
ENSG00000177406	-0.100776506156898
ENSG00000002016	0.0542068144326594
ENSG00000250132	-0.014169078012231
ENSG00000171823	0.218179775448658
ENSG00000006831	-0.156882074508175
ENSG00000243663	-0.144265873680464
ENSG00000166159	0.120308463782601
ENSG00000274659	-0.0308686098938103
ENSG00000004478	0.131816058802285
ENSG00000111203	-0.0211502161878028
ENSG00000053702	0.168823860318372
ENSG00000171792	-0.00783241699611769
ENSG00000078246	-0.0680880253382646
ENSG00000278356	-0.352186177161647
ENSG00000250899	-0.0775108403503031
ENSG00000011105	0.0714253856919502
ENSG00000111218	0.135684900488631
ENSG00000287243	0.122242055922304
ENSG00000111224	0.0337581488695662
ENSG00000255920	-0.11996039785891
ENSG00000078237	-0.0974752334193205
ENSG00000047621	-0.0441659451583607
ENSG00000010219	-0.112676714905726
ENSG00000139180	0.104924291932381
ENSG00000287835	0.0239053889734496
ENSG00000111262	-0.115841804070073
ENSG00000110799	0.243439074518153
ENSG00000067182	0.132718044330749
ENSG00000111321	0.0743944770434178
ENSG00000256433	0.0825243898777466
ENSG00000215039	0.00468004911842519
ENSG00000139192	-0.101346965882353
ENSG00000139190	-0.0437851751867163
ENSG00000111639	-0.0445898436610114
ENSG00000010292	-0.0357941586028303
ENSG00000010295	-0.0650547978140117
ENSG00000111641	0.119340087921281
ENSG00000111642	0.121801739048478
ENSG00000184574	-0.2672280960061
ENSG00000111644	-0.0566568876435599
ENSG00000111653	-0.06603133278624
ENSG00000139200	-0.162591219595667
ENSG00000288814	-0.178105472307322
ENSG00000269892	-0.297076032994985
ENSG00000089693	0.0915860181104372
ENSG00000159335	0.141883599153394
ENSG00000250510	-0.0459688892762993
ENSG00000110811	-0.0809366669258455
ENSG00000111664	0.0472521509594098
ENSG00000111665	-0.031030589966135
ENSG00000275703	-0.24310940864428
ENSG00000111674	0.24918857301988
ENSG00000111676	0.157717860864455
ENSG00000111679	0.0904191051844231
ENSG00000215021	-0.00170653153287588
ENSG00000126749	-0.0440000928660069
ENSG00000111684	-0.0145440969047265
ENSG00000182326	-0.0540014395422876
ENSG00000159403	-0.0181759368121462
ENSG00000139178	0.0634729486089213
ENSG00000205885	0.0544822835316587
ENSG00000139194	-0.00689758269460426
ENSG00000256967	0.105755019059246
ENSG00000139182	0.0212588179034852
ENSG00000177575	-0.0348265107560359
ENSG00000059804	0.122797835695528
ENSG00000240739	-0.190462533617637
ENSG00000255581	0.106781335158036
ENSG00000065970	0.0473299114426469
ENSG00000171860	-0.221646499796849
ENSG00000089818	0.0878949644900012
ENSG00000111729	0.0401279790109611
ENSG00000226711	0.000884930852774727
ENSG00000275367	0.229799816980633
ENSG00000286504	-0.0397542167904034
ENSG00000277952	0.0883507432228966
ENSG00000166523	0.0513776451625709
ENSG00000197614	0.0308948259911227
ENSG00000111752	0.120420770268116
ENSG00000237248	-0.0802909111683942
ENSG00000256594	-0.0800289889406945
ENSG00000257027	-0.0118087989158775
ENSG00000110848	-0.294821874140535
ENSG00000110852	0.00979519132278529
ENSG00000197992	-0.170066686765896
ENSG00000150048	0.0382941862556851
ENSG00000172243	-0.557794801571376
ENSG00000173391	-0.449283709094375
ENSG00000165685	0.0984356965569114
ENSG00000139112	0.244593350239798
ENSG00000205810	-0.313785986485139
ENSG00000111196	0.0963268511270082
ENSG00000060140	0.300581058844606
ENSG00000060138	0.246890844660858
ENSG00000111215	-0.200785562595177
ENSG00000212125	-0.225016297471731
ENSG00000255837	-0.203582558082748
ENSG00000256537	-0.137671758925267
ENSG00000251655	0.0434852398500703
ENSG00000139083	-0.0439962235639594
ENSG00000242405	0.119997987481223
ENSG00000243141	0.00118555670834605
ENSG00000111269	0.0397848988018563
ENSG00000178878	0.577874667479741
ENSG00000241352	0.0547119450068743
ENSG00000234498	-0.00913897827332514
ENSG00000013583	-0.102890966585399
ENSG00000183935	0.250595174993331
ENSG00000134531	0.215591963904427
ENSG00000273079	0.111228345842914
ENSG00000171681	-0.0530060717288527
ENSG00000261324	-0.0130238821531902
ENSG00000197837	-0.0629132992529443
ENSG00000246705	-0.031490854827506
ENSG00000084463	0.113155678055722
ENSG00000151491	-0.0472105076030121
ENSG00000023734	0.0778824692414512
ENSG00000023697	-0.145095745316667
ENSG00000008394	0.00845245716827195
ENSG00000256211	-0.0267387969513233
ENSG00000227525	0.22862246283942
ENSG00000052126	0.0647017913878534
ENSG00000139154	-0.0207113773391273
ENSG00000139155	0.113279310726959
ENSG00000121350	-0.10753394663135
ENSG00000004700	-0.0188883287074796
ENSG00000111711	-0.0991070855238864
ENSG00000111716	0.0257626618356853
ENSG00000121361	-0.0546190487983472
ENSG00000069431	-0.0570355895823472
ENSG00000111726	-0.164793408139911
ENSG00000111731	0.0407875651723508
ENSG00000139163	-0.0917488289740067
ENSG00000060982	-0.1975839660709
ENSG00000278969	0.0757407569400323
ENSG00000276842	-0.000332567480588275
ENSG00000133703	-0.0338246378136142
ENSG00000275197	-0.0582996640225623
ENSG00000278743	0.341160987444998
ENSG00000123094	-0.00914609125944342
ENSG00000123104	-0.0316342249486369
ENSG00000064102	-0.240161497616088
ENSG00000064115	-0.0939474514672356
ENSG00000152944	-0.0414916128828465
ENSG00000275764	-0.0614028365608744
ENSG00000214700	0.201177242576906
ENSG00000174236	0.201312665096173
ENSG00000276261	-0.119067116407832
ENSG00000061794	0.0291825821667719
ENSG00000087448	-0.000905145939190008
ENSG00000087494	-0.125838194754319
ENSG00000278733	-0.468871886482289
ENSG00000064763	0.123455042392466
ENSG00000275476	-0.129807799599699
ENSG00000257176	0.0538784042647067
ENSG00000087502	0.0120430716644827
ENSG00000133687	0.153801654886245
ENSG00000133704	-0.0135142091333227
ENSG00000110888	0.0645895295928886
ENSG00000139146	0.112564809658069
ENSG00000170456	0.0651398715249154
ENSG00000275769	-0.148084117068151
ENSG00000151743	0.00241027004222488
ENSG00000223722	0.137809193463647
ENSG00000174718	-0.0277881857583028
ENSG00000276136	0.0526723188113446
ENSG00000277342	-0.348840958842665
ENSG00000139132	0.0136023824508574
ENSG00000087470	-0.0297912447881647
ENSG00000257511	-0.0785121186204637
ENSG00000273853	-0.297107877914452
ENSG00000139133	-0.0284966557134224
ENSG00000257718	-0.102110713120041
ENSG00000139116	-0.0695240571121183
ENSG00000151229	-0.0878737957389702
ENSG00000018236	-0.163563877422769
ENSG00000151233	0.0484656794289119
ENSG00000134283	0.00662636180923442
ENSG00000274943	-0.134811294036734
ENSG00000198001	-0.132219631440253
ENSG00000151239	-0.191001872491834
ENSG00000275286	-0.488011650144437
ENSG00000286671	0.133063448579091
ENSG00000184613	0.18234428973034
ENSG00000185610	-0.0693836509976597
ENSG00000177119	-0.00445187137045011
ENSG00000289046	0.034585595068456
ENSG00000111371	-0.0164326339969284
ENSG00000134294	-0.154634269648854
ENSG00000247774	-0.237699960411898
ENSG00000257433	0.0888528469079616
ENSG00000111405	0.101681054608854
ENSG00000280054	0.469910062260645
ENSG00000274902	0.336273147340962
ENSG00000079337	0.168206317173942
ENSG00000211584	-0.0424100692773301
ENSG00000061273	0.0803447020060235
ENSG00000268069	-0.0296259263080302
ENSG00000276691	0.100606787486326
ENSG00000134291	-0.072766745599432
ENSG00000276814	0.349770009734559
ENSG00000079387	0.00861715178023399
ENSG00000257885	-0.0275271825539991
ENSG00000275228	0.0881041677606628
ENSG00000187166	0.12341617360939
ENSG00000167528	-0.097364226636967
ENSG00000139620	-0.0915490734372914
ENSG00000129315	0.104063532905537
ENSG00000174233	0.153344782087611
ENSG00000271547	-0.200978244727314
ENSG00000167535	-0.0490093150723777
ENSG00000174243	0.011646344682807
ENSG00000172602	0.20627918944105
ENSG00000239617	0.135564493152019
ENSG00000134287	0.228665598965889
ENSG00000169884	-0.0113698748986001
ENSG00000181418	0.230765587477611
ENSG00000181929	-0.0318946505203466
ENSG00000167548	0.145226650250928
ENSG00000139636	0.0746603265719518
ENSG00000123416	0.320852873950341
ENSG00000167553	0.0835806520742574
ENSG00000135406	0.108382788313792
ENSG00000186897	-0.142828207957027
ENSG00000135519	-0.0662277418179346
ENSG00000187778	0.00584703801583963
ENSG00000110844	0.0669290413212925
ENSG00000161791	0.0140108939106013
ENSG00000139644	0.0534691439968005
ENSG00000258057	0.127759346224324
ENSG00000186666	0.0142923722567821
ENSG00000135472	0.142127954326055
ENSG00000086159	-0.225461092309835
ENSG00000161800	0.107150072477447
ENSG00000110881	0.106420860146816
ENSG00000066117	0.0962676980696007
ENSG00000178449	-0.0337999815156567
ENSG00000139624	-0.081361812871014
ENSG00000050405	-0.126534493049035
ENSG00000161813	-0.0102325180966923
ENSG00000123268	0.010589474357271
ENSG00000185432	0.0733011397408905
ENSG00000274156	0.468796848821324
ENSG00000271596	0.231979130276133
ENSG00000050426	0.0232906305015817
ENSG00000110925	-0.105524225008145
ENSG00000135457	0.022149718121437
ENSG00000184271	0.032306675994831
ENSG00000183283	-0.140833667777563
ENSG00000110934	-0.111800440377991
ENSG00000050438	-0.0100583135624743
ENSG00000196876	0.130216146485332
ENSG00000139567	0.236959340245746
ENSG00000135503	0.0959226559627812
ENSG00000161835	0.488800933081271
ENSG00000123358	0.664990943776583
ENSG00000259884	0.148896631256773
ENSG00000111057	0.0397150243742671
ENSG00000063046	0.0124537935615818
ENSG00000257337	-0.158562119152081
ENSG00000139631	0.061819577872154
ENSG00000139651	0.0556103053339478
ENSG00000172819	0.314878853589603
ENSG00000182544	0.0780791601920593
ENSG00000123349	-0.160904272352571
ENSG00000257605	-0.0772635658989982
ENSG00000094914	0.162250600424236
ENSG00000205352	0.0198729273785527
ENSG00000197111	-0.0171829356062524
ENSG00000282977	0.119309228632824
ENSG00000139625	0.24607024360231
ENSG00000170653	0.015760319805492
ENSG00000012822	0.155981373337283
ENSG00000123415	0.0103865202330412
ENSG00000250742	-0.0519580563144791
ENSG00000135486	-0.0180845820800114
ENSG00000123405	0.0695675437733662
ENSG00000111481	0.0779315145395077
ENSG00000139572	-0.0396018159840492
ENSG00000161642	-0.0183818489158608
ENSG00000161638	0.0714488390076584
ENSG00000123338	-0.09099429747104
ENSG00000123360	0.210243745497072
ENSG00000135447	0.180360374852095
ENSG00000135426	0.238055727840613
ENSG00000135424	0.320239984884199
ENSG00000135437	-0.187205406703562
ENSG00000135404	-0.14900470680801
ENSG00000258056	-0.154347334612302
ENSG00000258045	-0.320446125149892
ENSG00000135414	0.132397369931487
ENSG00000205323	-0.0841556739860844
ENSG00000257509	0.341367893210474
ENSG00000123353	-0.215265873349849
ENSG00000135392	0.00794943024409057
ENSG00000182796	-0.22909424898056
ENSG00000123342	0.173789181891725
ENSG00000170473	-0.108893282891503
ENSG00000123374	0.10863368579566
ENSG00000139531	0.0552938196053636
ENSG00000197728	-0.372360448881048
ENSG00000170515	-0.0125081502132412
ENSG00000229117	-0.0411116725616774
ENSG00000181852	0.140346066538048
ENSG00000139645	0.215460105597801
ENSG00000257303	-0.161983069543049
ENSG00000135473	0.0180314758995671
ENSG00000170581	0.0617800811088147
ENSG00000111602	-0.0561303244523228
ENSG00000135423	0.3269070440767
ENSG00000257576	0.0594016464368625
ENSG00000110955	0.282545101975334
ENSG00000110958	-0.0180833614636549
ENSG00000196531	-0.167685662128398
ENSG00000198056	-0.0353360443147536
ENSG00000025423	0.138978214550379
ENSG00000166860	0.032024258545185
ENSG00000166863	-0.308959294838284
ENSG00000166886	0.317466588411787
ENSG00000166888	0.26164617161193
ENSG00000123384	0.3309549007884
ENSG00000182199	0.0994923238565006
ENSG00000185482	-0.263173394086638
ENSG00000179912	0.014653565016873
ENSG00000123329	-0.205674129264252
ENSG00000166986	0.0508905134405137
ENSG00000175197	-0.193223266918178
ENSG00000166987	-0.00786301185806216
ENSG00000175203	0.0650181368590098
ENSG00000166908	0.214311604430328
ENSG00000178498	0.0522872200754382
ENSG00000240771	-0.085022684619239
ENSG00000224713	0.0928395682231817
ENSG00000135502	0.0155879341170514
ENSG00000135454	-0.0721036396223899
ENSG00000135506	0.0615284683750124
ENSG00000135439	0.209472230588096
ENSG00000135452	-0.0496233441676096
ENSG00000135446	-0.0936325303370106
ENSG00000139266	0.130588679209243
ENSG00000135407	0.130659628771645
ENSG00000270039	-0.0909281946411142
ENSG00000269903	0.0572504113320257
ENSG00000175215	-0.0129210343257284
ENSG00000273805	-0.39251389463673
ENSG00000257698	0.0451323497214713
ENSG00000135655	-0.0305140033303025
ENSG00000221949	-0.0615347648492899
ENSG00000257354	0.00929219354778791
ENSG00000275180	0.0911008927906097
ENSG00000111110	-0.111445564001492
ENSG00000118600	-0.14575414202307
ENSG00000255642	0.0323277687342702
ENSG00000174206	-0.0648289110427433
ENSG00000184575	0.0168199432606379
ENSG00000255566	0.0255407112834786
ENSG00000183735	-0.195839240887827
ENSG00000135677	-0.0835691246025919
ENSG00000111490	0.0621005766405108
ENSG00000156076	0.539023442037328
ENSG00000289319	0.115723852683233
ENSG00000174106	-0.0284027941200524
ENSG00000174099	-0.102003385677467
ENSG00000139233	-0.0774451416900132
ENSG00000155957	-0.161645074487232
ENSG00000090376	-0.00415963092099859
ENSG00000225422	0.308028431797615
ENSG00000237766	0.124790548337155
ENSG00000111530	0.00368431959835092
ENSG00000256037	-0.191653376440999
ENSG00000127314	-0.0861452167616703
ENSG00000111581	-0.0677488406237948
ENSG00000175782	0.0045549251757376
ENSG00000135679	-0.059902431824206
ENSG00000135678	-0.019978593889441
ENSG00000257818	-0.014164399083059
ENSG00000127337	-0.0909571701441648
ENSG00000166225	-0.0644701584346015
ENSG00000166226	0.0416059695752814
ENSG00000127328	-0.0664437063851148
ENSG00000111596	-0.0087471308683948
ENSG00000135643	-0.314664456525992
ENSG00000277247	-0.2102614172925
ENSG00000173451	-0.0561735093066744
ENSG00000139291	0.0423366680065534
ENSG00000080371	-0.0453175377467138
ENSG00000121749	-0.135093068870146
ENSG00000139278	-0.0716908538932422
ENSG00000257497	0.0934181375376381
ENSG00000111615	-0.0397559719980644
ENSG00000139289	-0.0549482357699345
ENSG00000257941	0.0600959352689799
ENSG00000179941	-0.087367042467306
ENSG00000091039	0.0385133691141455
ENSG00000175183	-0.0277476799626196
ENSG00000067715	-0.100238898050757
ENSG00000177425	-0.0549976430897274
ENSG00000058272	-0.0438443183519365
ENSG00000239473	-0.397065604254783
ENSG00000111052	-0.116021674454081
ENSG00000111058	-0.040509881191472
ENSG00000133773	-0.0487415898999224
ENSG00000257431	0.105959862788867
ENSG00000289218	0.0384355970331998
ENSG00000133641	0.0536462445244729
ENSG00000139324	-0.0293554028239998
ENSG00000049130	-0.043308492542058
ENSG00000139318	0.0556128764006843
ENSG00000274021	-0.114241889358549
ENSG00000257594	-0.121398429222649
ENSG00000070961	0.109349173613144
ENSG00000271614	-0.0361280838103974
ENSG00000139329	-0.249128612235226
ENSG00000133639	0.00600283994832275
ENSG00000102189	-0.100019656968573
ENSG00000173598	-0.0194264536550264
ENSG00000177889	-0.070509764326764
ENSG00000120833	0.0493966955549739
ENSG00000271382	0.0812271443310247
ENSG00000136040	0.0431143446370455
ENSG00000258365	-0.059144211434357
ENSG00000236349	0.146764173240552
ENSG00000120798	-0.0615365319221776
ENSG00000180263	0.084464545836052
ENSG00000028203	0.0136030221794265
ENSG00000111142	-0.209730233315693
ENSG00000139343	-0.0867067782866303
ENSG00000139344	0.0678359998297314
ENSG00000111144	0.0363735615526544
ENSG00000111145	-0.0372645233360651
ENSG00000059758	0.0280903590245334
ENSG00000139350	-0.096839756206151
ENSG00000227825	-0.253265087012112
ENSG00000257167	-0.0972662617795359
ENSG00000120802	-0.114187430675773
ENSG00000075415	0.0471926235771546
ENSG00000166130	-0.00446958053579378
ENSG00000120868	-0.118682751137156
ENSG00000185046	0.0525601955887974
ENSG00000111647	0.0688681250467696
ENSG00000280088	-0.0554051907391018
ENSG00000075089	-0.118188199126223
ENSG00000136021	-0.0328077079381485
ENSG00000120800	0.00939797501331244
ENSG00000120805	0.0698846904576502
ENSG00000196091	0.0777812455126391
ENSG00000111666	0.106840443902763
ENSG00000111670	0.163126034249035
ENSG00000120860	-0.170756477060857
ENSG00000075188	-0.0266513763485638
ENSG00000139352	0.0969451073075669
ENSG00000111696	0.139257152176409
ENSG00000166598	0.247681878743447
ENSG00000139372	-0.0496165190533109
ENSG00000120837	-0.239467087080972
ENSG00000198431	0.13037725186969
ENSG00000255150	-0.0544242012422927
ENSG00000151131	-0.0353568911587905
ENSG00000136051	-0.169357105694042
ENSG00000136044	0.0430698993952741
ENSG00000074590	-0.193567235038151
ENSG00000136026	0.0203402079005084
ENSG00000111783	0.114402153139661
ENSG00000257711	0.0959779773801205
ENSG00000257918	0.0711425442651589
ENSG00000111785	0.184542419081984
ENSG00000287957	0.0330180503617363
ENSG00000257119	-0.233164801280581
ENSG00000260329	-0.12543455974258
ENSG00000120832	0.0755191250709669
ENSG00000008405	-0.00468048999975509
ENSG00000136045	-0.066924658680049
ENSG00000110851	0.121279382112385
ENSG00000198855	0.0686071774101685
ENSG00000075856	0.102898216159142
ENSG00000136003	0.0563538734294205
ENSG00000183160	-0.0513139084893533
ENSG00000110876	-0.100616567546982
ENSG00000084112	0.060343065957291
ENSG00000166111	0.182913573631777
ENSG00000256262	-0.05572921997828
ENSG00000189046	-0.169516771514513
ENSG00000076248	0.0947195893146755
ENSG00000076555	0.136386767280547
ENSG00000110906	0.117881338167121
ENSG00000151148	0.0940647881891275
ENSG00000139428	0.0330213576156547
ENSG00000110921	-0.0148838016072691
ENSG00000139438	-0.207232676452456
ENSG00000139433	-0.409536638797398
ENSG00000139437	-0.0690022755632334
ENSG00000139436	0.0577884520828764
ENSG00000076513	-0.0427483850205315
ENSG00000286220	-0.112518452155366
ENSG00000289311	0.135162245836581
ENSG00000174437	0.250379255300573
ENSG00000196510	0.0947095892630508
ENSG00000111229	-0.0609590411875116
ENSG00000111231	-0.0208277079716288
ENSG00000204856	-0.0771752435873292
ENSG00000111237	-0.0847107647341529
ENSG00000196850	0.196400461453618
ENSG00000122986	0.0566559666890403
ENSG00000186298	-0.00564669323854851
ENSG00000198324	0.142161278236469
ENSG00000204842	0.106235817868066
ENSG00000089234	0.027505570472107
ENSG00000258359	0.0476368893284648
ENSG00000111275	0.0617598454685145
ENSG00000234608	-0.0205829733930191
ENSG00000089022	0.124522180498649
ENSG00000198270	0.0240688855659894
ENSG00000089248	0.0298114203747914
ENSG00000111300	0.0369645845392846
ENSG00000135148	-0.0459732637285627
ENSG00000173064	0.221073164386076
ENSG00000089009	-0.0869824461811356
ENSG00000179295	0.0253099197011862
ENSG00000089169	0.0710641797572732
ENSG00000089127	-0.0551589796413734
ENSG00000111331	0.134238062262787
ENSG00000111335	0.0405574100917137
ENSG00000111344	-0.37655698946092
ENSG00000139405	0.0672683564412706
ENSG00000186815	0.388962114970841
ENSG00000277566	-0.0143452699430447
ENSG00000089060	0.0360908286295181
ENSG00000151176	-0.0240035303524974
ENSG00000135094	-0.0160819534884548
ENSG00000139410	0.120654334946765
ENSG00000196668	0.265398761417952
ENSG00000275898	0.116130045139231
ENSG00000111412	0.0639687758461805
ENSG00000135116	-0.0863164343011081
ENSG00000257279	0.12030724492283
ENSG00000088992	0.313233670453335
ENSG00000089250	0.0498994905023858
ENSG00000111445	0.0688342597201461
ENSG00000277873	0.0948316339111891
ENSG00000176871	0.158131859814753
ENSG00000176834	0.0385164532841448
ENSG00000089220	0.0839396891401595
ENSG00000135090	-0.0512386361636563
ENSG00000275409	0.122416183234612
ENSG00000255618	-0.286984065401547
ENSG00000139767	-0.0586763106962317
ENSG00000152137	0.251571539709401
ENSG00000213144	0.336189132499253
ENSG00000111725	0.106567756631128
ENSG00000122966	0.150103924931171
ENSG00000135127	-0.00561428773404876
ENSG00000111737	0.0867818001982358
ENSG00000277283	-0.148390612596104
ENSG00000089154	0.157253736595728
ENSG00000089157	-0.00627460731303263
ENSG00000255857	-0.0639660609029726
ENSG00000089159	0.0524683094972198
ENSG00000286067	0.299403013012702
ENSG00000275936	0.225643724704547
ENSG00000089163	0.00376984386722801
ENSG00000111775	-0.117007419668458
ENSG00000170855	-0.0502813259430409
ENSG00000257218	-0.0970980405089128
ENSG00000088986	0.0450392424183204
ENSG00000110871	0.0179148912597729
ENSG00000022840	0.0616695763756046
ENSG00000289401	-0.417894746536731
ENSG00000167272	-0.188276548168716
ENSG00000157782	-0.0745339735157359
ENSG00000110917	0.259173499557311
ENSG00000276188	-0.426658873295274
ENSG00000175970	0.0530859104537521
ENSG00000122971	0.204069471604983
ENSG00000157837	-0.0452494223032459
ENSG00000135114	0.146164925686901
ENSG00000286248	-0.0741338219911583
ENSG00000135124	-0.0658814103199596
ENSG00000110931	0.200229193386327
ENSG00000170633	0.02167375682266
ENSG00000089094	-0.0136693515346216
ENSG00000276045	0.0168161165590521
ENSG00000188735	0.049804090229044
ENSG00000212694	-0.0220372427313589
ENSG00000272849	0.0845398698637414
ENSG00000274292	-0.0809579134224761
ENSG00000139718	0.162476184010364
ENSG00000110987	0.152463553954158
ENSG00000175727	0.118692010602262
ENSG00000139719	0.0540993495061265
ENSG00000130779	0.018177355980142
ENSG00000033030	-0.0151074447463715
ENSG00000274191	0.00716680402020671
ENSG00000182782	-0.362201606823769
ENSG00000139726	-0.0119068524202691
ENSG00000130787	-0.152497888515848
ENSG00000139722	0.0213322132090326
ENSG00000280138	0.113938504862159
ENSG00000150967	0.101559929657118
ENSG00000051825	0.0331915493049218
ENSG00000280120	0.292444065891923
ENSG00000111328	-0.308671511001089
ENSG00000139697	0.0562691569609668
ENSG00000183955	-0.0295660380951386
ENSG00000150977	-0.0397247938745882
ENSG00000184209	-0.258339749667522
ENSG00000086598	-0.0440568603451427
ENSG00000111364	0.0153134740134578
ENSG00000111361	-0.0619614898634103
ENSG00000111358	-0.000318006743718865
ENSG00000185344	-0.00705240937107353
ENSG00000270130	-0.154662013451115
ENSG00000275389	-0.184818651416398
ENSG00000073060	0.224026027456811
ENSG00000150991	0.0198134977173161
ENSG00000150990	0.076258162054639
ENSG00000184992	0.165456758956401
ENSG00000139364	0.114974072449573
ENSG00000256001	-0.0599999718729822
ENSG00000139370	-0.114984162826522
ENSG00000151948	0.130618735436104
ENSG00000060709	0.0450202964187953
ENSG00000111450	-0.0789595303304925
ENSG00000132341	0.0490942062718877
ENSG00000279940	0.0630974398278601
ENSG00000280200	0.0416057666911704
ENSG00000198598	-0.0440796826666729
ENSG00000256955	-0.117423900350506
ENSG00000279283	0.192029077831683
ENSG00000177192	0.0956791816587223
ENSG00000183495	0.126590046584174
ENSG00000185684	0.16759322890078
ENSG00000185163	-0.0238259818052949
ENSG00000256542	0.153204033073848
ENSG00000280287	0.0291594570020309
ENSG00000279700	0.379855429165079
ENSG00000277186	0.138524095384281
ENSG00000176894	-0.0131881965993691
ENSG00000247077	0.146357341871885
ENSG00000176915	-0.0247054639333559
ENSG00000090615	0.0820202806889736
ENSG00000072609	-0.0142737447183063
ENSG00000236617	-0.135328185694704
ENSG00000196458	-0.0156733001250317
ENSG00000198393	0.0643174639641798
ENSG00000214029	0.00622097794315053
ENSG00000256223	0.0258899259455838
ENSG00000090612	0.0587579324884352
ENSG00000196199	-0.00989970132491697
ENSG00000121390	-0.0287264798894768
ENSG00000132950	-0.086802387890346
ENSG00000275964	-0.139856092540325
ENSG00000289235	-0.22105546861926
ENSG00000121741	-0.0624059189571237
ENSG00000237672	-0.264567394027851
ENSG00000279951	-0.0791694340642543
ENSG00000121742	0.0604573648963968
ENSG00000165475	-0.213672623151049
ENSG00000278291	-0.0255227573819059
ENSG00000172458	0.105361482642598
ENSG00000279135	0.339607496751331
ENSG00000150456	-0.121390227237663
ENSG00000275485	0.319249019911684
ENSG00000132953	-0.0266435222810336
ENSG00000150459	-0.0949730795569856
ENSG00000173141	-0.115326394493703
ENSG00000289133	-0.0758781526822673
ENSG00000180776	-0.274369000852379
ENSG00000236953	-0.215425123562275
ENSG00000102678	-0.0648449145836481
ENSG00000151835	0.0935846395460476
ENSG00000182957	0.0204921564511203
ENSG00000102699	-0.0572857092206857
ENSG00000287887	-0.0107081168805137
ENSG00000151849	-0.083906993262364
ENSG00000253771	-0.118607692598962
ENSG00000165566	-0.421932305165943
ENSG00000234056	-0.100169279312944
ENSG00000139505	-0.109141965987772
ENSG00000260509	0.0148355635563608
ENSG00000139496	-0.0648062595631667
ENSG00000234152	0.228121689517128
ENSG00000180730	0.00079830952936997
ENSG00000127870	0.106304795509596
ENSG00000132975	0.0644246810979699
ENSG00000152484	-0.0299903296978823
ENSG00000122026	-0.159109162421003
ENSG00000122035	-0.027261893122665
ENSG00000122034	-0.206869504149347
ENSG00000139517	0.0697853505011334
ENSG00000186184	-0.0810993845798244
ENSG00000169840	-0.100623300136939
ENSG00000102755	0.266817363676653
ENSG00000279393	0.398235864326693
ENSG00000132963	-0.141448673004248
ENSG00000233588	0.180311664414869
ENSG00000122042	-0.089033762060027
ENSG00000279149	0.301768814828455
ENSG00000213411	0.292716422259653
ENSG00000232489	0.65841063445472
ENSG00000132952	0.0722063828836147
ENSG00000132965	-0.110922784357037
ENSG00000237879	0.127091330170339
ENSG00000102802	0.00508284293168646
ENSG00000120694	0.351680002880909
ENSG00000187676	0.115955954088412
ENSG00000073910	0.0717661937695666
ENSG00000133121	0.00205746165391101
ENSG00000276672	0.00849892094230394
ENSG00000172915	0.100037494003575
ENSG00000234835	-0.170375390507082
ENSG00000180660	0.0408226592089858
ENSG00000133083	0.119155301686705
ENSG00000133104	-0.0899248180555858
ENSG00000180440	-0.0475520633278536
ENSG00000133111	-0.144868628772923
ENSG00000120693	-0.133617403927959
ENSG00000120697	-0.140296103060735
ENSG00000120699	-0.121431549570723
ENSG00000102710	-0.0622316428149053
ENSG00000120686	-0.152435821506137
ENSG00000120685	0.0825652085404502
ENSG00000183722	-0.0969577837195292
ENSG00000176268	-0.215465637625481
ENSG00000120690	-0.0662369901041968
ENSG00000229473	0.016464385782006
ENSG00000120688	-0.0511949020174567
ENSG00000165572	-0.041219645340671
ENSG00000120696	-0.151587029797919
ENSG00000120662	-0.0389963862930692
ENSG00000277662	-0.0664523595764493
ENSG00000172766	-0.0242712044464162
ENSG00000102760	-0.20980272727075
ENSG00000102780	0.18664029806076
ENSG00000270809	0.133478162363983
ENSG00000023516	-0.0469896125175657
ENSG00000120675	-0.175026555000644
ENSG00000179611	0.347978812404648
ENSG00000277831	0.102595919631212
ENSG00000102804	0.185184569085394
ENSG00000278156	0.154770247314629
ENSG00000230793	0.142973760531795
ENSG00000083635	-0.0042281158116369
ENSG00000265802	0.177734653172878
ENSG00000188342	-0.105445325011551
ENSG00000273149	-0.0177912994524892
ENSG00000170919	0.0174139952273119
ENSG00000174032	0.199143454286682
ENSG00000136152	-0.0358341621944915
ENSG00000215475	-0.0320066951115126
ENSG00000123200	-0.0828835320096142
ENSG00000136167	-0.0373529490411073
ENSG00000139684	-0.0793260527278917
ENSG00000136143	0.005662239369669
ENSG00000260388	-0.135284824541293
ENSG00000136159	-0.0441094954594293
ENSG00000276968	0.107243325126334
ENSG00000136146	-0.152681604702822
ENSG00000139687	-0.0609298150785301
ENSG00000139679	-0.362807448656215
ENSG00000136161	-0.110669333929211
ENSG00000275202	-0.229123484221718
ENSG00000231665	-0.158467542937618
ENSG00000102543	-0.100891917303553
ENSG00000102547	0.155242741796964
ENSG00000136147	-0.211548815041857
ENSG00000136144	-0.23478098481655
ENSG00000123179	-0.0860150588991515
ENSG00000102753	-0.00160748349222468
ENSG00000123178	-0.0238899217017493
ENSG00000232150	-0.0402649308315929
ENSG00000136104	-0.0677334480488383
ENSG00000224892	-0.129601105398042
ENSG00000139668	-0.00342431423956463
ENSG00000102796	-0.202766341147018
ENSG00000231856	0.0347153601596624
ENSG00000281106	0.379499303517451
ENSG00000123191	0.0945930926988687
ENSG00000243406	-0.219395048258449
ENSG00000136114	0.0333588133936748
ENSG00000136108	-0.0528894143777011
ENSG00000250299	-0.00287671627903034
ENSG00000139675	-0.251777304497351
ENSG00000273723	-0.139025494125468
ENSG00000165416	-0.119650657950493
ENSG00000102837	0.132668000273425
ENSG00000225510	0.187016627412984
ENSG00000136149	-0.163187817899935
ENSG00000280165	0.337972692543293
ENSG00000184226	-0.0888185411976459
ENSG00000276644	0.0878199928173169
ENSG00000204899	0.0542378124407659
ENSG00000083520	0.0272810768947432
ENSG00000286330	-0.119801527224146
ENSG00000188243	-0.169989995422981
ENSG00000118939	-0.0752278164887538
ENSG00000136153	0.208237215330654
ENSG00000178695	-0.176392781418749
ENSG00000102805	-0.109375967336404
ENSG00000005812	-0.0775549973059753
ENSG00000274898	0.050750260170371
ENSG00000005810	0.190371981788944
ENSG00000152192	0.180489565397603
ENSG00000152193	-0.0601967636417396
ENSG00000139746	-0.0127544511036056
ENSG00000102471	-0.0310273396123468
ENSG00000136158	0.242080944087112
ENSG00000214182	-0.212402346308382
ENSG00000165300	0.18753946132561
ENSG00000088451	-0.0438950699837496
ENSG00000152749	0.00438545235469802
ENSG00000227640	-0.0461894575471396
ENSG00000125285	0.103026298196743
ENSG00000223298	-0.644146799471557
ENSG00000134873	-0.0838630057844742
ENSG00000134874	0.129114283743178
ENSG00000247400	0.0490304592416987
ENSG00000102580	0.109760621114191
ENSG00000276809	0.0648411080393939
ENSG00000139793	-0.123127566572317
ENSG00000125249	-0.0831611894501497
ENSG00000276573	0.199457439319327
ENSG00000276704	-0.0441993706223628
ENSG00000065150	0.02904345278373
ENSG00000152767	0.0872889816224673
ENSG00000102572	0.0455706054211662
ENSG00000088387	-0.0528351753612485
ENSG00000260992	0.0433898545619067
ENSG00000228889	0.0352200163940381
ENSG00000169508	-0.664383393953391
ENSG00000125304	0.015771461186414
ENSG00000280734	-0.12627919682944
ENSG00000139800	-0.0414112592226712
ENSG00000043355	-0.218367551890749
ENSG00000289594	0.0305637098169244
ENSG00000102452	-0.0370292865654715
ENSG00000279702	-0.0659754205673071
ENSG00000134900	-0.0609974950773313
ENSG00000134901	0.00335937209090865
ENSG00000134899	-0.236460581508679
ENSG00000278445	-0.0863818296126336
ENSG00000233532	0.108046534260778
ENSG00000125266	0.0770478764112096
ENSG00000274204	-0.171001617592477
ENSG00000278698	-0.000112008702600246
ENSG00000276740	-0.334642557019949
ENSG00000274718	-0.321725863669111
ENSG00000174405	-0.228233208310273
ENSG00000139826	-0.0281499269309897
ENSG00000274331	0.142776584545614
ENSG00000276269	-0.234321752284094
ENSG00000287575	-0.158339279602241
ENSG00000187498	0.038012222445906
ENSG00000134871	0.0698298617202427
ENSG00000139832	-0.0769242027137561
ENSG00000213995	0.0538728025565725
ENSG00000134905	-0.0176573852465078
ENSG00000277767	0.225900396995982
ENSG00000235875	0.0407735338746022
ENSG00000224243	0.202151666462814
ENSG00000229520	0.568014391863312
ENSG00000126216	-0.028023230157931
ENSG00000277159	-0.0624425648865876
ENSG00000274922	0.114656651786387
ENSG00000068650	-0.0378791024406208
ENSG00000235280	-0.0848679722849101
ENSG00000289354	0.0265178763060748
ENSG00000269376	-0.433687592041737
ENSG00000057593	0.0328663487480868
ENSG00000283828	0.0381948334340794
ENSG00000126226	-0.0188213421552735
ENSG00000139842	-0.0756009245222989
ENSG00000185896	-0.137144953589529
ENSG00000139835	-0.0568102297925455
ENSG00000150401	-0.126310453166217
ENSG00000150403	-0.0720095022513329
ENSG00000276248	-0.12727476597901
ENSG00000198176	-0.00925045405799075
ENSG00000183087	0.0110958144422627
ENSG00000272695	-0.176877852303057
ENSG00000260910	-0.0956504316577809
ENSG00000185989	-0.178304148807803
ENSG00000130177	-0.0539722816939151
ENSG00000169062	-0.179055254503134
ENSG00000198824	-0.0637728294138637
ENSG00000260615	0.191978896158084
ENSG00000258806	0.216073340509974
ENSG00000136319	-0.0917746586762019
ENSG00000258768	0.451561984782924
ENSG00000100814	-0.00373674058610382
ENSG00000287735	0.193301826860681
ENSG00000129484	-0.0630213763941448
ENSG00000129566	0.138228757899817
ENSG00000185271	-0.0910655591073613
ENSG00000092094	-0.181914498531112
ENSG00000258515	-0.236363808829626
ENSG00000100823	-0.0525385665690168
ENSG00000198805	0.11965336125197
ENSG00000258908	-0.0515624714573434
ENSG00000214274	-0.0595241925279946
ENSG00000258818	-0.0789322469194628
ENSG00000169413	-0.72730201307031
ENSG00000169397	-0.197637378778104
ENSG00000136315	-0.553238721839329
ENSG00000169385	-0.388935955658081
ENSG00000165792	0.000125938766101685
ENSG00000165795	0.0580381471701449
ENSG00000165801	0.0636958004725623
ENSG00000258441	0.171008111755675
ENSG00000092199	0.0139484215620267
ENSG00000092201	0.0712625047717365
ENSG00000100888	0.0797337589731383
ENSG00000129472	-0.0188887512419081
ENSG00000092203	0.0323060705379
ENSG00000165819	0.0404938477238329
ENSG00000211829	-0.0203098861009934
ENSG00000129562	-0.17973102385565
ENSG00000100439	0.0956167297425662
ENSG00000242061	0.0232803490059969
ENSG00000155463	-0.0176197977498051
ENSG00000155465	-0.0998165946365636
ENSG00000172590	-0.0970742317019586
ENSG00000197324	0.154549323760359
ENSG00000139890	0.373324252194425
ENSG00000100462	0.212160598763618
ENSG00000092036	-0.0800312884966106
ENSG00000100802	0.0189288221420965
ENSG00000280129	-0.113556707216431
ENSG00000100804	0.0223337840456561
ENSG00000139880	0.172524313076653
ENSG00000100813	-0.0974275759168811
ENSG00000179933	-0.170573628257215
ENSG00000092068	0.0187868503700879
ENSG00000215271	-0.10277611697297
ENSG00000235194	0.0287377175875864
ENSG00000129473	0.0650382735479796
ENSG00000100836	-0.0802753929768695
ENSG00000100842	-0.233533806134209
ENSG00000166091	-0.678169340260886
ENSG00000129460	-0.0662027543784411
ENSG00000136367	0.0228509529209509
ENSG00000273618	-0.143446940267601
ENSG00000259431	-0.020261882657863
ENSG00000213983	-0.12691685195848
ENSG00000258727	-0.107077407022244
ENSG00000092051	0.0203967530464705
ENSG00000274002	0.0662467474656791
ENSG00000215256	-0.0375357614024149
ENSG00000186648	0.0186015805585448
ENSG00000129535	0.0726076803890948
ENSG00000100889	-0.066061817292438
ENSG00000139914	0.0756965723236997
ENSG00000092010	-0.118217691423015
ENSG00000259321	-0.128306886169041
ENSG00000100911	-0.0298803839855265
ENSG00000092098	0.14803653482977
ENSG00000213928	-0.239303462919951
ENSG00000100918	-0.106847151579785
ENSG00000196497	0.108709762396191
ENSG00000278784	-0.342447316421157
ENSG00000139908	0.0665403028160406
ENSG00000254505	-0.0534951322778939
ENSG00000213920	-0.170074455041731
ENSG00000129559	0.0296465590934337
ENSG00000100938	-0.08990034518863
ENSG00000092330	-0.0641677898834494
ENSG00000092295	0.0650191473882489
ENSG00000100949	0.123508644827098
ENSG00000157379	-0.12904228030593
ENSG00000213906	0.0750298301914442
ENSG00000213903	0.030760185464688
ENSG00000129467	0.102543123850839
ENSG00000129465	-0.0481262565611882
ENSG00000100968	0.265000760930614
ENSG00000205978	0.100513533952712
ENSG00000100448	-0.26022691496053
ENSG00000100450	-0.083939501174932
ENSG00000100453	0.255484876084052
ENSG00000168952	0.00249409257420382
ENSG00000288100	0.0878230101117402
ENSG00000139910	-0.12806337709701
ENSG00000258548	-0.181196894582045
ENSG00000197358	0.378199976202982
ENSG00000257126	0.0536761493027397
ENSG00000186960	0.179199562638156
ENSG00000176165	0.178569165360191
ENSG00000092108	-0.00994016923208747
ENSG00000100473	0.354273882034604
ENSG00000196792	-0.0335055971307937
ENSG00000100478	-0.0425634394629822
ENSG00000092148	0.0287456789412093
ENSG00000129493	-0.137811791539609
ENSG00000129480	-0.130015255559938
ENSG00000258655	-0.070805081358777
ENSG00000100852	-0.18188846229034
ENSG00000286527	0.143631779419916
ENSG00000202337	0.081005769537185
ENSG00000151320	-0.0609886367595834
ENSG00000259045	0.430305879949484
ENSG00000289111	-0.109684400524733
ENSG00000129521	-0.0491809669007241
ENSG00000165389	-0.0492654521410349
ENSG00000129518	-0.0780895391020815
ENSG00000198604	0.0182107394111902
ENSG00000226677	-0.0153170246884261
ENSG00000100883	-0.0324226680346445
ENSG00000151327	-0.23008331998669
ENSG00000092020	-0.0706318352459488
ENSG00000279434	-0.00479822761834836
ENSG00000100890	-0.0342365502877065
ENSG00000240392	-0.00306132720925448
ENSG00000100902	-0.038227529229195
ENSG00000100906	0.110881307514788
ENSG00000168348	0.30817042486535
ENSG00000100916	0.0152932635429116
ENSG00000151332	-0.142891796242895
ENSG00000258708	-0.453079229027081
ENSG00000139874	0.0640603322693016
ENSG00000176435	0.158044582284672
ENSG00000100934	0.187346114616496
ENSG00000092208	-0.078570975438639
ENSG00000182400	0.188507939015941
ENSG00000150527	0.0320320798268107
ENSG00000165355	0.0588210908598351
ENSG00000259051	0.723512771571577
ENSG00000198718	0.0122856416090562
ENSG00000100442	-0.0801667475917071
ENSG00000129534	0.0238849674814356
ENSG00000244053	-0.243149881152962
ENSG00000213741	-0.188336671224018
ENSG00000276168	-0.278630435098083
ENSG00000165501	-0.0266377813914554
ENSG00000168282	0.241308756762551
ENSG00000165516	0.0565976952105886
ENSG00000165525	-0.0790751516993627
ENSG00000165527	-0.13435644011993
ENSG00000100483	0.236844147677808
ENSG00000100485	-0.0961443331234856
ENSG00000125375	-0.0965287032701877
ENSG00000198513	0.128896448359908
ENSG00000269906	-0.226125052674551
ENSG00000270062	-0.399613195084117
ENSG00000100504	-0.22596367878367
ENSG00000131969	-0.128795504151459
ENSG00000258711	-0.156653133677191
ENSG00000100505	-0.00413388269921059
ENSG00000139921	-0.13395854927617
ENSG00000186469	-0.255205624961221
ENSG00000087302	-0.153132802924464
ENSG00000180998	0.052780711425128
ENSG00000197930	-0.0162253609207083
ENSG00000100519	-0.0476079072776674
ENSG00000198252	-0.0107909065561171
ENSG00000100522	0.0333397838316691
ENSG00000073712	-0.00352486076841159
ENSG00000100523	-0.0929803939434619
ENSG00000125378	-0.106260832129747
ENSG00000100528	-0.108160162534056
ENSG00000197045	-0.143270610604322
ENSG00000100532	-0.122217580764894
ENSG00000020577	-0.0732708550906255
ENSG00000131979	0.121464609752553
ENSG00000180008	-0.140175314027718
ENSG00000168175	-0.017109591313633
ENSG00000289523	-0.147767848801933
ENSG00000131981	-0.401963761730398
ENSG00000178974	0.107372946644982
ENSG00000126775	-0.0876640748963014
ENSG00000277763	0.0771302420784852
ENSG00000139946	-0.0625478225265827
ENSG00000053770	-0.0441867229976316
ENSG00000139977	0.0437723521940947
ENSG00000131966	0.0683237710415587
ENSG00000100567	-0.0955337737242978
ENSG00000257621	-0.0915094973963037
ENSG00000180189	-0.151812432066068
ENSG00000032219	-0.0556975317186988
ENSG00000100575	-0.0781273094381588
ENSG00000050130	-0.180804590541212
ENSG00000139970	-0.00771894648844877
ENSG00000100612	-0.11166388682923
ENSG00000258427	0.110954636485579
ENSG00000100625	-0.0367547415388469
ENSG00000126814	-0.0579143781712885
ENSG00000139974	0.0262841224512702
ENSG00000027075	0.0657556952533406
ENSG00000182107	0.174288951178896
ENSG00000247287	-0.0354992297943429
ENSG00000258926	0.143057169537588
ENSG00000288928	0.293010128506604
ENSG00000279633	0.173287292911711
ENSG00000139973	0.0491416688306263
ENSG00000186369	0.190630020919065
ENSG00000126785	0.122430166603179
ENSG00000258943	0.196860239574914
ENSG00000140006	-0.0198794122965316
ENSG00000284664	0.0705820657459726
ENSG00000089775	-0.00390301529188624
ENSG00000179841	0.1369001174756
ENSG00000126804	-0.0292567956816775
ENSG00000070182	0.188117907768942
ENSG00000258289	-0.233151243509429
ENSG00000139998	-0.0160904313090531
ENSG00000257365	0.011706248505155
ENSG00000272158	-0.0842982345316613
ENSG00000125952	-0.061710419827714
ENSG00000033170	-0.174512892096775
ENSG00000100554	0.105171749281118
ENSG00000134001	0.100692977674232
ENSG00000198133	0.0504075514561074
ENSG00000100564	-0.0747971480546557
ENSG00000081181	0.186090138161143
ENSG00000286861	0.0916009745101868
ENSG00000100568	0.0149273199366702
ENSG00000139988	-0.00428644014826455
ENSG00000072121	0.0109855774284915
ENSG00000259038	-0.285712640239354
ENSG00000258623	-0.0734260204996565
ENSG00000185650	0.0995715380271666
ENSG00000072110	0.318616676247434
ENSG00000258967	0.0818952715442217
ENSG00000081177	0.0349174721994398
ENSG00000100626	0.134617073792622
ENSG00000280073	0.0589159915576602
ENSG00000029364	0.020462272249569
ENSG00000100647	0.046804747156182
ENSG00000198732	-0.0231945790537301
ENSG00000100678	-0.0618307227124748
ENSG00000274330	-0.221864312011875
ENSG00000213463	-0.135606772751408
ENSG00000133997	0.0576155175247939
ENSG00000133985	0.0246633595233315
ENSG00000006432	0.0125460349388963
ENSG00000259153	0.226673680447454
ENSG00000274818	-0.0387776786867072
ENSG00000100731	0.040808437189462
ENSG00000269945	0.151112105969598
ENSG00000197555	0.147356919475025
ENSG00000119599	0.114844108860784
ENSG00000119707	-0.0749295503903324
ENSG00000100767	0.280701320729096
ENSG00000258944	-0.38933570480032
ENSG00000133961	0.106201545610126
ENSG00000170468	0.114705020876694
ENSG00000176903	0.125437906160168
ENSG00000156030	0.0567501762303991
ENSG00000259065	-0.134597997108812
ENSG00000119725	0.0341636253897625
ENSG00000156050	0.233965672178575
ENSG00000119723	-0.0560605707273629
ENSG00000187097	-0.0704172746035086
ENSG00000119711	0.0450405963878277
ENSG00000119688	-0.0875592458468228
ENSG00000258559	0.00814610109214501
ENSG00000183379	0.267712447131658
ENSG00000119655	-0.271639651601641
ENSG00000165898	0.123397984869399
ENSG00000119682	0.0412303549904568
ENSG00000119616	0.0101964439231281
ENSG00000119689	0.240305934264304
ENSG00000198208	-0.0153855012708167
ENSG00000119718	-0.0409592817358921
ENSG00000119684	-0.129737050712345
ENSG00000119640	-0.100096192057353
ENSG00000119638	0.0141201906354984
ENSG00000170348	-0.145904400823124
ENSG00000170345	0.265225636323846
ENSG00000259319	0.0417585073591017
ENSG00000140044	0.0356080410258512
ENSG00000156127	0.0294227859315402
ENSG00000071246	-0.0187886265838885
ENSG00000259081	-0.0179716629725425
ENSG00000258301	-0.202922995896942
ENSG00000013523	0.103440407226945
ENSG00000119669	0.158523810715507
ENSG00000273729	0.034665560060707
ENSG00000258819	-0.0406262651060182
ENSG00000198894	-0.0546146333977141
ENSG00000177108	-0.269767494435363
ENSG00000269883	-0.0665645443282519
ENSG00000165553	-0.294927978748334
ENSG00000009830	0.00564162397360595
ENSG00000100577	-0.244711516715089
ENSG00000151445	0.0423180210932363
ENSG00000100591	0.00536003046742003
ENSG00000100601	0.0216003326756708
ENSG00000100603	-0.0300943138702509
ENSG00000063761	-0.0114193409504607
ENSG00000165417	0.0164149980809504
ENSG00000273783	-0.0710120569998776
ENSG00000205579	0.776341736500088
ENSG00000140022	-0.0660905341106973
ENSG00000071537	0.0517928695206905
ENSG00000259032	-0.122360241391632
ENSG00000205562	0.0357627673447317
ENSG00000185070	0.132962377690864
ENSG00000054983	-0.0821072569246814
ENSG00000140030	-0.120083664233643
ENSG00000042317	-0.0259927835743415
ENSG00000258789	-0.0655698000358857
ENSG00000278576	-0.103667203831855
ENSG00000274492	0.19160466949942
ENSG00000258920	0.105532606397774
ENSG00000042088	-0.00406897172465811
ENSG00000100764	0.0513594281336876
ENSG00000119720	-0.0285985020533248
ENSG00000198668	0.162577366374108
ENSG00000258424	0.196251531317347
ENSG00000165914	0.0150123270560537
ENSG00000100784	0.102496043391049
ENSG00000133943	0.110972150443422
ENSG00000258875	-0.0304391029277158
ENSG00000260810	-0.0272781428683224
ENSG00000015133	0.262546055497812
ENSG00000100796	-0.016098101327379
ENSG00000140092	0.100466855252855
ENSG00000100815	-0.0556327887308048
ENSG00000066427	-0.0590351696196976
ENSG00000183648	-0.236925188774702
ENSG00000100600	0.11247384798774
ENSG00000066455	-0.15695293487233
ENSG00000100604	-0.42524274529355
ENSG00000165943	0.20824447668471
ENSG00000012963	0.0335370632544459
ENSG00000240096	0.259981935798235
ENSG00000011114	-0.00383696997992563
ENSG00000133958	0.0643045493059267
ENSG00000187581	-0.00758870853929596
ENSG00000140067	-0.195996912965682
ENSG00000089737	0.186527088283703
ENSG00000165949	-0.0281257801974969
ENSG00000119632	-0.36146335464794
ENSG00000119698	0.0639442254121142
ENSG00000197249	-0.0523570975522152
ENSG00000188488	0.243273582796581
ENSG00000196136	0.28880191853162
ENSG00000235706	0.0583024154296053
ENSG00000176438	-0.137619992697827
ENSG00000247092	-0.0211747540028749
ENSG00000182512	-0.00775390821122913
ENSG00000250366	0.101724485334705
ENSG00000258788	0.127681262743215
ENSG00000100744	0.0982086006690802
ENSG00000260806	-0.224797420543316
ENSG00000090060	-0.0836706686415683
ENSG00000258702	0.259235736431026
ENSG00000100749	0.00193188560859587
ENSG00000259110	0.330240782646634
ENSG00000127152	0.0989691441623615
ENSG00000183576	-0.0316533158817858
ENSG00000182218	0.191156658233526
ENSG00000036530	0.160978055967168
ENSG00000066629	0.168518150540746
ENSG00000271198	-0.380005115009199
ENSG00000196405	-0.045763409822355
ENSG00000100811	-0.0194086537935902
ENSG00000197119	0.253135970179268
ENSG00000258666	0.275055974379817
ENSG00000140105	0.141431314392326
ENSG00000258521	0.05020570893933
ENSG00000258581	0.178131277244869
ENSG00000183092	-0.036254935222954
ENSG00000259031	-0.196343697476139
ENSG00000214548	0.127695687601941
ENSG00000223403	-0.131785287669594
ENSG00000288302	-0.00985510816061079
ENSG00000258919	0.199613366010427
ENSG00000078304	-0.00633960310718442
ENSG00000271780	-0.0611124064399185
ENSG00000272444	-0.0718533475340706
ENSG00000197102	0.0649539819556309
ENSG00000240457	0.0357387485270767
ENSG00000080824	0.077103439450189
ENSG00000140153	-0.0553019017313897
ENSG00000100865	-0.0918611865730205
ENSG00000156381	0.253834533637132
ENSG00000259515	0.101705236792223
ENSG00000289207	0.0529093922700389
ENSG00000185215	-0.138519651442006
ENSG00000259374	0.0640399774347712
ENSG00000251533	0.0940072917040014
ENSG00000259775	-0.276007975709725
ENSG00000100664	-0.128968618500989
ENSG00000075413	-0.0187276456620642
ENSG00000166165	0.488069071984992
ENSG00000260285	0.181851407143936
ENSG00000166166	0.17125912151766
ENSG00000166170	0.0403643827887565
ENSG00000126214	-0.0606365431317871
ENSG00000256053	-0.0311750326657506
ENSG00000246451	0.27055060899502
ENSG00000269958	0.00494601053845255
ENSG00000100711	0.0671860800605839
ENSG00000258986	-0.0410856635367235
ENSG00000260792	0.229098908698904
ENSG00000203485	0.136668202109994
ENSG00000258858	0.0939762423820952
ENSG00000185100	0.00327705345911925
ENSG00000184990	0.0858599391226486
ENSG00000279140	0.0632170678879721
ENSG00000258701	-0.0497795362116045
ENSG00000258811	0.0646048328456394
ENSG00000099814	0.269521635048809
ENSG00000166428	-0.263902372989161
ENSG00000170779	0.0222414454643338
ENSG00000183484	-0.0788827381775978
ENSG00000257556	0.0871475539896428
ENSG00000183828	0.413895457836659
ENSG00000182979	-0.0345005086417227
ENSG00000257270	0.0971246410903344
ENSG00000182809	0.153276092119267
ENSG00000213145	-0.217270420375535
ENSG00000230157	-0.124548501245626
ENSG00000211892	-0.0195776975662647
ENSG00000211893	-0.295576237578463
ENSG00000211895	0.0143387575242531
ENSG00000211896	-0.324084188962537
ENSG00000211897	-0.246795332151851
ENSG00000211899	-0.449895127391397
ENSG00000211938	-0.0416327841129457
ENSG00000211949	-0.259296805148767
ENSG00000270550	0.205897422824117
ENSG00000211959	0.0107817919440576
ENSG00000211965	-0.147563842229222
ENSG00000211966	-0.339466675173185
ENSG00000180229	-0.26135836005511
ENSG00000259098	-0.133996534687876
ENSG00000277435	-0.129079455774975
ENSG00000274253	-0.202571259308067
ENSG00000170113	-0.198605742618576
ENSG00000140157	0.0199800774008943
ENSG00000273749	0.0278540427871227
ENSG00000275835	-0.0559144420304278
ENSG00000182636	0.0106103940915223
ENSG00000224078	0.0511644963738255
ENSG00000279192	-0.163690805513771
ENSG00000280234	0.17816839848766
ENSG00000166206	0.0721273002718833
ENSG00000278840	-0.23276593479401
ENSG00000256338	-0.176805621610274
ENSG00000254398	-0.139553618477471
ENSG00000188626	0.0258247779445929
ENSG00000260844	0.226093755124958
ENSG00000287894	-0.0624242108287893
ENSG00000104059	0.00410732232066695
ENSG00000185115	-0.247812940921842
ENSG00000256802	-0.15664040232169
ENSG00000104067	-0.116736546931535
ENSG00000259644	-0.0782140839378584
ENSG00000234664	-0.273839099002511
ENSG00000261747	0.368399456098596
ENSG00000259993	0.175773488911535
ENSG00000166912	-0.303737533289987
ENSG00000259448	-0.211996660220707
ENSG00000288627	0.0745969200135629
ENSG00000261491	0.0115722351391796
ENSG00000198826	-0.0557818348420112
ENSG00000166922	-0.178493022685463
ENSG00000259721	-0.068139515422618
ENSG00000166923	-0.797079994481904
ENSG00000134153	-0.0345951009164788
ENSG00000182405	0.0936367785324494
ENSG00000128463	0.0390010461225024
ENSG00000140199	0.0520787967544797
ENSG00000182117	-0.11010074770085
ENSG00000176454	-0.111956029305141
ENSG00000259904	-0.102866283817965
ENSG00000175265	0.0373218067012232
ENSG00000279092	0.239572517821251
ENSG00000261559	0.353214211057545
ENSG00000215252	0.0741557043438702
ENSG00000159248	-0.239263991878688
ENSG00000021776	0.0292035423555402
ENSG00000198146	0.0592853876862154
ENSG00000186073	0.0725936379277242
ENSG00000134138	0.174892642252183
ENSG00000288808	0.317449109446922
ENSG00000274444	0.0307999853303244
ENSG00000166068	0.00845178543023149
ENSG00000171262	-0.0284804733378804
ENSG00000172575	0.10342018326298
ENSG00000286786	0.107147791676729
ENSG00000259326	0.00833280672653994
ENSG00000137801	0.341666419737908
ENSG00000278621	0.239349300722432
ENSG00000261136	0.223095776447462
ENSG00000166073	0.252448236152241
ENSG00000128829	0.0527264821219603
ENSG00000140319	-0.116634198625711
ENSG00000248508	0.0878258925152754
ENSG00000104081	-0.101518332986844
ENSG00000137843	0.187159814736088
ENSG00000273786	0.363521819564726
ENSG00000137841	-0.158417872082518
ENSG00000230778	0.30730647032624
ENSG00000273855	0.19124857918769
ENSG00000289148	0.147562913912509
ENSG00000128928	0.120335046557611
ENSG00000140320	0.251117337118413
ENSG00000259211	0.0250958830611351
ENSG00000169105	0.0553354238648523
ENSG00000166133	0.0994510296263892
ENSG00000245849	-0.0388797103576822
ENSG00000137824	-0.0319383937675675
ENSG00000137880	-0.0444166386018654
ENSG00000104129	-0.00297730859039638
ENSG00000188277	0.11994559617922
ENSG00000166140	-0.0774974889734434
ENSG00000104140	-0.0572714257240775
ENSG00000104142	0.0998609915912298
ENSG00000128917	0.45092471880274
ENSG00000128908	-0.0254834268842088
ENSG00000157021	0.0154417932361242
ENSG00000187446	-0.00874621651888109
ENSG00000247556	0.0286033367139107
ENSG00000137806	0.0105192399584454
ENSG00000137815	0.0873953180535331
ENSG00000137825	0.121141529522327
ENSG00000103932	0.211627529529797
ENSG00000092445	0.0583319437949175
ENSG00000174197	-0.00724737951459925
ENSG00000137802	0.192149869001537
ENSG00000243708	0.153359381863078
ENSG00000137877	-0.0191557459947184
ENSG00000103966	-0.0299005838345959
ENSG00000278493	0.0469853313545998
ENSG00000168907	0.0173048592698302
ENSG00000103978	-0.143491156504636
ENSG00000103994	0.156850585311182
ENSG00000092531	-0.0445382106027469
ENSG00000180979	0.0940021709848802
ENSG00000137814	-0.142799768596913
ENSG00000260490	0.132718514071897
ENSG00000159459	0.0457411374173893
ENSG00000137842	-0.0167157235208685
ENSG00000166946	0.055383949044551
ENSG00000137822	0.120879373999653
ENSG00000166963	0.0661108503251089
ENSG00000168781	0.126096515901573
ENSG00000237289	-0.330810849670233
ENSG00000166762	-0.00278619265398693
ENSG00000275601	0.190507895201381
ENSG00000223572	-0.264212165069992
ENSG00000167004	0.0872446705469303
ENSG00000140264	-0.110036180332215
ENSG00000242028	0.0465527123893099
ENSG00000140259	0.0778706598726892
ENSG00000137770	-0.0451767717213298
ENSG00000179523	-0.0622399388004369
ENSG00000104131	0.0343672865380043
ENSG00000104133	-0.0345512511704633
ENSG00000259659	0.0633745629894067
ENSG00000166710	-0.30187015287031
ENSG00000185880	-0.029374253719162
ENSG00000259338	0.064505328166785
ENSG00000171766	-0.411446417533146
ENSG00000171763	0.0214378021837654
ENSG00000104154	0.133864376803781
ENSG00000104164	0.0934917191873466
ENSG00000137767	-0.0761281122423646
ENSG00000273972	-0.236778692009362
ENSG00000137872	-0.0457783650620401
ENSG00000104177	0.0291957257824461
ENSG00000128951	-0.0881956415865655
ENSG00000166147	-0.0166578155052933
ENSG00000274654	-0.183930686697235
ENSG00000185634	-0.0979414912736763
ENSG00000255302	-0.159789134497692
ENSG00000166200	-0.148661936273954
ENSG00000275580	-0.018352604086193
ENSG00000276593	-0.0129951736830988
ENSG00000104047	0.0193760845731403
ENSG00000104064	-0.0944105088948962
ENSG00000285410	-0.125044923472679
ENSG00000138592	-0.110836887000638
ENSG00000092439	-0.0300478776306182
ENSG00000138600	-0.0230111227523442
ENSG00000081014	-0.0684885505225886
ENSG00000183578	-0.228774621112087
ENSG00000186417	-0.417095193620158
ENSG00000104093	0.10444115150836
ENSG00000140280	-0.0888133279073367
ENSG00000128872	0.0849250631128611
ENSG00000138594	-0.0229078986708586
ENSG00000166477	-0.00127942719957628
ENSG00000069956	-0.0311481750895745
ENSG00000069966	0.00244523484233436
ENSG00000259577	0.0787643477911292
ENSG00000197535	-0.0721335107501729
ENSG00000128989	0.139066908892212
ENSG00000047346	-0.0896500733768298
ENSG00000137876	-0.0557705974913675
ENSG00000069974	0.00166761474146452
ENSG00000276533	0.4587549393634
ENSG00000225973	-0.156496019562923
ENSG00000069943	-0.0547114629443117
ENSG00000260916	0.0494579542476654
ENSG00000274765	-0.208467551285236
ENSG00000230183	0.246086411363516
ENSG00000181827	0.0142939467019943
ENSG00000274667	-0.0861256806997574
ENSG00000276524	-0.379280129018202
ENSG00000140262	-0.122227372956143
ENSG00000128849	-0.0239366631413973
ENSG00000259250	0.04178076190408
ENSG00000137845	-0.0646788461093332
ENSG00000245975	-0.215587055067022
ENSG00000157450	0.0501233642131974
ENSG00000259732	-0.123292717114106
ENSG00000157470	-0.034291069354643
ENSG00000140299	-0.0525748504634863
ENSG00000259657	0.138211937547714
ENSG00000182718	-0.175505913040954
ENSG00000128915	-0.115223809319571
ENSG00000273958	0.173929682538075
ENSG00000259251	-0.19737270106481
ENSG00000205502	0.553648642463166
ENSG00000274340	0.204369151351815
ENSG00000171914	0.0905036896635198
ENSG00000103642	0.0215927684587198
ENSG00000185088	-0.0789029208277842
ENSG00000074410	0.490455718714424
ENSG00000140455	0.0688079713703316
ENSG00000197361	0.259768912334782
ENSG00000103657	0.134764290379848
ENSG00000166797	-0.141502946484052
ENSG00000028528	-0.174850135666536
ENSG00000157734	-0.537445953171437
ENSG00000166794	-0.0244198010583627
ENSG00000169118	0.0714776730975284
ENSG00000103671	-0.0375387185909181
ENSG00000180304	0.0274810483212494
ENSG00000241839	0.198532090495237
ENSG00000166839	0.132803412875395
ENSG00000186198	0.0489076571716167
ENSG00000277351	0.448504281634196
ENSG00000103710	0.0991578928251113
ENSG00000246922	-0.0538531227419772
ENSG00000090470	0.0656587563125976
ENSG00000166855	-0.0198342133811059
ENSG00000138617	0.0154190111511996
ENSG00000103742	0.147164386746376
ENSG00000074603	-0.0187078287927408
ENSG00000074696	0.0497762132915848
ENSG00000138614	-0.0101524509073135
ENSG00000074621	0.051047141357097
ENSG00000174485	-0.0289447438259271
ENSG00000103769	0.0113576748011076
ENSG00000166938	-0.0558568120597986
ENSG00000075131	-0.133876485514573
ENSG00000169032	0.164097604910414
ENSG00000174446	-0.018023739342532
ENSG00000174444	-0.156810897991231
ENSG00000174442	0.0533420172326802
ENSG00000188501	0.105111429250056
ENSG00000137834	0.0384433250611464
ENSG00000166949	0.134242393418557
ENSG00000103591	0.0757377595070888
ENSG00000189227	-0.0613964147663213
ENSG00000188779	0.00953731898102724
ENSG00000129007	-0.190520735754092
ENSG00000128973	-0.0379658625891168
ENSG00000260602	0.587324452641999
ENSG00000103647	0.0860556086896853
ENSG00000140350	-0.0188779726679134
ENSG00000212766	-0.0484383977380371
ENSG00000259222	-0.135248062368657
ENSG00000138604	0.0266889493178324
ENSG00000140332	0.0811580834233936
ENSG00000166173	-0.20402876401453
ENSG00000259744	-0.935912344275804
ENSG00000137821	0.0505335246287501
ENSG00000242276	0.212284630969496
ENSG00000166192	-0.0749606227374441
ENSG00000137817	0.0326688673665103
ENSG00000140488	-0.0675812137976734
ENSG00000166233	0.0306430858537669
ENSG00000159322	-0.147896797857991
ENSG00000260898	0.0571707908078458
ENSG00000067141	-0.0200507307403384
ENSG00000156642	-0.0280367574098018
ENSG00000281183	0.482536519256398
ENSG00000205363	-0.00676396205958075
ENSG00000260469	-0.0989836859650143
ENSG00000140464	0.0851446487603602
ENSG00000287543	0.182600777670905
ENSG00000167178	0.185696652774393
ENSG00000129009	-0.415371743912182
ENSG00000140459	0.0987471296911643
ENSG00000138623	-0.145285157068789
ENSG00000138629	0.056103774560931
ENSG00000179335	0.0448101517550029
ENSG00000179151	0.112407095838805
ENSG00000213578	-0.265203417953125
ENSG00000140474	0.0351154007810914
ENSG00000140497	-0.00549751194704595
ENSG00000178741	-0.0176474193851503
ENSG00000198794	0.0935432850237752
ENSG00000167173	0.146509417058302
ENSG00000140365	-0.138405388505487
ENSG00000275645	-0.00653604243073883
ENSG00000140398	0.057799134229471
ENSG00000140400	0.05492902479634
ENSG00000260274	-0.092340171712413
ENSG00000169410	0.0654704605061174
ENSG00000169371	0.0680038910190268
ENSG00000275454	0.564426685125043
ENSG00000274515	0.397890100271971
ENSG00000173548	0.273024907798048
ENSG00000173546	0.220570116452123
ENSG00000203392	0.381398308392849
ENSG00000140367	-0.0376131714938103
ENSG00000140374	0.129416822285983
ENSG00000140391	0.0321065905853176
ENSG00000278991	0.238666943084805
ENSG00000269951	0.0971796504213618
ENSG00000173517	0.037853898460708
ENSG00000140382	0.074651487141049
ENSG00000169783	-0.0552759743315158
ENSG00000166411	0.130176217678683
ENSG00000103740	0.209398056739608
ENSG00000140403	0.151387071872255
ENSG00000140395	-0.0191637343997915
ENSG00000166426	-0.406691571382817
ENSG00000136381	0.0265947452607506
ENSG00000188266	0.0139089187877091
ENSG00000041357	-0.123768872996192
ENSG00000080644	-0.0900640326513072
ENSG00000185787	-0.144441054718052
ENSG00000279235	-0.0328645272442299
ENSG00000058335	0.0487367285776916
ENSG00000259419	0.227660471101131
ENSG00000235711	-0.127071379478081
ENSG00000169330	-0.103358837317824
ENSG00000278600	-0.236979189095494
ENSG00000140379	0.000569387665751521
ENSG00000103876	0.0646352074326096
ENSG00000259417	-0.0523624701430144
ENSG00000258010	-0.0128446656429211
ENSG00000117899	-0.121855363810444
ENSG00000277782	-0.264432566662379
ENSG00000140406	0.106048561399894
ENSG00000183496	0.0600258783601966
ENSG00000197978	0.100446306436844
ENSG00000276710	0.091431674965642
ENSG00000182774	-0.107265515635344
ENSG00000214575	-0.0802750786328578
ENSG00000103723	-0.0112230467806029
ENSG00000259707	0.722459856716482
ENSG00000228141	0.0303701307348324
ENSG00000156232	0.0509788746541574
ENSG00000169612	0.0743812228041053
ENSG00000273747	0.101681565524837
ENSG00000136404	-0.0219273176492354
ENSG00000166503	-0.125500304740541
ENSG00000259683	-0.0116382994209979
ENSG00000244056	-1.18181248194492
ENSG00000230373	-0.0170009438191895
ENSG00000140612	-0.190257644798536
ENSG00000136383	-0.0517485100547035
ENSG00000170776	0.0704049398542678
ENSG00000259407	0.0821024191089291
ENSG00000259762	0.048832324725056
ENSG00000259416	0.185960813299087
ENSG00000183655	0.239189870385086
ENSG00000259494	-0.00627876398411892
ENSG00000140543	0.00264127939806636
ENSG00000181026	0.128082801529573
ENSG00000172183	0.108472909777763
ENSG00000140511	0.0295895373005119
ENSG00000140545	-0.190604697918654
ENSG00000140522	-0.406316942346935
ENSG00000279708	0.0925994899133812
ENSG00000255571	-0.0694704499033942
ENSG00000140519	0.0572929262043354
ENSG00000261478	-0.395490300003091
ENSG00000166813	0.0627491375542623
ENSG00000166819	0.178065537360324
ENSG00000166821	-0.00229644961443905
ENSG00000157823	0.114973654917352
ENSG00000259291	0.408476510083724
ENSG00000182054	0.112749077744014
ENSG00000185033	0.157097502032674
ENSG00000185043	0.00357550231226565
ENSG00000183208	0.0875503991950007
ENSG00000182768	0.0266859349536872
ENSG00000228998	0.79135097747182
ENSG00000196391	0.125603654883579
ENSG00000259212	-0.0581981175225274
ENSG00000140564	0.217449078102779
ENSG00000182511	0.0649332245989278
ENSG00000258384	-0.0882440045650304
ENSG00000166965	-0.0454539208071927
ENSG00000198901	0.0089287079175086
ENSG00000184056	0.068098113658415
ENSG00000185518	-0.0108021179442274
ENSG00000176463	-0.118577182657413
ENSG00000258647	0.137699419169855
ENSG00000272888	-0.284988501711501
ENSG00000173575	-0.000535586458333931
ENSG00000182175	0.192065417521725
ENSG00000258611	0.0319169573095572
ENSG00000280304	0.0521461557987513
ENSG00000285700	0.0462904167944122
ENSG00000185551	-0.0389096726696332
ENSG00000140443	0.0741261757098834
ENSG00000278022	-0.200915171105343
ENSG00000261054	-0.164381771163894
ENSG00000103852	0.00594531475066158
ENSG00000168904	-0.0144903440020296
ENSG00000259706	-0.0813673232575788
ENSG00000274294	0.129498332652784
ENSG00000068305	0.0830838783550521
ENSG00000259356	0.125162557560917
ENSG00000189419	-0.0882594107602722
ENSG00000140471	-0.0497760130388017
ENSG00000183475	-0.0644555952426323
ENSG00000131873	0.033670921187931
ENSG00000131871	-0.00946509916723528
ENSG00000131876	0.0566949578740254
ENSG00000140479	-0.167283442184854
ENSG00000184277	-0.127122412238001
ENSG00000289028	0.0450010534843849
ENSG00000007384	0.278687189772489
ENSG00000278995	0.253020358295544
ENSG00000103148	-0.0131685266801535
ENSG00000269482	0.39387941688045
ENSG00000206177	0.0564831547361242
ENSG00000188536	1.81178135882242
ENSG00000206172	1.43500749114069
ENSG00000268836	-0.365118497771843
ENSG00000007392	-0.0264565365754032
ENSG00000167930	0.00632708567974508
ENSG00000076344	-0.200223351490304
ENSG00000185615	-0.360787966228298
ENSG00000086504	0.109170338551071
ENSG00000103202	-0.00676435934460779
ENSG00000242612	0.0997641247163867
ENSG00000277142	0.0977238790050018
ENSG00000197562	0.111126075589185
ENSG00000127578	-0.167491829772982
ENSG00000130731	-0.189123719644309
ENSG00000172366	0.0987195259545218
ENSG00000140983	0.0710788569359103
ENSG00000103269	-0.155884027360241
ENSG00000127580	0.203266281786867
ENSG00000261659	-0.0504189181044985
ENSG00000127585	0.0258539136805613
ENSG00000103260	-0.0694867345337092
ENSG00000162004	-0.0148771333134307
ENSG00000103253	-0.0420594870257769
ENSG00000102854	0.0060873690951642
ENSG00000279136	0.185993047125975
ENSG00000007376	0.0258332679775949
ENSG00000127586	0.0182492496157803
ENSG00000127588	-0.204197042174322
ENSG00000103227	0.0427802900709114
ENSG00000260807	-0.0816445230377266
ENSG00000005513	-0.163866936372229
ENSG00000273551	0.000489977705760888
ENSG00000196557	0.29322892496661
ENSG00000116176	-0.120341313387066
ENSG00000277010	-0.147033547099763
ENSG00000274751	0.121114838775946
ENSG00000261505	0.0637427078245285
ENSG00000007520	0.108570355703852
ENSG00000090581	-0.191598301961955
ENSG00000260425	0.0140765175171393
ENSG00000059145	0.0969422480893142
ENSG00000284395	-0.00108568971218263
ENSG00000197599	0.208625086088267
ENSG00000279930	0.108270325534285
ENSG00000260051	-0.0404322982240772
ENSG00000100726	0.0413717991650569
ENSG00000187535	0.104252289913895
ENSG00000280231	-0.241467903820847
ENSG00000280327	-0.197509675795955
ENSG00000007545	0.0491183274893047
ENSG00000261399	-0.0131295246800806
ENSG00000103024	-0.0954023388918551
ENSG00000197774	-0.257018964344789
ENSG00000099769	0.0654983656569809
ENSG00000198736	0.249382417405842
ENSG00000140988	0.00834042829035657
ENSG00000207405	-0.344693154027413
ENSG00000277602	0.226243166683855
ENSG00000183751	0.183760629403092
ENSG00000261790	0.140057632303262
ENSG00000127561	-0.265924758037518
ENSG00000167962	0.0938770328677321
ENSG00000065057	0.0748468147418635
ENSG00000103197	0.144136209077127
ENSG00000008710	0.332950359352502
ENSG00000167964	-0.0593328567446273
ENSG00000260260	-0.248967646001712
ENSG00000167971	0.108253049691129
ENSG00000167965	0.134594811048568
ENSG00000182685	0.0393728407388173
ENSG00000184207	-0.139141893811178
ENSG00000167967	0.0778497422619454
ENSG00000167968	-0.0149498095517668
ENSG00000167969	-0.0206572073730656
ENSG00000261663	-0.0807555908207112
ENSG00000205937	-0.0124160711007529
ENSG00000243445	-0.1596538024553
ENSG00000260095	0.0843348379811097
ENSG00000162062	0.220924293553837
ENSG00000259895	0.157402186361687
ENSG00000162068	-0.25882639638793
ENSG00000162065	0.00238889770845215
ENSG00000185883	0.061348499318002
ENSG00000279520	0.104532018739389
ENSG00000162066	-0.174028002499389
ENSG00000140992	0.275675078501022
ENSG00000269937	0.00373864579242352
ENSG00000260565	-0.0783721420228496
ENSG00000167977	-0.0146859142374342
ENSG00000172382	-0.00787948558799512
ENSG00000205913	-0.159180423966036
ENSG00000167978	0.113328671771972
ENSG00000276791	-0.019639060830884
ENSG00000059122	-0.0850765648361898
ENSG00000131650	-0.158108456696737
ENSG00000289281	-0.199804441247899
ENSG00000272079	-0.240704916841808
ENSG00000213937	-0.096548203946789
ENSG00000006327	0.346561477816187
ENSG00000103145	-0.076705809673186
ENSG00000008516	0.0386827315998505
ENSG00000008517	0.0487137014796811
ENSG00000262370	-0.100166222797463
ENSG00000263072	0.0634981259331481
ENSG00000085644	0.090555150873845
ENSG00000261889	-0.250413248407789
ENSG00000010539	0.0419980562983863
ENSG00000281005	0.113287686373807
ENSG00000006194	0.0636366976247319
ENSG00000279330	0.101970618315644
ENSG00000279031	0.194612290706769
ENSG00000162086	-0.268858614076462
ENSG00000140987	-0.0642043954216736
ENSG00000167981	-0.0743234555946369
ENSG00000188827	0.0481635199102134
ENSG00000213918	0.0478204690819101
ENSG00000263235	0.192928747507856
ENSG00000126602	0.268912557623129
ENSG00000005339	0.0846716628040403
ENSG00000162104	0.173458185811886
ENSG00000262468	-0.143313213092142
ENSG00000090447	0.0474804622218588
ENSG00000126603	0.307647363041266
ENSG00000280063	-0.0587632568926794
ENSG00000262246	0.205238763774417
ENSG00000168140	0.201813130144548
ENSG00000277170	-0.123048074837386
ENSG00000277440	0.272420353648529
ENSG00000153406	-0.0810189444444739
ENSG00000102858	0.10213494826186
ENSG00000278700	0.0877093057859172
ENSG00000168101	0.109687779489864
ENSG00000103199	0.0805627726942026
ENSG00000267077	-0.281695311683764
ENSG00000275056	-0.127676319630826
ENSG00000118900	0.238012825027076
ENSG00000103174	-0.00468960210333932
ENSG00000033011	0.00987109559187803
ENSG00000153446	0.222695514369197
ENSG00000078328	0.126426566034308
ENSG00000067365	-0.0351646597939915
ENSG00000140650	-0.0110717613506404
ENSG00000187555	-0.000128184449770138
ENSG00000182831	-0.0596962375468333
ENSG00000183454	0.01449594005101
ENSG00000213853	0.183186026913042
ENSG00000289073	-0.0776147812989203
ENSG00000262488	0.0456327692576523
ENSG00000179583	-0.247974686544739
ENSG00000182108	-0.0566358144065206
ENSG00000185338	0.022415368179921
ENSG00000189067	-0.249461487563793
ENSG00000153066	0.141841841095174
ENSG00000122299	-0.0649545633876755
ENSG00000171490	0.013323613839129
ENSG00000103342	0.0712042670947461
ENSG00000048462	-0.0111853637521937
ENSG00000103381	-0.21683034846899
ENSG00000237515	0.0431138380156118
ENSG00000175595	-0.00228530293377713
ENSG00000262097	0.0253101703526056
ENSG00000186260	0.154545841671163
ENSG00000262470	0.10392654392802
ENSG00000262454	0.231404573347113
ENSG00000140694	-0.0110408818743569
ENSG00000103429	0.0566026644875579
ENSG00000255277	-0.0887352487486191
ENSG00000179889	0.0841629358483129
ENSG00000275910	-0.185918031121202
ENSG00000157045	-0.0516085254903081
ENSG00000085721	0.127639498162711
ENSG00000188599	0.0430576468077177
ENSG00000250251	0.0889393228562966
ENSG00000156968	-0.146571482511031
ENSG00000166783	-0.0045352128153001
ENSG00000280206	-0.10039108704435
ENSG00000133393	0.0697410808105942
ENSG00000134419	-0.232704773097335
ENSG00000170537	-0.247161480816995
ENSG00000205730	0.0761106760316194
ENSG00000103528	-0.0551626958409974
ENSG00000103544	-0.085819648629615
ENSG00000261195	-0.43119999259206
ENSG00000167191	-0.361380848095889
ENSG00000180269	0.165788717512598
ENSG00000183549	-0.205769720015048
ENSG00000066654	-0.010873112340464
ENSG00000188215	-0.0619907651327527
ENSG00000102897	-0.0302454683775547
ENSG00000011638	0.373014128402684
ENSG00000287809	0.113266278096821
ENSG00000197006	0.059722661341481
ENSG00000261596	-0.1412901982058
ENSG00000140749	-0.278414411769775
ENSG00000260306	0.12918968082532
ENSG00000248124	0.0948138252861765
ENSG00000185864	0.00760100805143445
ENSG00000274460	-0.0701677600128807
ENSG00000275445	-0.463246342544498
ENSG00000185716	-0.0677580451182999
ENSG00000103319	0.262821160964328
ENSG00000058600	0.0820125661010006
ENSG00000286808	-0.0127705919442218
ENSG00000140743	0.219886554550443
ENSG00000257122	0.0944800214778652
ENSG00000103404	-0.0741922130153292
ENSG00000168434	0.0298280103701181
ENSG00000280039	0.167026991334464
ENSG00000260136	0.0302514144805537
ENSG00000103365	0.173413919961751
ENSG00000103356	0.312933804051617
ENSG00000103353	0.0407031261294378
ENSG00000083093	0.0501236225501312
ENSG00000166847	0.135325603405759
ENSG00000166851	0.0614098404334544
ENSG00000166501	0.41372243009176
ENSG00000006116	-0.12244654897485
ENSG00000090905	0.0546275072000826
ENSG00000140750	0.0205373253738775
ENSG00000262155	-0.0379352509864186
ENSG00000262700	-0.26829947148915
ENSG00000155592	-0.0733382590353864
ENSG00000274925	-0.0573693207587497
ENSG00000230330	-0.054040097909385
ENSG00000259940	-0.0252228234149887
ENSG00000169189	-0.0449592898759146
ENSG00000077238	0.0973246323202054
ENSG00000077235	0.18881107327865
ENSG00000169181	0.104421028199674
ENSG00000188322	-0.112767199260445
ENSG00000188603	-0.00882082339748278
ENSG00000176046	-0.247568875781469
ENSG00000176476	-0.0232256454239075
ENSG00000196502	-0.0107642700611275
ENSG00000168488	0.120949476567551
ENSG00000178952	0.119524953006508
ENSG00000178188	0.0900808785464362
ENSG00000177548	0.00739838670964142
ENSG00000176953	0.059393167392666
ENSG00000260367	0.0232310114139913
ENSG00000169682	0.139825990816091
ENSG00000213658	0.202700699952035
ENSG00000284649	-0.0839190831619663
ENSG00000259807	-0.0441780649880008
ENSG00000169203	0.0577533777026937
ENSG00000260727	0.0880659760516389
ENSG00000197471	0.0274901804189931
ENSG00000185905	-0.0810076201259039
ENSG00000079616	0.162910593374174
ENSG00000103495	0.015609251646514
ENSG00000167371	0.261382940302541
ENSG00000280789	0.0249572682155046
ENSG00000013364	-0.02916318858619
ENSG00000174938	0.0410413014214635
ENSG00000174939	-0.00272665760022186
ENSG00000174943	0.118728480568851
ENSG00000279789	0.0966441837835089
ENSG00000149932	-0.0417321875431853
ENSG00000149929	0.0242715942721954
ENSG00000149925	0.246240451993868
ENSG00000149923	0.0085063102971805
ENSG00000149922	0.173203077016301
ENSG00000090238	-0.294043784840918
ENSG00000250616	-0.125086822475823
ENSG00000102886	0.033851699439729
ENSG00000275371	0.194607519717155
ENSG00000261052	-0.06314462562236
ENSG00000169217	0.0356047626201382
ENSG00000274653	-0.367959416448058
ENSG00000179958	0.0799245356440832
ENSG00000179918	0.0560090536391572
ENSG00000005844	-0.0445257112403969
ENSG00000169957	0.0933394611918907
ENSG00000278922	0.0314369705157496
ENSG00000169955	-0.0895984023129982
ENSG00000235560	-0.284688514940464
ENSG00000197162	0.126483971969273
ENSG00000156858	-0.0373390057530275
ENSG00000156860	0.0662146140941123
ENSG00000261840	-0.166399985743533
ENSG00000080603	0.12671385126037
ENSG00000156873	0.0958279644275568
ENSG00000103549	0.168213102203164
ENSG00000102870	0.0479327528095971
ENSG00000099385	-0.0890930577462224
ENSG00000150281	0.0783606112471175
ENSG00000260852	-0.271351234500698
ENSG00000099364	0.161452025142339
ENSG00000175938	0.0239776221248906
ENSG00000099381	0.0804159584943382
ENSG00000279196	0.0505934068727355
ENSG00000099377	-0.101242000534291
ENSG00000099365	-0.0347195095160486
ENSG00000167395	0.13676894618466
ENSG00000167397	0.00319312033772048
ENSG00000103510	0.0178475612885283
ENSG00000278133	-0.02211229511175
ENSG00000089280	0.037029913705556
ENSG00000260304	0.182121802595845
ENSG00000260060	0.0966569825683189
ENSG00000103490	-0.305750297392994
ENSG00000169896	-0.118465044599674
ENSG00000140678	-0.174741664414326
ENSG00000156885	-0.665013551221739
ENSG00000176723	0.179227609072574
ENSG00000261474	0.00267707937871939
ENSG00000140688	0.164678268880141
ENSG00000260625	-0.439556316260437
ENSG00000169877	0.555805027994054
ENSG00000131797	0.0193424490473438
ENSG00000197302	-0.04379609429321
ENSG00000185947	-0.0350145837483383
ENSG00000069329	0.014771320014221
ENSG00000091651	0.138454107349517
ENSG00000155330	0.0624746300629583
ENSG00000166123	0.0379720670587464
ENSG00000171208	0.0163081274485435
ENSG00000129636	0.075598200286176
ENSG00000102893	-0.00997645124081506
ENSG00000280067	-0.185723302828229
ENSG00000196470	-0.0680264769729148
ENSG00000102924	-0.548787202724415
ENSG00000275155	0.106210857262225
ENSG00000205423	-0.0406739318564275
ENSG00000279356	0.0391235146996145
ENSG00000121274	0.0124180345182156
ENSG00000166164	-0.124900235150426
ENSG00000140807	-0.160018813895031
ENSG00000167208	-0.149534355300612
ENSG00000083799	-0.0238316099249538
ENSG00000103449	-0.196807587231929
ENSG00000280344	0.100465610551614
ENSG00000177200	-0.0270428971337646
ENSG00000103479	-0.0845776811102666
ENSG00000279722	-0.134197537412436
ENSG00000275191	0.0672789137278238
ENSG00000140718	0.0577417526443818
ENSG00000087253	-0.222573592188971
ENSG00000261997	-0.0794738936379515
ENSG00000087258	0.0209224451612166
ENSG00000279764	-0.179620467370658
ENSG00000167005	-0.0223608833795111
ENSG00000087263	-0.0457003833968147
ENSG00000125124	0.0537376217484607
ENSG00000087250	-0.0789761541360803
ENSG00000125148	-0.0329327623170047
ENSG00000260549	-0.158568933958129
ENSG00000169715	-0.557510667147884
ENSG00000205364	-0.18180704108589
ENSG00000255986	0.210128050953435
ENSG00000205362	0.134608719748254
ENSG00000205361	-0.283982721330445
ENSG00000198417	-0.968208456099611
ENSG00000125144	-0.987843709582728
ENSG00000205358	-0.682068696052678
ENSG00000187193	-0.129324688719483
ENSG00000102900	-0.00240385646701636
ENSG00000051108	-0.0330147682044349
ENSG00000261270	0.116088345310567
ENSG00000261114	0.0165489843507877
ENSG00000087237	-0.0969156113106841
ENSG00000140853	-0.0166435051322722
ENSG00000279803	-0.435856201865217
ENSG00000172775	-0.030684933695146
ENSG00000159579	-0.00569443367395979
ENSG00000276663	-0.218698573899029
ENSG00000102934	-0.631681119519814
ENSG00000006210	0.278367952884638
ENSG00000005194	0.0849374238091998
ENSG00000088682	0.0217561058253618
ENSG00000102978	0.0986596333905833
ENSG00000125170	-0.0448064003293658
ENSG00000135736	-0.130341897936723
ENSG00000205336	0.322286130779926
ENSG00000140854	0.182768116309957
ENSG00000276166	0.269505411619986
ENSG00000166188	0.0526622036381548
ENSG00000103005	0.0945312568230224
ENSG00000102996	0.109279912709346
ENSG00000260927	-0.002916008832497
ENSG00000070770	-0.0204730620072001
ENSG00000181938	0.0226777677235487
ENSG00000260186	-0.0145803366755933
ENSG00000103034	0.0256923948600234
ENSG00000103037	-0.0588086803781735
ENSG00000103042	-0.00397286592783663
ENSG00000125166	0.0340392831208348
ENSG00000286653	-0.153741751532704
ENSG00000150394	0.0908449666093662
ENSG00000269986	-0.0300671855588043
ENSG00000140937	0.0613434438020342
ENSG00000217555	-0.260510902308114
ENSG00000277978	0.379440284115954
ENSG00000089505	0.0460220766875785
ENSG00000289353	-0.110375667502917
ENSG00000140931	-0.284537123647425
ENSG00000183723	0.151866877455638
ENSG00000159593	-0.145464836372155
ENSG00000168748	0.0667640798822229
ENSG00000172840	0.0524627840136374
ENSG00000166592	0.46833036167133
ENSG00000172831	0.113736331594408
ENSG00000172828	0.0902372416099946
ENSG00000172824	-0.299183785832074
ENSG00000289415	-0.352798373857086
ENSG00000067955	-0.0591369983176091
ENSG00000125149	0.0840749060687912
ENSG00000102871	-0.193130080939364
ENSG00000102878	-0.0320450490591263
ENSG00000140939	-0.0156970896430593
ENSG00000196123	0.202188179194851
ENSG00000179044	0.268474573062609
ENSG00000205250	0.0764264877828956
ENSG00000102890	-0.0114958677576343
ENSG00000280163	0.1353441374939
ENSG00000168701	0.00769674084353022
ENSG00000135723	0.244580869895872
ENSG00000196155	0.0494752811068487
ENSG00000159714	-0.021082384460312
ENSG00000176387	0.251315150981896
ENSG00000159720	0.112461046148134
ENSG00000270049	0.114930298126322
ENSG00000276075	-0.0817605059438134
ENSG00000039523	0.257507650919096
ENSG00000261386	0.0120621659855342
ENSG00000280214	0.592139389928034
ENSG00000259804	0.201318927533216
ENSG00000102974	0.00153484617405783
ENSG00000102981	0.119001115185292
ENSG00000124074	0.150024247456214
ENSG00000159761	-0.032581651843792
ENSG00000141098	0.174054178604499
ENSG00000141084	0.127871121225392
ENSG00000102904	-0.0171986609715644
ENSG00000102901	-0.0572671019825229
ENSG00000168286	0.0204950165918736
ENSG00000038358	0.166453427587807
ENSG00000188038	0.0789153130580467
ENSG00000159792	0.0819905982285581
ENSG00000141086	-0.106251438527578
ENSG00000213398	-0.00476528447522171
ENSG00000141096	0.0582351615462218
ENSG00000167261	-0.0820752675483787
ENSG00000182810	0.00439435618159333
ENSG00000263276	0.49450051572931
ENSG00000103064	0.0381503553773655
ENSG00000103061	0.037630635708428
ENSG00000279649	-0.0395607129024269
ENSG00000132600	0.0099279018021409
ENSG00000103056	0.180338073347043
ENSG00000279693	0.133536672599321
ENSG00000184939	-0.0912013253044138
ENSG00000275383	-0.134565017403378
ENSG00000260577	-0.0804848232979487
ENSG00000103044	-0.00311760608990517
ENSG00000141076	0.0857362385581926
ENSG00000168807	0.0450269900082842
ENSG00000132612	0.0685313834807827
ENSG00000132603	-0.220369813976127
ENSG00000132604	-0.0321148470090062
ENSG00000103018	0.0168568463619539
ENSG00000181019	0.327507113549672
ENSG00000141101	0.388100446046243
ENSG00000198373	0.0547450209441787
ENSG00000261556	0.125502927127358
ENSG00000157349	-0.0371064083148427
ENSG00000168872	0.0080628836676893
ENSG00000157353	0.0945354907439043
ENSG00000103051	-0.0224577114505191
ENSG00000189091	0.156523436068193
ENSG00000132613	0.0278527637092329
ENSG00000279569	0.460891604401093
ENSG00000279412	0.0185618301877999
ENSG00000214353	0.012658223631521
ENSG00000279123	0.161634631775441
ENSG00000180917	-0.131583930846404
ENSG00000182149	-0.103962802035868
ENSG00000102984	-0.0641019168070436
ENSG00000263311	-0.164400658611623
ENSG00000102967	0.0591129823851038
ENSG00000140830	0.169365114289965
ENSG00000257017	-0.138458299660615
ENSG00000261701	-0.277645091398836
ENSG00000260664	-0.164366369139699
ENSG00000103035	0.0831609155373098
ENSG00000259972	0.196635828922544
ENSG00000260884	0.10818333964616
ENSG00000090863	0.146932871381809
ENSG00000168411	-0.00341486687918761
ENSG00000168404	-0.0386433591168509
ENSG00000103091	0.00990720086410217
ENSG00000186187	0.0313975552165165
ENSG00000166816	-0.085865836803373
ENSG00000184517	0.074259095500866
ENSG00000280152	0.407815627117252
ENSG00000153774	-0.0456377479660307
ENSG00000274220	-0.135152833044267
ENSG00000166822	0.0152569863235878
ENSG00000183196	-0.0078743868146782
ENSG00000135702	0.225110198650239
ENSG00000034713	-0.054077983552926
ENSG00000065427	0.117306157414624
ENSG00000166848	0.0114758655547761
ENSG00000140876	-0.0154948216052193
ENSG00000171724	0.364869036583883
ENSG00000276007	-0.12783221989478
ENSG00000260816	0.0102109025727553
ENSG00000178573	-0.255065019663527
ENSG00000278058	-0.288057017270211
ENSG00000166446	0.149882790477002
ENSG00000278985	0.115116194254171
ENSG00000166451	-0.0864181908574095
ENSG00000166454	-0.111781195793383
ENSG00000261141	0.315479706353657
ENSG00000245059	-0.215898369700048
ENSG00000140905	-0.18577544840355
ENSG00000260495	-0.0766774950755791
ENSG00000261609	0.152659793053312
ENSG00000153815	-0.056634476731273
ENSG00000230989	-0.186346977295423
ENSG00000260788	-0.352594752149366
ENSG00000259914	-0.0502001652974108
ENSG00000103150	0.0588136913135152
ENSG00000140961	0.113967222106116
ENSG00000103154	-0.0342297394406249
ENSG00000103160	0.0427740453085917
ENSG00000103168	0.292516194223498
ENSG00000103175	0.160368250310748
ENSG00000140950	0.0343685184704696
ENSG00000103187	-0.0887056982419616
ENSG00000103196	0.0494147926971991
ENSG00000153786	0.0314279266437914
ENSG00000135709	0.14351092192156
ENSG00000131153	0.0216118998863373
ENSG00000131148	-0.00445253347609678
ENSG00000140968	-0.0860554736204377
ENSG00000103241	0.379961986163696
ENSG00000243697	0.174541105552717
ENSG00000176678	0.0436538086466739
ENSG00000289336	0.171789412337307
ENSG00000103264	0.251853869522967
ENSG00000140941	-0.0415566333714166
ENSG00000276337	-0.069856762803467
ENSG00000154118	0.103173798882845
ENSG00000172530	0.0241155609037537
ENSG00000225614	0.115896035248188
ENSG00000051523	-0.127260007673453
ENSG00000167508	0.126635794653864
ENSG00000260630	-0.0739711947470232
ENSG00000185669	-0.0753734658546676
ENSG00000158717	-0.0796122017291034
ENSG00000174177	0.130571206429094
ENSG00000278341	0.36672677036327
ENSG00000103335	0.209286870308682
ENSG00000260121	0.0924241252759203
ENSG00000224888	0.162063203298523
ENSG00000198931	-0.00162169249411691
ENSG00000205022	-0.0459097768770073
ENSG00000259881	-0.0761339491407744
ENSG00000259877	-0.460294364956274
ENSG00000170100	0.0650434546890556
ENSG00000197912	0.0693054470646668
ENSG00000167526	-0.191065658635206
ENSG00000178773	-0.190460678123781
ENSG00000185324	0.0350163925362586
ENSG00000158792	0.00169532063655512
ENSG00000261373	0.103217336901917
ENSG00000158805	-0.133622619350048
ENSG00000204991	0.051438536114084
ENSG00000141002	0.122629133443152
ENSG00000258839	0.0774083534663512
ENSG00000258947	-0.00831380636642477
ENSG00000140995	0.0519507321709004
ENSG00000177946	0.176312929836055
ENSG00000223959	-0.0545414826968449
ENSG00000222019	0.0125049841022111
ENSG00000272636	0.547720356176917
ENSG00000183688	0.10662625280699
ENSG00000167695	0.0898147549092434
ENSG00000167699	-0.00132054370993435
ENSG00000262228	-0.255039826121177
ENSG00000167693	-0.0449746357696219
ENSG00000262133	0.0220290352906791
ENSG00000177370	0.264630881105116
ENSG00000167193	-0.0665699020280575
ENSG00000132376	0.0012400600659559
ENSG00000236618	-0.00881382135819445
ENSG00000167703	0.0573722607446659
ENSG00000074660	0.261136179821469
ENSG00000185561	-0.260198063237361
ENSG00000186594	0.0450692596920266
ENSG00000167716	0.0442053330197229
ENSG00000167711	-0.0309727815688892
ENSG00000132386	-0.39448659048014
ENSG00000132383	0.0862580289801724
ENSG00000108958	0.558360033481867
ENSG00000185924	0.047225509888904
ENSG00000108963	0.231926027279721
ENSG00000287553	0.173722961763472
ENSG00000263050	0.112941965640873
ENSG00000177374	0.16920378777661
ENSG00000070366	0.0320972017804279
ENSG00000167720	0.0199788959290795
ENSG00000167721	0.00956938667294767
ENSG00000141258	0.143505239927952
ENSG00000263345	0.152661643578267
ENSG00000127804	-0.0381555383711191
ENSG00000007168	-0.0182026169275591
ENSG00000279432	-0.113685831444631
ENSG00000239884	0.413409590508988
ENSG00000132361	0.306762426187637
ENSG00000262050	-0.144424693003914
ENSG00000132359	0.0403729036716788
ENSG00000280268	0.0925563972618361
ENSG00000167723	-0.0578776377008682
ENSG00000196689	0.0326813431182648
ENSG00000263338	-0.0452353698552772
ENSG00000040531	-0.135175054742613
ENSG00000262903	0.288124365563295
ENSG00000213977	-0.00417321072949405
ENSG00000083454	0.181143001028871
ENSG00000004660	0.194956355798493
ENSG00000108405	0.0155213958453462
ENSG00000074370	-0.0502830880413552
ENSG00000074755	0.0728597357269743
ENSG00000167740	-0.116009739279411
ENSG00000274363	-0.0930655684909771
ENSG00000132388	-0.113483720863422
ENSG00000229782	-0.073723028966285
ENSG00000132382	0.205429969164431
ENSG00000141456	0.0738087209803172
ENSG00000141480	-0.179794314943762
ENSG00000161920	-0.239374458136446
ENSG00000161921	-0.148429424627955
ENSG00000141497	-0.226507948707596
ENSG00000182853	0.0249118620483752
ENSG00000280254	-0.00471883531786898
ENSG00000142507	0.100284024986035
ENSG00000129219	0.18893149278056
ENSG00000141503	0.350944188168554
ENSG00000108556	0.0576502284107225
ENSG00000205710	0.222754940532069
ENSG00000185245	0.00958425550668816
ENSG00000108528	0.13839849775207
ENSG00000108523	0.0468856409062079
ENSG00000108518	-0.0800600440767553
ENSG00000108515	0.139963128862173
ENSG00000091640	-0.0557296065371021
ENSG00000108509	0.293997527756541
ENSG00000196388	-0.0310139265357428
ENSG00000180787	-0.109312726658648
ENSG00000234327	-0.11170286126328
ENSG00000180626	0.0201828774284838
ENSG00000261879	0.0661595203128441
ENSG00000263164	-0.125370898439272
ENSG00000029725	-0.0311744009605267
ENSG00000108559	0.0437647249424379
ENSG00000129197	0.0191507168883799
ENSG00000263272	0.0749067674030736
ENSG00000108561	-0.00121716073527958
ENSG00000005100	0.200535168955703
ENSG00000072849	-0.0691876393576464
ENSG00000286190	0.20626874936726
ENSG00000091592	-0.0570096469506444
ENSG00000179314	-0.167831203958439
ENSG00000091622	0.398622222028399
ENSG00000198920	0.124341557959571
ENSG00000282936	0.233370338325782
ENSG00000108590	-0.039448612050185
ENSG00000256806	-0.0285157920305703
ENSG00000274114	0.0536550609882135
ENSG00000132530	0.0033637129927722
ENSG00000262089	-0.118300205078816
ENSG00000258315	-0.0356344580434319
ENSG00000267532	0.101489467817599
ENSG00000161940	0.456703105552591
ENSG00000174327	0.371944066356194
ENSG00000174326	0.0207966156442254
ENSG00000132514	-0.0485798620368888
ENSG00000141505	-0.168509685733351
ENSG00000132535	0.0489889496637028
ENSG00000072778	0.0398493281897238
ENSG00000004975	-1.23133419614495e-05
ENSG00000040633	0.155116353881654
ENSG00000170296	0.00113175691003011
ENSG00000181885	0.0258514970619639
ENSG00000006047	0.101606621870551
ENSG00000132507	0.00481128028678777
ENSG00000132522	-0.0936571048909481
ENSG00000215041	0.204353373481226
ENSG00000213859	-0.0685399539225046
ENSG00000174292	0.145000447103029
ENSG00000205544	-0.209990670754326
ENSG00000169992	0.232355994900739
ENSG00000181284	-0.00166184743136268
ENSG00000161958	0.26014333476501
ENSG00000263301	0.162375062399534
ENSG00000170175	0.0214380579494792
ENSG00000181222	0.220566900789113
ENSG00000239697	0.0795285662981925
ENSG00000161955	0.200851673016725
ENSG00000161960	0.054294704889211
ENSG00000238917	0.198566481619993
ENSG00000129226	-0.249974830615602
ENSG00000233223	-0.00922859259193144
ENSG00000129245	0.144781738340136
ENSG00000141504	-0.0161320030812174
ENSG00000129244	0.321344528077223
ENSG00000141510	0.13871911426992
ENSG00000108947	0.334645607300647
ENSG00000132510	0.186419171936468
ENSG00000288929	0.168830494414711
ENSG00000288748	-0.254905726188634
ENSG00000170004	0.197581849012242
ENSG00000170049	-0.213088181707545
ENSG00000170043	-0.0346325865957453
ENSG00000170037	0.0488973220805616
ENSG00000179593	-0.0319484450470679
ENSG00000179111	0.201874330296226
ENSG00000288993	0.360305080752037
ENSG00000179094	0.251724043329056
ENSG00000220205	0.15716767842313
ENSG00000179029	0.0723049403912065
ENSG00000196544	-0.036062055763779
ENSG00000178977	0.219205995528508
ENSG00000178971	0.010427174576556
ENSG00000108961	0.0418851908337739
ENSG00000198844	0.113484262802457
ENSG00000226871	-0.00763733041670251
ENSG00000266279	-0.112092597731365
ENSG00000184619	0.0240698242821276
ENSG00000161970	-0.183649891899162
ENSG00000288750	0.379472892996652
ENSG00000166579	0.259112842448793
ENSG00000133026	0.177773327870517
ENSG00000271851	-0.0474395640392054
ENSG00000109047	0.145561902321455
ENSG00000007237	0.0762394526620809
ENSG00000109063	0.162251149228253
ENSG00000133028	0.169004062191694
ENSG00000170222	-0.231652946010702
ENSG00000263429	-0.029518496297696
ENSG00000233670	-0.116136311276719
ENSG00000264727	0.00177506297020983
ENSG00000154957	-0.114532546780998
ENSG00000065559	-0.0295402122768738
ENSG00000006740	0.0530182226296201
ENSG00000006744	0.12044174353492
ENSG00000109099	-0.447853662653896
ENSG00000239704	0.0706675166604259
ENSG00000221926	0.039795554205467
ENSG00000187607	-0.0172959203874724
ENSG00000214946	-0.0857038275160298
ENSG00000170425	-0.0134336893443022
ENSG00000214941	-0.143839381024169
ENSG00000011295	0.0228616711184607
ENSG00000275413	-0.0634141441857167
ENSG00000141027	0.0944712567366892
ENSG00000227782	0.0863275746724129
ENSG00000108474	-0.0130069734232087
ENSG00000170315	0.16089862487943
ENSG00000175061	-0.0253443406434229
ENSG00000181350	-0.0157688477142401
ENSG00000286743	0.163681133740623
ENSG00000141040	-0.032856835322787
ENSG00000260328	0.614872241753005
ENSG00000287910	-0.0908416988793371
ENSG00000133030	0.200622950153474
ENSG00000278864	0.339218997488023
ENSG00000179598	0.211595100102942
ENSG00000154803	0.255241788884682
ENSG00000141030	0.0135977468687786
ENSG00000215030	0.221531671085769
ENSG00000141026	0.284876820503434
ENSG00000108551	0.357308578552504
ENSG00000133027	0.0214970089157525
ENSG00000226746	0.317915117712399
ENSG00000072310	-0.178224036142691
ENSG00000175662	0.1193775713719
ENSG00000197815	-0.146132861270878
ENSG00000171953	-0.0373830310446892
ENSG00000141034	0.104398830213452
ENSG00000266677	-0.0201739071455657
ENSG00000131899	-0.149062071150394
ENSG00000177731	-0.0141206251886187
ENSG00000177302	0.00949815207022097
ENSG00000176994	0.0251386344280602
ENSG00000176974	-0.13770610236226
ENSG00000240445	0.0807651485544311
ENSG00000108448	0.0890239960576386
ENSG00000171928	-0.0300182537440162
ENSG00000235672	-0.0779515617617376
ENSG00000263934	0.466212509873615
ENSG00000072134	-0.0622738171798949
ENSG00000108641	0.176075745407771
ENSG00000166484	0.19325239718698
ENSG00000166482	0.0980279442793849
ENSG00000128482	0.0417986365913084
ENSG00000227078	-0.0688811860673465
ENSG00000228331	0.0377948679780866
ENSG00000072210	0.255554252380572
ENSG00000262681	0.211073150168502
ENSG00000270091	-0.388131158016379
ENSG00000108599	-0.0344721392544836
ENSG00000261033	-0.114009145363947
ENSG00000128487	-0.163214583932696
ENSG00000189423	-0.115878462722201
ENSG00000260907	0.15673600249584
ENSG00000266369	-0.251328395315312
ENSG00000109016	0.0141559392736063
ENSG00000274180	0.0892845503911003
ENSG00000289453	0.0296494689812598
ENSG00000034152	0.159448720190989
ENSG00000184185	-0.0174212513447183
ENSG00000287671	0.0209467853133939
ENSG00000264245	-0.120151334199553
ENSG00000264617	0.0834859121656768
ENSG00000168961	0.0651934280112346
ENSG00000007171	-0.020885218621083
ENSG00000232859	0.143096767873323
ENSG00000087095	-0.0575426499676284
ENSG00000267644	0.0184314452559463
ENSG00000109084	0.110196442595301
ENSG00000109083	-0.127137531030121
ENSG00000109079	0.188589130883254
ENSG00000004142	0.20155571708865
ENSG00000244045	-0.0417958424082463
ENSG00000109072	-0.0757663822216766
ENSG00000279532	0.181486006486239
ENSG00000076351	0.207080002770244
ENSG00000265254	-0.203067854204736
ENSG00000109103	0.089519139161704
ENSG00000109107	0.13016662707538
ENSG00000076382	-0.0329749950781761
ENSG00000227543	0.0248524810774404
ENSG00000167524	-0.121930419585384
ENSG00000132581	-0.0645258968075709
ENSG00000109111	0.119535591300458
ENSG00000167525	0.102935966981638
ENSG00000109113	0.0471691616436912
ENSG00000198242	-0.118161880767174
ENSG00000264577	-0.262865961392894
ENSG00000160606	0.214566155011491
ENSG00000160602	0.0843095269860813
ENSG00000076604	-0.0260440057285428
ENSG00000265474	-0.0333355603198024
ENSG00000132589	0.109921562739201
ENSG00000109118	0.0212824000981623
ENSG00000179761	0.060516732645874
ENSG00000063015	0.0585761203193502
ENSG00000108256	-0.0563355655247651
ENSG00000168792	0.158361974518475
ENSG00000167543	0.0554579058440497
ENSG00000108262	0.157084017066248
ENSG00000198720	-0.0553068954698023
ENSG00000167549	-0.109421242834708
ENSG00000264007	-0.00840359216837308
ENSG00000265625	-0.262418450464461
ENSG00000108578	0.0247794087373298
ENSG00000108582	-0.102705041528842
ENSG00000108587	-0.00236854721961718
ENSG00000264538	0.0239464353906071
ENSG00000263603	0.280887031889891
ENSG00000176390	-0.0573273084247036
ENSG00000276250	-0.140611417434114
ENSG00000266274	0.191057017439259
ENSG00000181481	-0.0612299581101115
ENSG00000264107	-0.0668145114828991
ENSG00000126861	-0.67434865301102
ENSG00000185862	-0.39603598753354
ENSG00000172301	-0.0446453830408658
ENSG00000108651	0.00991203880610685
ENSG00000178691	-0.0667928048647934
ENSG00000266777	0.0589626336438894
ENSG00000278867	-0.0259714788801517
ENSG00000277511	-0.127763097195102
ENSG00000214708	-0.220366345055561
ENSG00000126858	-0.096180727005032
ENSG00000141314	0.323947129674208
ENSG00000108666	-0.0763069175643745
ENSG00000274341	0.129901257701177
ENSG00000278668	-0.253932445492031
ENSG00000108671	-0.063465370216593
ENSG00000176749	-0.039518442450666
ENSG00000236377	-0.190022318067199
ENSG00000006042	-0.489593011288362
ENSG00000263571	0.1438802140637
ENSG00000108691	-0.0573407156441393
ENSG00000108700	0.138944548552554
ENSG00000197322	-0.0967248097078293
ENSG00000132141	-0.0798787024950873
ENSG00000198783	-0.0714364165146409
ENSG00000273687	0.0998984162772746
ENSG00000073536	0.096357517803432
ENSG00000166750	-0.196686814091661
ENSG00000172716	0.0445528752637005
ENSG00000154760	0.0061692224450237
ENSG00000267369	0.0228391684692362
ENSG00000267321	-0.115509693852397
ENSG00000108733	0.128977237382208
ENSG00000006125	0.159064152847459
ENSG00000270885	-0.0175067008604761
ENSG00000270765	0.111638499603777
ENSG00000271447	0.0851033480641537
ENSG00000276409	-0.0675455508266745
ENSG00000276070	0.812364072633299
ENSG00000273611	-0.0807049180707519
ENSG00000278259	0.0639596419763182
ENSG00000277161	-0.0679867749652328
ENSG00000278311	0.0459316885819772
ENSG00000278535	0.0800198576330111
ENSG00000278619	0.116736558782537
ENSG00000275720	-0.0997870305203957
ENSG00000275613	0.0292654076965112
ENSG00000276234	-0.036416708242843
ENSG00000276023	0.137415791450923
ENSG00000278053	0.0103898123252112
ENSG00000274512	0.0089625677342793
ENSG00000278845	0.118545164120982
ENSG00000277399	0.0694235129311186
ENSG00000275832	-0.262061299704968
ENSG00000276170	0.0727194764467583
ENSG00000273604	0.129743278944146
ENSG00000275532	0.0709775340470763
ENSG00000277258	0.0681973294967564
ENSG00000277182	0.110920659504242
ENSG00000277791	-0.0506072381732567
ENSG00000276293	0.113646686564238
ENSG00000273559	0.0105868083964341
ENSG00000125691	-0.13522973680575
ENSG00000002834	0.231830639456901
ENSG00000263874	-0.377972648829972
ENSG00000161381	0.17540139605065
ENSG00000280177	0.0334164933161655
ENSG00000067191	0.218464680915892
ENSG00000141750	0.369969788211052
ENSG00000125686	-0.0219251320821513
ENSG00000167258	0.0189380436440464
ENSG00000273576	-0.134521901189722
ENSG00000214546	-0.0310406926740142
ENSG00000131771	0.295894715795168
ENSG00000131748	0.0629136154506926
ENSG00000173991	0.264967542705231
ENSG00000141744	0.33191367101346
ENSG00000161395	0.0904672228977128
ENSG00000141736	0.233343824817932
ENSG00000141741	-0.10431662936095
ENSG00000141738	0.25726171494178
ENSG00000073605	-0.144075633200218
ENSG00000172057	0.123849107387952
ENSG00000108344	0.12035662081231
ENSG00000108342	-0.284114498952905
ENSG00000008838	0.120952252277938
ENSG00000238793	0.144541371692953
ENSG00000188895	-0.0163731065362709
ENSG00000108349	0.0338718836768922
ENSG00000108352	0.0158482657013885
ENSG00000171475	0.16465371506359
ENSG00000131759	0.0869691535505396
ENSG00000265666	-0.294408170428319
ENSG00000141753	-0.000850616935079609
ENSG00000073584	-0.115293556677329
ENSG00000278834	-0.121434956922066
ENSG00000213424	0.158890754056446
ENSG00000167920	0.00608211103287306
ENSG00000171345	0.106988666212289
ENSG00000173812	0.141986172519703
ENSG00000173805	0.271905265558945
ENSG00000173801	0.0576762862793719
ENSG00000141696	0.261230572987968
ENSG00000141756	0.186938669964496
ENSG00000141698	0.0593103979894729
ENSG00000178502	-0.0431393200572996
ENSG00000131473	-0.131393837046541
ENSG00000173786	-0.619074249916716
ENSG00000168259	0.0863345704132288
ENSG00000108771	-0.0389309687996398
ENSG00000108773	0.0729114900070515
ENSG00000108774	0.093028523527643
ENSG00000089558	0.160599954573969
ENSG00000167925	0.0719006831919886
ENSG00000126561	-0.0555500782239251
ENSG00000168610	0.0995709825306592
ENSG00000033627	0.107232397401853
ENSG00000267222	0.166484622629153
ENSG00000267632	0.0117995881679467
ENSG00000108784	-0.0464642713090613
ENSG00000108785	0.19260492832069
ENSG00000108786	0.0331477627881318
ENSG00000068120	0.122332980777648
ENSG00000108788	0.0957580979206436
ENSG00000037042	0.0473167321041901
ENSG00000068137	0.0825949803167042
ENSG00000184451	-0.0744688060662912
ENSG00000108797	0.0858124094146196
ENSG00000108799	0.0900990895731698
ENSG00000273650	-0.0458252411038493
ENSG00000214578	-0.313268707652631
ENSG00000197291	-0.0688089438911242
ENSG00000131477	-0.236229030370209
ENSG00000183978	-0.0834079548503244
ENSG00000126581	0.0759515050713743
ENSG00000131467	-0.0108430715968324
ENSG00000131480	0.0609080649859783
ENSG00000266967	0.130634789336739
ENSG00000267060	0.139285688379664
ENSG00000198863	0.255296258235604
ENSG00000131469	-0.134542421679539
ENSG00000068079	-0.0726568077928206
ENSG00000108828	0.0742106847346472
ENSG00000012048	-0.0634120398459161
ENSG00000198496	-0.0723829198128924
ENSG00000267002	0.166434907173035
ENSG00000184988	-0.0945474208759233
ENSG00000175906	0.176248166918386
ENSG00000067596	0.0487258426314937
ENSG00000108861	0.043622079862847
ENSG00000161647	0.034258771590285
ENSG00000108852	-0.0434828564213748
ENSG00000161653	-0.00270093364358448
ENSG00000091947	-0.031661032440492
ENSG00000221044	-0.118494342582508
ENSG00000141349	-0.0497320308152698
ENSG00000108840	-0.051089014553492
ENSG00000267080	-0.12420612719104
ENSG00000168591	0.121305315508766
ENSG00000087152	0.0891333928251055
ENSG00000108312	0.0496512724845264
ENSG00000260793	-0.00879065184376225
ENSG00000004939	0.152741763877258
ENSG00000267750	0.117399808919423
ENSG00000108309	-0.0727592264844339
ENSG00000013306	0.0907625115146931
ENSG00000030582	0.0361859002876423
ENSG00000161682	0.17052030215487
ENSG00000186566	0.0365897530878968
ENSG00000180340	0.240547069851868
ENSG00000180329	0.0168158874997044
ENSG00000073670	-0.031384436581742
ENSG00000267505	-0.271930363436816
ENSG00000131097	0.168489843438527
ENSG00000131095	-0.0476634828003321
ENSG00000136448	0.176041160271639
ENSG00000131094	-0.151792883377113
ENSG00000172992	0.104870313311608
ENSG00000181513	0.221045866235242
ENSG00000276728	-0.255828692738477
ENSG00000186834	0.0177373930229656
ENSG00000168517	0.176659862545395
ENSG00000267121	-0.0541571078504829
ENSG00000184922	-0.10368269950126
ENSG00000267278	-0.0470407774415355
ENSG00000006062	0.140784580662958
ENSG00000159314	0.150701888713048
ENSG00000267344	0.0465544790868806
ENSG00000225190	0.105132199172159
ENSG00000266918	-0.00484567611520003
ENSG00000280022	0.0175270062311799
ENSG00000204650	-0.128763060271654
ENSG00000185294	0.260735843826444
ENSG00000120071	-0.0132652923526972
ENSG00000214401	-0.678121329148143
ENSG00000073969	0.183567023366421
ENSG00000108379	-0.0459492607751443
ENSG00000108433	-0.00748435467697377
ENSG00000004897	-0.0477725338913753
ENSG00000259207	0.130464447963652
ENSG00000276790	-0.218419592615987
ENSG00000141279	0.0371016780337713
ENSG00000006025	0.085542504768604
ENSG00000141295	0.15706852608797
ENSG00000264920	0.0150666392888205
ENSG00000167182	0.00958753094559107
ENSG00000108465	-0.0469660625013502
ENSG00000005243	-0.215351239052203
ENSG00000263412	0.0496884152544883
ENSG00000082641	0.168880572653125
ENSG00000108468	0.0439777662034814
ENSG00000173917	-0.0838495032332798
ENSG00000136436	-0.0999325694479117
ENSG00000159199	0.110949241006554
ENSG00000159202	-0.0431882060463933
ENSG00000108798	-0.14260316682882
ENSG00000198740	-0.00448157646861769
ENSG00000248714	-0.0466722155435867
ENSG00000167085	0.0402162900289673
ENSG00000064300	0.41246985835262
ENSG00000121067	-0.0402599680446974
ENSG00000121073	0.102648774014715
ENSG00000108813	0.121352000142718
ENSG00000246640	0.0776522409909109
ENSG00000005884	0.182631609524208
ENSG00000275025	0.0855655946614378
ENSG00000108819	0.0975647362123291
ENSG00000253730	-0.0871654002905273
ENSG00000261959	0.141963439302043
ENSG00000108821	-0.0882541176716647
ENSG00000279792	0.216615136836326
ENSG00000108826	-0.067347806295688
ENSG00000108829	0.254821788043692
ENSG00000167107	-0.0283107029584139
ENSG00000136457	-0.0600890846124704
ENSG00000136444	0.0142778759042
ENSG00000006283	-0.168939006893649
ENSG00000173714	-0.497994130244877
ENSG00000251665	-0.0882308885718834
ENSG00000011258	-0.0822180906752538
ENSG00000279089	-0.237512540998619
ENSG00000011260	0.0703073136384325
ENSG00000262902	0.32929780840473
ENSG00000166260	-0.0149276962517132
ENSG00000279059	-0.113839032539289
ENSG00000108924	0.00189018986418453
ENSG00000108960	-0.0155531232689126
ENSG00000166292	0.145174156262112
ENSG00000141179	0.0710094821390021
ENSG00000183691	0.133675309319567
ENSG00000153933	0.129167131713048
ENSG00000121060	0.186654201916642
ENSG00000121058	-0.0339900160380183
ENSG00000263004	-0.0675762084771969
ENSG00000121057	0.322023191204762
ENSG00000153944	-0.000371605223989997
ENSG00000181610	0.18904322144235
ENSG00000180891	-0.211636303044559
ENSG00000136451	-0.274959037042665
ENSG00000264112	0.161528465984331
ENSG00000264364	0.139706691369887
ENSG00000279207	0.0309528092872927
ENSG00000278627	-0.094488526176993
ENSG00000011143	0.13395070259644
ENSG00000286788	-0.027341785911771
ENSG00000005381	0.00329603961133203
ENSG00000005379	0.264365478517509
ENSG00000265206	0.103569099821117
ENSG00000213246	0.0170049463518681
ENSG00000108384	-0.0414201079220358
ENSG00000108395	0.0214751385784043
ENSG00000167447	0.0207564252922057
ENSG00000153982	0.00263148035586228
ENSG00000175155	-0.165468194101247
ENSG00000141367	0.0922837318588539
ENSG00000062716	0.0131843438870031
ENSG00000108423	0.0379406842020331
ENSG00000108443	-0.037569877027821
ENSG00000189050	-0.0594682521529351
ENSG00000068097	0.0120527082535169
ENSG00000267248	0.0615393487613998
ENSG00000167434	0.1972234749364
ENSG00000170832	-0.088534700846755
ENSG00000241157	-0.055613350712846
ENSG00000170836	-0.0224030641228314
ENSG00000187013	-0.0592106270913275
ENSG00000108510	-0.000599073112632056
ENSG00000279133	-0.0394397059149067
ENSG00000289293	0.577133748610951
ENSG00000146872	-0.00939771475629033
ENSG00000239246	0.145073737861727
ENSG00000283538	0.0902156645093376
ENSG00000170921	0.10098390034712
ENSG00000008283	0.0332830733812232
ENSG00000265971	0.16288135179685
ENSG00000159640	0.166611239367613
ENSG00000270587	0.349509259291871
ENSG00000266173	0.0609847074564807
ENSG00000136490	-0.0576598107899671
ENSG00000279369	0.131207576314029
ENSG00000108588	0.165807520302872
ENSG00000198231	0.0886367405093476
ENSG00000108592	-0.0424648511280769
ENSG00000087191	-0.0312149105650712
ENSG00000108604	0.0689545731105078
ENSG00000108622	0.136938088914683
ENSG00000178607	0.0420231214869926
ENSG00000261371	0.0935901076462713
ENSG00000271605	-0.117703033668428
ENSG00000256525	0.0197005426436954
ENSG00000256826	-0.0574269903986834
ENSG00000108654	0.0114946356196348
ENSG00000258890	-0.0597708882526727
ENSG00000108854	-0.103352343450445
ENSG00000266820	-0.101881715384379
ENSG00000265298	-0.151241486142964
ENSG00000263647	-0.0673570687543959
ENSG00000214176	-0.00193418099228003
ENSG00000176809	0.0766119852186131
ENSG00000266644	-0.0391881852471205
ENSG00000214174	-0.107948638061267
ENSG00000120063	-0.199527155208861
ENSG00000108370	-0.00711883932359255
ENSG00000154229	0.105415413758404
ENSG00000075461	-0.0453192116804671
ENSG00000108878	0.0266676587920869
ENSG00000198265	0.041152759873377
ENSG00000197170	-0.221811122975216
ENSG00000279917	0.252555127406538
ENSG00000130935	-0.0926766236075528
ENSG00000186665	0.00116838540725009
ENSG00000182481	0.102416627897959
ENSG00000237854	-0.0918523735335003
ENSG00000278730	-0.232007915025391
ENSG00000274561	-0.251846706922197
ENSG00000277476	0.0130711479729988
ENSG00000108932	0.21360781662552
ENSG00000108946	-0.105096154685534
ENSG00000154258	0.066303954919395
ENSG00000154265	-0.0595900516433308
ENSG00000108984	-0.025586263294801
ENSG00000267365	-0.379266634823821
ENSG00000123700	-0.0811889502380735
ENSG00000271239	-0.300757524267511
ENSG00000125398	0.230714194744128
ENSG00000166685	0.164419430397338
ENSG00000133193	0.0525160853141525
ENSG00000141219	0.0471887340574426
ENSG00000196169	-0.0630804641877521
ENSG00000204347	-0.0428076654223033
ENSG00000170412	0.339770232916812
ENSG00000167851	-0.0903802250081281
ENSG00000109062	0.254234437619256
ENSG00000109065	0.0686865655151956
ENSG00000109066	0.203656959194688
ENSG00000161509	0.391457814483793
ENSG00000161513	0.0107450516803538
ENSG00000172782	0.103602677980561
ENSG00000125449	0.0273449898915171
ENSG00000125458	-0.275782961198947
ENSG00000188612	-0.0787109472320133
ENSG00000125450	0.0435730668241727
ENSG00000125447	0.146635122322438
ENSG00000125457	-0.197376473394407
ENSG00000263843	0.174003083267993
ENSG00000177885	0.0627877730251696
ENSG00000177728	0.323558489913168
ENSG00000177303	0.294600867335248
ENSG00000182173	-0.100037017969711
ENSG00000073350	-0.0783321192898671
ENSG00000108469	0.118064820128788
ENSG00000259120	-0.79271552469963
ENSG00000161526	-0.073831968897631
ENSG00000132470	0.18009786111883
ENSG00000108479	-0.0588833524152216
ENSG00000132475	-0.327579555461086
ENSG00000266980	0.0560441893638401
ENSG00000092929	0.134018886398604
ENSG00000132471	0.154999381630634
ENSG00000132481	-0.115235108202165
ENSG00000267801	-0.10071695800728
ENSG00000141569	-0.091487836583072
ENSG00000267342	0.0223078824229054
ENSG00000161533	0.139591107622855
ENSG00000167881	0.127377318633458
ENSG00000279382	0.209104599851171
ENSG00000267128	-0.127862772988466
ENSG00000141576	0.00972781983698078
ENSG00000185262	-0.146918432673163
ENSG00000129646	0.0960507635169099
ENSG00000176170	-0.299668702352458
ENSG00000129667	0.120811714814251
ENSG00000161544	-0.127580174552682
ENSG00000163597	-0.128409140882203
ENSG00000284526	-0.00480747901651244
ENSG00000286750	-0.0396565564958614
ENSG00000070526	0.0295197177399763
ENSG00000261335	0.255567745133276
ENSG00000182534	0.339256076142107
ENSG00000277382	0.0433564735516175
ENSG00000070495	0.128792542357395
ENSG00000181038	-0.10957976630919
ENSG00000161547	-0.100819645159019
ENSG00000092931	0.0291683230250311
ENSG00000167889	0.173716251823733
ENSG00000267521	0.271192329058017
ENSG00000234912	0.0760070792610869
ENSG00000222808	0.354567946060507
ENSG00000184640	0.00538340537002429
ENSG00000078687	0.00923584962978039
ENSG00000167895	-0.300567241922584
ENSG00000108639	-0.316793069840332
ENSG00000184557	0.393457686435118
ENSG00000087157	-0.091477398221779
ENSG00000055483	0.0677332151240448
ENSG00000287539	0.0648300453303977
ENSG00000108679	-0.255448280382983
ENSG00000171302	0.245868765425085
ENSG00000167280	0.0481351340711771
ENSG00000167281	0.0801252715514323
ENSG00000173894	0.0579772715523129
ENSG00000141570	-0.127609316681002
ENSG00000141543	0.0783054149807208
ENSG00000275479	0.243957823388264
ENSG00000262580	0.19487543963095
ENSG00000181523	0.0723880696573792
ENSG00000181045	0.0850272181721436
ENSG00000276863	0.122757574138137
ENSG00000280248	0.31738189580895
ENSG00000173818	0.167295180554459
ENSG00000261924	-0.150979131927797
ENSG00000176108	0.073110874963816
ENSG00000280351	0.215369022413431
ENSG00000262873	-0.0833422070767227
ENSG00000226137	0.276339441568596
ENSG00000175866	0.400491857999841
ENSG00000221025	-0.444503888637771
ENSG00000263167	0.283508184556223
ENSG00000141577	0.0386898101302461
ENSG00000167302	-0.0927208249373854
ENSG00000157637	0.0797900090865196
ENSG00000276101	0.0184166988350862
ENSG00000279187	0.137723792333152
ENSG00000287431	-0.0493179187213487
ENSG00000262223	-0.516653962752353
ENSG00000262877	0.212291841309864
ENSG00000266074	0.104912649800534
ENSG00000279692	0.095835105044275
ENSG00000184009	0.209564636160303
ENSG00000289182	-0.135176483861768
ENSG00000185504	-0.0417092748246464
ENSG00000182446	0.0400215490875881
ENSG00000182612	-0.0436109392033206
ENSG00000185298	0.0569622141316702
ENSG00000185359	0.13427586505738
ENSG00000275902	0.156866310356477
ENSG00000262049	-0.100843472837969
ENSG00000183048	-0.0335446897659835
ENSG00000225663	-0.0666872652293185
ENSG00000182676	0.0285518422614053
ENSG00000185624	0.177981149076962
ENSG00000141522	0.278004550800078
ENSG00000263731	0.131852359937408
ENSG00000183684	0.0204275289577284
ENSG00000185813	0.0374608395711435
ENSG00000187531	0.00780137889743252
ENSG00000197063	0.159628101471785
ENSG00000265688	0.0895936795581753
ENSG00000185269	0.172260415639281
ENSG00000169696	-0.0169830553332221
ENSG00000169750	-0.364973040780088
ENSG00000169738	-0.00852464443149167
ENSG00000279372	0.01266585867685
ENSG00000264569	-0.347266874781809
ENSG00000169733	0.036189630427509
ENSG00000169727	-0.0280528213648068
ENSG00000169718	-0.0751406162778361
ENSG00000169710	0.248293637749443
ENSG00000176155	0.0269499082507535
ENSG00000265678	0.0964581700988142
ENSG00000264548	0.0980219444752646
ENSG00000141526	-0.00519590161405722
ENSG00000141551	0.137465083792728
ENSG00000275888	0.00360553581128835
ENSG00000280407	-0.059926820917005
ENSG00000287737	-0.038229926413299
ENSG00000265692	-0.0227310915994184
ENSG00000260563	-0.105199103126902
ENSG00000173762	-0.0541008850845735
ENSG00000141574	0.0324389440964832
ENSG00000260011	-0.127041411086571
ENSG00000181396	-0.0465575012256248
ENSG00000169660	-0.015665336918704
ENSG00000279066	0.236342721881957
ENSG00000178927	0.0778211487229016
ENSG00000279744	0.199431820664878
ENSG00000141568	0.108421958334236
ENSG00000141580	-0.159055963732561
ENSG00000141542	-0.0784590232464209
ENSG00000263063	-0.224651406518753
ENSG00000141560	0.0243054294599715
ENSG00000167363	-0.00367403761689434
ENSG00000262410	-0.375700383453486
ENSG00000141556	0.138424626771528
ENSG00000176845	-0.135015718224101
ENSG00000261888	-0.14565883102292
ENSG00000101557	0.00758106130368105
ENSG00000158270	0.0703043160020483
ENSG00000288533	-0.188208274923854
ENSG00000176890	-0.293621309329683
ENSG00000132199	-0.171116090777346
ENSG00000176105	-0.172543429119893
ENSG00000141433	-0.530044407480776
ENSG00000101574	0.00659107764628305
ENSG00000266405	-0.110314089629459
ENSG00000101577	0.161539433480734
ENSG00000263606	0.20431754680109
ENSG00000101605	-0.0198329520402574
ENSG00000101608	-0.084138628194517
ENSG00000118680	-0.054969672198483
ENSG00000177426	-0.00742888719080487
ENSG00000177337	-0.107264080232428
ENSG00000262001	-0.0331708534613856
ENSG00000198081	-0.127463249021219
ENSG00000082397	-0.159180057990828
ENSG00000264707	0.0278828567164831
ENSG00000101680	0.0396344485441484
ENSG00000173482	0.0972723230446539
ENSG00000286649	0.32164986542739
ENSG00000265413	0.352730189578715
ENSG00000206418	-0.112420536128219
ENSG00000266708	-0.0713079955821027
ENSG00000168502	0.0821459289362356
ENSG00000288939	-0.113832016754403
ENSG00000017797	0.00157998257846139
ENSG00000168461	0.0953852134753507
ENSG00000272799	0.140034640170227
ENSG00000154856	0.0330330674924135
ENSG00000134265	0.0510131672599307
ENSG00000141404	0.197545687450032
ENSG00000255112	-0.0826451401532939
ENSG00000272703	0.144008292717523
ENSG00000273141	-0.271402586954604
ENSG00000141401	0.0269378409581837
ENSG00000267480	0.234606136052021
ENSG00000256616	-0.116226423357906
ENSG00000176194	0.257014237315813
ENSG00000176014	0.0746994800969188
ENSG00000141385	0.157673110195327
ENSG00000141391	-0.132533392968153
ENSG00000134278	-0.0146874179531615
ENSG00000128789	-0.0779137350510656
ENSG00000175354	-0.0512528441989795
ENSG00000085415	0.0537517476154069
ENSG00000101639	0.160637884012935
ENSG00000168675	-0.0291797681307487
ENSG00000286926	0.0883588787474214
ENSG00000267690	0.0995975622605635
ENSG00000177150	-0.0202135431699288
ENSG00000101654	0.0232525076906259
ENSG00000270469	-0.0265504555307491
ENSG00000175322	0.162763178299776
ENSG00000266145	0.677044570556387
ENSG00000067900	-0.065379218404813
ENSG00000141446	-0.0897042975510016
ENSG00000167088	-0.0269728284554258
ENSG00000158201	0.0217710145538494
ENSG00000101752	-0.00399324087020179
ENSG00000134508	0.288215689787873
ENSG00000101782	-0.126889018100185
ENSG00000141452	-0.070065302655435
ENSG00000279332	-0.389176860659852
ENSG00000154040	-0.0554345212756766
ENSG00000265750	-0.0361329689742509
ENSG00000273321	-0.250255141204107
ENSG00000154059	-0.103027879868265
ENSG00000198795	-0.00501562207385872
ENSG00000134504	0.153034529172552
ENSG00000277534	0.0779674646223384
ENSG00000263846	0.0265079359002401
ENSG00000171885	0.270468074796304
ENSG00000274578	0.0593970351496805
ENSG00000134755	-0.0287029603973277
ENSG00000118276	-0.00522740665788201
ENSG00000153339	0.0172445508360166
ENSG00000276282	-0.671807015468989
ENSG00000263823	-0.0351769910193249
ENSG00000101695	-0.176754766548216
ENSG00000134769	0.0106049040524894
ENSG00000166974	-0.0190469159768895
ENSG00000274184	0.120841138983092
ENSG00000268573	-0.143512185679013
ENSG00000257267	-0.239736680537435
ENSG00000172466	-0.223553686808724
ENSG00000153391	0.0216416116460063
ENSG00000141429	-0.0233310125082051
ENSG00000267397	-0.0554810965673675
ENSG00000141428	-0.1699480122262
ENSG00000141425	0.0136328060259158
ENSG00000288917	-0.220547942005783
ENSG00000260552	0.0269084811469126
ENSG00000274849	0.197781439897548
ENSG00000134779	-0.0911022773862035
ENSG00000267651	-0.163996943362126
ENSG00000101489	0.061711022890861
ENSG00000267707	0.117490763778468
ENSG00000175886	0.0448080389927401
ENSG00000078142	0.0189357714089123
ENSG00000276174	-0.267447570054951
ENSG00000132872	-0.126002371702539
ENSG00000266968	-0.316686023426635
ENSG00000141469	0.412589897328064
ENSG00000152234	0.244639432175484
ENSG00000152240	-0.13373208893002
ENSG00000141622	0.0250222269100756
ENSG00000167216	0.0200577735593123
ENSG00000280212	-0.231887254300061
ENSG00000167220	-0.0123212573306079
ENSG00000134049	-0.0986520503452632
ENSG00000175387	-0.0639269887231206
ENSG00000134030	0.0793663641286351
ENSG00000263916	-0.0412447158645258
ENSG00000265681	-0.112958014234571
ENSG00000101670	-0.0133375862933408
ENSG00000167315	0.0181345110456597
ENSG00000154832	-0.0581951256984748
ENSG00000141639	0.469631850278104
ENSG00000134042	0.072793179630398
ENSG00000082212	-0.0229917880566552
ENSG00000141642	-0.177495711180554
ENSG00000141646	0.0149010816478899
ENSG00000176624	-0.0283089830576688
ENSG00000134046	-0.0011749079666061
ENSG00000091157	-0.0084655717369456
ENSG00000177511	-0.130448098516623
ENSG00000277837	0.102705959151483
ENSG00000119547	0.110530856518934
ENSG00000066926	0.0602332162540224
ENSG00000278703	-0.154962105714332
ENSG00000049759	0.0546878490004506
ENSG00000166562	-0.143587679835342
ENSG00000074695	-0.0761611419237605
ENSG00000101542	0.0818754286622449
ENSG00000176641	-0.00109460233330546
ENSG00000134444	0.022355914426517
ENSG00000141664	0.0556040257738536
ENSG00000081913	-0.057984428712217
ENSG00000171791	-0.000192083945917436
ENSG00000119537	-0.0797606699255641
ENSG00000267390	-0.143618411837219
ENSG00000119541	-0.09495562500256
ENSG00000166401	-0.0505359695980123
ENSG00000081138	0.0678637089726727
ENSG00000071991	-0.243128380069111
ENSG00000278532	-0.0861001888630916
ENSG00000206052	0.0571526588688087
ENSG00000176225	-0.0165215574168338
ENSG00000170677	-0.114654169289164
ENSG00000278971	-0.175345592300023
ENSG00000166342	0.0619592680926023
ENSG00000263958	-0.0850892499440593
ENSG00000075336	-0.00107514008781555
ENSG00000166347	-0.0124147978278142
ENSG00000187773	-0.389376697085364
ENSG00000287689	0.0681874846593155
ENSG00000133313	0.0456720916278793
ENSG00000264340	-0.208442058774176
ENSG00000264247	-0.192725201239958
ENSG00000278607	0.308622704994313
ENSG00000180011	0.170540288099504
ENSG00000179981	0.0425416192250947
ENSG00000279811	-0.336170506384735
ENSG00000287680	-0.139111111867427
ENSG00000278330	-0.0336212088924752
ENSG00000166573	-0.0676053363135642
ENSG00000263146	0.00561240244571409
ENSG00000256463	0.130941273380039
ENSG00000131196	-0.00477647419547714
ENSG00000279397	0.254711715216222
ENSG00000267287	0.0115901840051372
ENSG00000060069	0.0196357083218116
ENSG00000278075	-0.13172827830917
ENSG00000226742	-0.195841768484015
ENSG00000267127	0.381029855255953
ENSG00000101544	-0.0338193952153564
ENSG00000278000	0.248766001730179
ENSG00000282458	0.0621928217411104
ENSG00000099866	-0.0335013920599896
ENSG00000099804	0.0266167932998177
ENSG00000197540	0.0507279604961672
ENSG00000172270	0.262481921918176
ENSG00000099822	0.0292632326510335
ENSG00000099821	0.0802878249369434
ENSG00000070388	0.0911443798109055
ENSG00000070423	-0.0210565226003276
ENSG00000070404	0.394840480196836
ENSG00000011304	0.013297330751217
ENSG00000197561	-0.0759161684429983
ENSG00000197766	-0.435854745154894
ENSG00000175221	0.0990831511614442
ENSG00000207507	0.837993852089136
ENSG00000198858	0.0348474878720922
ENSG00000182087	-0.0392529432911993
ENSG00000064666	-0.126795481005543
ENSG00000064687	-0.109071459941901
ENSG00000167468	0.101343820447531
ENSG00000064932	0.0119542249613054
ENSG00000099625	0.0505663178989861
ENSG00000267778	-0.0993782361302527
ENSG00000099624	-0.0437810036167214
ENSG00000167470	0.141864893953725
ENSG00000099622	-0.149353203661305
ENSG00000267493	-0.182572593752003
ENSG00000099617	-0.147469872283567
ENSG00000267372	0.315402688743966
ENSG00000279488	0.00488318148093398
ENSG00000248015	-0.168121234883976
ENSG00000071626	-0.0987588152838518
ENSG00000115268	-0.0674905529329221
ENSG00000268798	0.205209032332252
ENSG00000115266	0.150112128658698
ENSG00000267317	-0.0259974256772825
ENSG00000115257	0.0957795202939702
ENSG00000115255	0.0947943774692935
ENSG00000185761	0.0644188122853106
ENSG00000267092	0.0492229290727471
ENSG00000127540	-0.0164928180136499
ENSG00000071564	0.0976366789059124
ENSG00000079313	0.0927828860552343
ENSG00000267244	0.0521690589182707
ENSG00000129911	0.307642517969687
ENSG00000261526	-0.0292447396616291
ENSG00000227500	-0.0323626550379796
ENSG00000133275	-0.0700596421372404
ENSG00000133243	0.0868034970989931
ENSG00000267283	0.205559234717473
ENSG00000275468	0.258500759813117
ENSG00000099875	0.283424070768749
ENSG00000172081	0.106714129593649
ENSG00000099840	-0.0738795231294501
ENSG00000104885	0.0707881728671052
ENSG00000104897	0.0520682461789359
ENSG00000104899	-0.0800284843579546
ENSG00000104904	0.0530427266211439
ENSG00000220008	0.463984921623469
ENSG00000288156	-0.082360485599267
ENSG00000286880	-0.0279303948268949
ENSG00000005206	0.0217816561183653
ENSG00000176619	0.114658046607486
ENSG00000099860	0.38356096640329
ENSG00000176533	0.262332959957063
ENSG00000276097	-0.292674076778306
ENSG00000176490	-0.0343316848605511
ENSG00000261342	0.0463273196395285
ENSG00000104969	-0.0310102063395886
ENSG00000172006	-0.0259597646048474
ENSG00000287766	-0.0197380425505281
ENSG00000104964	-0.0442653933655305
ENSG00000060558	-0.0748923246704897
ENSG00000125910	0.00265481378864087
ENSG00000095932	0.075898416211385
ENSG00000105325	0.0517419999576559
ENSG00000183397	-0.114461877226007
ENSG00000064961	-0.233082014026639
ENSG00000186111	0.127747500022654
ENSG00000011132	0.0672090683930856
ENSG00000267205	-0.122619848565232
ENSG00000007264	0.104244393334049
ENSG00000167654	-0.0419808436683315
ENSG00000167657	0.119679578015873
ENSG00000167658	0.160022465045666
ENSG00000105229	-0.021482900226434
ENSG00000178951	0.127331156582794
ENSG00000268670	0.225185739361531
ENSG00000126934	0.00113147921810092
ENSG00000089847	0.101925428640502
ENSG00000105246	-0.01915631773316
ENSG00000105248	-0.0737566885837154
ENSG00000167664	-0.148332620818644
ENSG00000178078	0.0430388103883293
ENSG00000269318	-0.113956501363259
ENSG00000141985	0.000382895982757104
ENSG00000167670	0.00739641328669909
ENSG00000267030	0.0125818586294531
ENSG00000267769	0.248415023297648
ENSG00000167676	0.342891196283258
ENSG00000214456	0.0496640004730431
ENSG00000171236	-0.0207320736642037
ENSG00000167680	0.0905284195732499
ENSG00000142002	0.0951538883948681
ENSG00000205790	-0.00223163478725647
ENSG00000287884	-0.219422617432946
ENSG00000176840	-0.210547507249818
ENSG00000141965	0.00102953833604808
ENSG00000127666	0.180865441340125
ENSG00000105355	-0.122846814029372
ENSG00000127663	0.0362399076475106
ENSG00000105426	-0.123933023985722
ENSG00000274447	-0.193246621100319
ENSG00000223573	-0.347375997911329
ENSG00000130254	0.079558427250229
ENSG00000130255	-0.149749146089882
ENSG00000167733	-0.0628940827639218
ENSG00000212123	-0.133122807399135
ENSG00000141994	-0.012659347948559
ENSG00000267571	0.114854195202949
ENSG00000031823	-0.0545034574613119
ENSG00000125650	0.29881577690369
ENSG00000125651	0.19269475015754
ENSG00000088247	0.0910043732315993
ENSG00000181240	0.13568824940385
ENSG00000125648	0.250487405036058
ENSG00000205744	0.0229886309655693
ENSG00000275234	0.230436602668373
ENSG00000104833	-0.162077054881587
ENSG00000125657	-0.0124302075153444
ENSG00000125735	0.129002322879869
ENSG00000125730	-0.217691648318763
ENSG00000276980	-0.332753191777704
ENSG00000125734	0.132807236252945
ENSG00000125733	-0.0398613323329366
ENSG00000269680	-0.1312301604252
ENSG00000141968	-0.0487630757227525
ENSG00000171105	0.00215790028020257
ENSG00000104880	0.0967324486832155
ENSG00000198816	-0.155146220028145
ENSG00000090674	-0.0404438175763624
ENSG00000032444	0.187508600832254
ENSG00000076924	0.0785588500104438
ENSG00000104918	0.172332144376875
ENSG00000183019	0.140164336913857
ENSG00000182566	0.101152694285517
ENSG00000090659	-0.235756010909394
ENSG00000142459	-0.0926903229422103
ENSG00000260001	-0.0670331234588303
ENSG00000178531	0.294900405802873
ENSG00000269139	-0.165294989921587
ENSG00000066044	0.0957993772879048
ENSG00000186994	0.27994840298818
ENSG00000167772	0.123954050741482
ENSG00000185236	-0.062364643887497
ENSG00000099783	-0.0269572362916631
ENSG00000133246	-0.027295074073181
ENSG00000133250	-0.0428907917539773
ENSG00000142347	-0.117130760228012
ENSG00000142303	-0.2012278601794
ENSG00000167785	-0.0407346340309136
ENSG00000269300	-0.0676105096760496
ENSG00000130803	0.0269419466837494
ENSG00000174652	0.0284569637488885
ENSG00000130818	-0.0605693583248983
ENSG00000278611	-0.0232969867410201
ENSG00000171469	0.0494635094543423
ENSG00000267106	-0.0620745808176933
ENSG00000171466	0.00247599276488995
ENSG00000277587	0.285764862415554
ENSG00000267612	0.234150322535706
ENSG00000127452	0.0144962678383599
ENSG00000267119	-0.17642591692643
ENSG00000198258	-0.0301899811104168
ENSG00000267289	-0.20171026118913
ENSG00000127445	0.107301543495265
ENSG00000105088	0.375026638597156
ENSG00000080573	0.299342550906182
ENSG00000130810	0.0737833320655362
ENSG00000130811	-0.0335066657886748
ENSG00000130816	0.0467746335619999
ENSG00000090339	0.0320410465575198
ENSG00000105376	0.136999949920472
ENSG00000220201	0.0667863029160836
ENSG00000161847	0.113954091721732
ENSG00000105397	0.0170906396200862
ENSG00000105401	0.020276536139748
ENSG00000065989	-0.00976999569867513
ENSG00000079999	-0.0716718298300442
ENSG00000129347	-0.16346216085289
ENSG00000129355	0.103309863096864
ENSG00000129353	0.101464961880399
ENSG00000129351	0.0303961137873838
ENSG00000213339	-0.124974026520991
ENSG00000127616	0.200876269411721
ENSG00000130164	0.188071264004706
ENSG00000187266	0.280730829838759
ENSG00000205517	0.117401479216917
ENSG00000198003	0.0343203988304951
ENSG00000130175	-0.0968524141874317
ENSG00000130159	0.110136922533831
ENSG00000244080	0.135708301978948
ENSG00000213303	-0.0176798137671462
ENSG00000130165	-0.0178816822302275
ENSG00000198551	-0.0298515492493941
ENSG00000214223	-0.0396080169440066
ENSG00000267343	-0.0391690615773818
ENSG00000197933	-0.0116315608877983
ENSG00000197044	0.17500513910825
ENSG00000177599	-0.0355798810294575
ENSG00000171295	0.00823076921448339
ENSG00000198429	-0.00145778747602757
ENSG00000196757	0.0068410050056611
ENSG00000197054	0.0152099990226339
ENSG00000197647	-0.0173437876352659
ENSG00000223547	0.238092547498241
ENSG00000237273	0.455667572796598
ENSG00000242615	-0.130372532939907
ENSG00000257591	-0.0115072762717834
ENSG00000196646	-0.0671889836799659
ENSG00000197857	0.0179677831085303
ENSG00000234750	0.0363931195894195
ENSG00000188868	0.017411568386875
ENSG00000198342	0.0778881987751364
ENSG00000248406	-0.0547561188899723
ENSG00000196466	-0.0813457961499217
ENSG00000180855	0.0464611934736449
ENSG00000242852	0.0222397034581004
ENSG00000249709	0.00180354782309703
ENSG00000188033	0.0262184793621709
ENSG00000173875	0.0284369435668474
ENSG00000104774	-0.165537777939266
ENSG00000095059	0.116284578076974
ENSG00000105576	0.198024832208423
ENSG00000123144	-0.200735869163393
ENSG00000095066	0.0494038402569243
ENSG00000171223	0.358275696649038
ENSG00000105613	-0.257281850384234
ENSG00000105612	0.0798589799519902
ENSG00000105607	0.0435379426148992
ENSG00000179218	0.0520027631308168
ENSG00000179262	0.157004577842847
ENSG00000008441	-0.114008945870452
ENSG00000267417	-0.17253168901303
ENSG00000104907	-0.0437972365940208
ENSG00000104915	0.0190479474402261
ENSG00000160888	0.46946381580573
ENSG00000141837	-0.0289433773053873
ENSG00000104957	-0.0162359124253605
ENSG00000037757	0.0469145473566898
ENSG00000267519	0.255326519521785
ENSG00000132024	0.00779300646069602
ENSG00000132000	0.0537351656763745
ENSG00000132017	0.026123996664855
ENSG00000132005	0.0995390923952547
ENSG00000104998	0.0971952989997513
ENSG00000187867	-0.138731509043927
ENSG00000141858	0.0951064064592865
ENSG00000072062	0.039968516629501
ENSG00000267783	0.351020492719831
ENSG00000267169	-0.119393741730852
ENSG00000072071	0.0963838319904393
ENSG00000123146	-0.0657823044707673
ENSG00000123136	-0.179921237204709
ENSG00000123143	0.0318274236266328
ENSG00000224543	-0.0335276955423115
ENSG00000132002	-0.0607584458724289
ENSG00000099797	0.0611425441259382
ENSG00000160961	-0.0584713528245762
ENSG00000127507	-0.0807377323391146
ENSG00000188269	-0.159955969194948
ENSG00000105143	0.0994620783380836
ENSG00000105137	0.0898974794804405
ENSG00000074181	0.241116692533768
ENSG00000141867	0.0284541480157259
ENSG00000273218	0.29589274362709
ENSG00000105127	0.0143581775433045
ENSG00000011243	-0.0407411420147166
ENSG00000279203	0.114339413692739
ENSG00000279716	0.244626532451743
ENSG00000105122	-0.111312635429574
ENSG00000267056	-0.00236076024466175
ENSG00000171903	8.91494257607497e-05
ENSG00000279198	0.116904969514377
ENSG00000105058	-0.0250102848098933
ENSG00000127528	-0.191586676383571
ENSG00000127527	0.101774358657153
ENSG00000280332	0.212025079755724
ENSG00000289330	-0.267622410993049
ENSG00000105072	0.105710611280859
ENSG00000085872	0.174900042651139
ENSG00000269399	0.139457695631459
ENSG00000279529	0.192625276324998
ENSG00000105085	0.0232583474544375
ENSG00000214046	-0.00936023081742132
ENSG00000269044	0.0628693553191771
ENSG00000072954	0.491109033349951
ENSG00000188039	0.134188898969978
ENSG00000127511	0.143028019259118
ENSG00000127533	0.0401172411719779
ENSG00000099330	0.151740677934473
ENSG00000105393	-0.0479520115341678
ENSG00000160117	0.144718469954376
ENSG00000127220	0.00548194257222975
ENSG00000269815	0.0265707702904018
ENSG00000074855	0.181714589081127
ENSG00000130299	0.0100828069975509
ENSG00000130300	0.056219147022504
ENSG00000269720	0.0283141677737088
ENSG00000130303	-0.0289188562234107
ENSG00000282851	-0.0279947630830946
ENSG00000141971	0.114121493181298
ENSG00000254503	0.00109779633755351
ENSG00000188051	-0.103874640878808
ENSG00000171773	-0.0940147569030575
ENSG00000130304	0.0353087477973998
ENSG00000130313	-0.0307297285647517
ENSG00000130309	0.125926062700064
ENSG00000130477	0.1957443782678
ENSG00000269752	0.164397914148377
ENSG00000105639	-0.137296741412505
ENSG00000105640	-0.0148448414305082
ENSG00000105642	0.140005860259019
ENSG00000105643	-0.0926264993061604
ENSG00000279172	-0.264282897762433
ENSG00000099308	0.190010212525779
ENSG00000105647	0.220877961496255
ENSG00000216490	-0.0564457378145846
ENSG00000254858	0.0811131935778765
ENSG00000105649	-0.112347750309055
ENSG00000105650	0.146018967093166
ENSG00000130518	-0.0306502862672556
ENSG00000130522	-0.189387126521168
ENSG00000130513	0.364406667765578
ENSG00000175489	-0.0372250267314673
ENSG00000130511	0.0438241878030813
ENSG00000105655	0.17827993734865
ENSG00000105656	0.142985957191168
ENSG00000268030	0.153320659558767
ENSG00000221983	-0.0890882485636048
ENSG00000105696	-0.0350517668681675
ENSG00000167487	0.25821094731703
ENSG00000105662	0.374389349329912
ENSG00000005007	0.156131006535111
ENSG00000223802	-0.0663646657462808
ENSG00000269694	0.0823354828786683
ENSG00000105669	0.0183566311559713
ENSG00000064607	0.151461314688265
ENSG00000064545	0.0679455787643688
ENSG00000213999	0.0636550075022087
ENSG00000254901	-0.0552995470278414
ENSG00000064490	0.0999754404769749
ENSG00000184162	0.0843466601854519
ENSG00000130287	0.354481923039773
ENSG00000105705	-0.0093851932968051
ENSG00000167491	0.126611479675187
ENSG00000178093	0.0411446659190093
ENSG00000250067	0.0723139974643896
ENSG00000064547	-0.118802140173492
ENSG00000089639	-0.143187564291657
ENSG00000181896	0.0184636089128778
ENSG00000105708	-0.123171408192872
ENSG00000266904	-0.00011662657446318
ENSG00000256771	-0.129533559022943
ENSG00000197124	0.0623333981740653
ENSG00000280079	-0.26133911138328
ENSG00000237440	0.114618747236186
ENSG00000188171	-0.0271954558420612
ENSG00000288815	-0.21325132550758
ENSG00000105750	-0.00481610390237064
ENSG00000268747	-0.0676353704319509
ENSG00000182141	-0.266046830887228
ENSG00000196268	0.00383010298364613
ENSG00000268119	0.0243578220756404
ENSG00000197013	0.0300294424866584
ENSG00000268830	-0.301753016406378
ENSG00000270947	-0.200382885654223
ENSG00000268038	0.254333129084976
ENSG00000167232	0.0231790999351293
ENSG00000267934	0.518138527856204
ENSG00000196172	-0.138967084291994
ENSG00000269397	0.315461961038278
ENSG00000268362	0.0275508171413308
ENSG00000268442	0.19630830100324
ENSG00000261824	0.0216343840847042
ENSG00000261770	-0.0584439168542995
ENSG00000281468	0.285242519658616
ENSG00000267264	0.0771357411434687
ENSG00000267683	-0.0177851371648046
ENSG00000169021	0.0553922162330226
ENSG00000267498	-0.048769986066618
ENSG00000276251	0.0517316518485175
ENSG00000279387	-0.0758285728186726
ENSG00000187135	-0.227456290170909
ENSG00000105171	0.0755463021420046
ENSG00000166289	-0.136286099193903
ENSG00000131943	0.0486753894812309
ENSG00000105173	0.132110395450543
ENSG00000105176	-0.108365977182303
ENSG00000267692	-0.367924868187535
ENSG00000266910	-0.0473683600239972
ENSG00000287859	0.172731979778802
ENSG00000131944	0.1668935148077
ENSG00000131941	0.0480740587313376
ENSG00000076650	0.00575825146445066
ENSG00000289378	0.0217589522692491
ENSG00000130881	0.201400871142657
ENSG00000130876	0.0932957063990786
ENSG00000267714	-0.0992376738287837
ENSG00000153879	0.032437104276696
ENSG00000124299	-0.0807231702555426
ENSG00000153885	0.0843980081738636
ENSG00000289539	-0.230925569474135
ENSG00000277013	-0.352532525487808
ENSG00000126249	0.0666846742288088
ENSG00000126261	-0.0100204671381553
ENSG00000142279	-0.0447006725175221
ENSG00000268751	-0.151127232917286
ENSG00000197841	-0.252744269195559
ENSG00000089351	0.107613511494381
ENSG00000105711	-0.0167134969472573
ENSG00000179066	-0.00467812350941734
ENSG00000089356	0.05805120722506
ENSG00000153902	0.324550572194897
ENSG00000279619	0.379372809517384
ENSG00000266964	0.0274917562484379
ENSG00000221946	-0.19843684911108
ENSG00000089327	-0.0498025174076491
ENSG00000105699	-0.0847599548078736
ENSG00000268947	0.0113331418487022
ENSG00000105698	-0.0621863284431059
ENSG00000105697	-0.355699587076568
ENSG00000126266	-0.257228711826529
ENSG00000233214	-0.219800096257296
ENSG00000126262	-0.00735960048027814
ENSG00000161249	0.0628523660989696
ENSG00000236144	0.132039160825548
ENSG00000105677	0.0332308558676368
ENSG00000249115	-0.0335106828429229
ENSG00000126254	0.077698067880397
ENSG00000105672	-0.113401174239743
ENSG00000272333	0.13478564953857
ENSG00000126246	-0.0365521017218501
ENSG00000161265	0.0821690593820398
ENSG00000205155	-0.0804167969038762
ENSG00000004776	0.355694692527192
ENSG00000167595	0.133145795085321
ENSG00000004777	0.048720614555957
ENSG00000225872	-0.0952641665500875
ENSG00000126259	0.0207760809539333
ENSG00000105290	-0.170582999202503
ENSG00000167604	-0.0332917354045959
ENSG00000126264	0.199138969249237
ENSG00000126243	0.244641733876032
ENSG00000267388	-0.00520840912423659
ENSG00000239382	-0.145161488320031
ENSG00000105270	-0.0112922522326221
ENSG00000161277	-0.00491719591438309
ENSG00000126247	0.000394196421755156
ENSG00000142065	-0.0516290967491903
ENSG00000181007	-0.0331460763885975
ENSG00000186017	-0.0940265691891427
ENSG00000267309	0.185387216832859
ENSG00000254004	-0.10486380744924
ENSG00000186020	0.00307290675668881
ENSG00000161298	0.0314421751941011
ENSG00000276071	0.176121383460578
ENSG00000225975	0.0879942516259057
ENSG00000189042	0.0191243261584676
ENSG00000197863	-0.0589431917474632
ENSG00000185869	-0.072265726234587
ENSG00000198453	-0.0241717754999404
ENSG00000267672	0.39725447667548
ENSG00000245680	-0.0501884078520628
ENSG00000181666	0.0268448383041802
ENSG00000276846	-0.279893381701418
ENSG00000189164	-0.0412913242659623
ENSG00000196437	-0.0193351191393938
ENSG00000171827	-0.0337273739465225
ENSG00000266916	-0.232716578953088
ENSG00000188227	0.0705048014336882
ENSG00000180458	0.289059027135732
ENSG00000171817	-0.0185509361548061
ENSG00000180479	-0.0482935329466669
ENSG00000120784	-0.0204863535342538
ENSG00000196381	0.115938714047981
ENSG00000267319	0.174692724266905
ENSG00000198182	0.0534491641346005
ENSG00000275132	0.302048805082728
ENSG00000167642	0.138733182137693
ENSG00000099337	0.0911331248390954
ENSG00000171777	-0.00897303609775329
ENSG00000196218	-0.0799606662204558
ENSG00000178982	-0.0658674029902628
ENSG00000130402	0.121449259344025
ENSG00000267892	-0.110286104213519
ENSG00000104823	0.0670640547448518
ENSG00000269688	0.0377096725201546
ENSG00000187994	-0.09266318116204
ENSG00000068903	-0.367806478043032
ENSG00000104825	-0.0461481852166103
ENSG00000262484	-0.103487905492355
ENSG00000104835	0.0654532516052764
ENSG00000269486	0.280351805734705
ENSG00000269190	0.236449954894946
ENSG00000161243	-0.0116580289027228
ENSG00000183760	-0.178969310386353
ENSG00000130669	0.0687558269558749
ENSG00000128011	0.0424987658440255
ENSG00000130755	-0.073467475101853
ENSG00000179134	0.184359830088226
ENSG00000241983	0.100169853145829
ENSG00000063322	0.112077218638211
ENSG00000128016	0.618942480589733
ENSG00000090924	0.0699248560055995
ENSG00000105193	-0.152924875348913
ENSG00000090932	-0.214253888596556
ENSG00000288770	-0.0565087975781585
ENSG00000176401	-0.165447332765664
ENSG00000176396	-0.159354923795936
ENSG00000276445	0.173201022819673
ENSG00000105204	0.00828147938303802
ENSG00000275395	-0.252674523383243
ENSG00000013275	-0.122315898902145
ENSG00000187187	0.029870254314861
ENSG00000269069	0.1951184591066
ENSG00000128000	-0.0362422745517411
ENSG00000197782	-0.0646539692084739
ENSG00000130758	0.0246846587011754
ENSG00000174521	-0.588362432521643
ENSG00000105219	-0.198634228549354
ENSG00000105221	0.090540377456224
ENSG00000205041	0.0964302257305678
ENSG00000105223	0.102027567884342
ENSG00000279759	-0.0718148279929087
ENSG00000160396	0.241690410606635
ENSG00000105227	0.27839803486204
ENSG00000197019	0.278584081222894
ENSG00000167565	0.106138591340287
ENSG00000160410	-0.16919343207561
ENSG00000090006	-0.0604586111358761
ENSG00000105245	0.109658952694267
ENSG00000123815	0.0870807724335466
ENSG00000086544	0.0370642108581821
ENSG00000261857	0.133582723734701
ENSG00000269858	0.235874995151686
ENSG00000279108	0.0214274359748188
ENSG00000256612	0.0287022154949904
ENSG00000167601	0.340911293333653
ENSG00000105323	-0.0612449579565039
ENSG00000105329	0.105541827341308
ENSG00000286177	0.390298498201317
ENSG00000142039	0.0978091641092358
ENSG00000142046	0.0693086372623236
ENSG00000277744	0.48554340722109
ENSG00000248098	0.320760587078694
ENSG00000267107	0.031203701024062
ENSG00000269800	-0.0525868567657538
ENSG00000289298	0.214016975263054
ENSG00000270164	-0.163299831123703
ENSG00000105372	-0.147016810390014
ENSG00000105404	-0.109842989604632
ENSG00000105409	-0.302569842091602
ENSG00000160570	0.0495430773202077
ENSG00000167625	0.135966434579193
ENSG00000105723	0.0534800920480363
ENSG00000279539	0.0665485519415548
ENSG00000105722	-0.0268372800851136
ENSG00000079432	0.176437642725442
ENSG00000079462	-0.102693427108831
ENSG00000188368	0.111007062923113
ENSG00000167619	-0.197196595431196
ENSG00000105429	0.32634097832322
ENSG00000105427	-0.0686195200833666
ENSG00000079435	-0.230824703038186
ENSG00000225877	-0.204150698580687
ENSG00000204936	0.0152900765044738
ENSG00000176531	0.148654716298991
ENSG00000176472	-0.036615629360784
ENSG00000073050	0.0440252751500842
ENSG00000234465	-0.0927611419050164
ENSG00000124444	0.0171260504234689
ENSG00000226763	-0.0691556070820972
ENSG00000105767	-0.134687689340745
ENSG00000011422	-0.0082039174303655
ENSG00000239948	0.207428039195598
ENSG00000105771	0.103667145472125
ENSG00000104783	-0.0113366550809871
ENSG00000167637	0.0128341391651573
ENSG00000176222	-0.00127634616892913
ENSG00000124459	0.0016057568978046
ENSG00000277806	0.267117755067735
ENSG00000266921	-0.0823854850762467
ENSG00000159885	0.0020638084419985
ENSG00000178386	-0.0476424031089702
ENSG00000186019	-0.000783607542224965
ENSG00000256294	-0.0340454996314063
ENSG00000289428	0.0327149821995801
ENSG00000263002	0.014871869400757
ENSG00000167380	-0.146608631194939
ENSG00000131115	-0.149296767266943
ENSG00000279103	-0.08686196446106
ENSG00000159915	-0.0545278056194382
ENSG00000062370	-0.132638607049638
ENSG00000267508	-0.0600740368721127
ENSG00000167384	-0.122911370106934
ENSG00000073008	0.102765188775825
ENSG00000186567	0.12901379371428
ENSG00000069399	0.109277357413754
ENSG00000187244	-0.0866702865830259
ENSG00000130202	0.00916561276975528
ENSG00000130203	0.0685960185586902
ENSG00000130208	0.345617580541715
ENSG00000214855	-0.120142129789859
ENSG00000267467	0.0891158824666865
ENSG00000104853	0.284605369194738
ENSG00000104856	0.176337238278714
ENSG00000170684	0.173321893267186
ENSG00000007047	0.167389407146611
ENSG00000007255	-0.0156022686954966
ENSG00000104881	0.0725042169964164
ENSG00000125740	0.531761277584283
ENSG00000125744	0.0891994454298559
ENSG00000125753	0.165268335415666
ENSG00000125741	0.167452531006602
ENSG00000177464	0.363328293693261
ENSG00000010310	-0.308270482785548
ENSG00000125743	-0.125679285048719
ENSG00000011478	0.0453208252187426
ENSG00000177051	0.184516450798954
ENSG00000279407	0.0569194245630738
ENSG00000177045	0.314175051476966
ENSG00000104936	0.0618332640511456
ENSG00000125755	0.153265886123265
ENSG00000269148	-0.0742647909773075
ENSG00000176182	0.186403676360371
ENSG00000188425	-0.1458338100588
ENSG00000104967	0.0233916154416529
ENSG00000104983	-0.025491808238535
ENSG00000008438	-0.16945828127568
ENSG00000268401	-0.231424513651345
ENSG00000124440	0.629777872300011
ENSG00000269124	0.721183773850404
ENSG00000169515	0.107532297309247
ENSG00000182013	-0.0697068738460784
ENSG00000204851	-0.0073655799777475
ENSG00000204850	0.316292511288291
ENSG00000160014	0.288856579808207
ENSG00000160013	-0.116925809851986
ENSG00000197380	-0.19584601125027
ENSG00000105287	0.0334526951561249
ENSG00000090372	0.0397570719504489
ENSG00000181027	0.193723749825402
ENSG00000105281	0.102536648388924
ENSG00000160007	0.137836804316795
ENSG00000279948	-0.113640891193042
ENSG00000130749	0.084601168896696
ENSG00000105327	0.162857731931444
ENSG00000105321	0.0525238943512476
ENSG00000257704	-0.235883335833694
ENSG00000134830	-0.248807628720735
ENSG00000134815	0.0210689916364644
ENSG00000288827	0.026374727013974
ENSG00000118160	-0.00182010146530925
ENSG00000118162	0.177834354577792
ENSG00000268061	0.00242527882631886
ENSG00000105402	0.11456053358074
ENSG00000279861	-0.133550801665289
ENSG00000024422	0.297846520944603
ENSG00000105373	-0.125150015037522
ENSG00000213035	-0.0904001482965049
ENSG00000105483	0.0232041376986262
ENSG00000280353	0.196387476889236
ENSG00000268583	-0.164506900848551
ENSG00000268001	0.0505323816892169
ENSG00000178150	-0.140240620653553
ENSG00000142227	-0.0557307814670177
ENSG00000161558	0.104156322774106
ENSG00000105438	0.0647431142280244
ENSG00000105464	-0.0308902595232965
ENSG00000182324	0.0238091341850525
ENSG00000105443	-0.0574588919851099
ENSG00000142235	0.0995125962801897
ENSG00000063177	-0.0889127838529758
ENSG00000105516	-0.00658111044162753
ENSG00000142233	0.0185404662964683
ENSG00000176920	0.0803331060336213
ENSG00000105538	0.297449875817921
ENSG00000174951	0.144837679780135
ENSG00000105552	0.215801258624182
ENSG00000286024	0.00502771807366387
ENSG00000087076	0.0883777726357468
ENSG00000105559	-0.0186988924530878
ENSG00000087074	0.0424277429962318
ENSG00000104805	0.166327847922676
ENSG00000104808	-0.0264813446583851
ENSG00000104812	0.198987082654652
ENSG00000104852	-0.0529675451900543
ENSG00000104863	-0.085380051987587
ENSG00000130528	0.200690445294374
ENSG00000130529	0.0303700655285665
ENSG00000104894	-0.393911904345137
ENSG00000074219	0.130654205158034
ENSG00000104872	-0.0687328761572987
ENSG00000161618	-0.0322594570441771
ENSG00000142541	-0.110629425694121
ENSG00000200259	0.285465195085279
ENSG00000142534	-0.201619764748606
ENSG00000104870	0.049298693310826
ENSG00000142552	0.132181502191888
ENSG00000126464	0.170881079385793
ENSG00000126461	0.0577526022985921
ENSG00000126456	0.144765428946767
ENSG00000126453	-0.0264174913363421
ENSG00000224420	0.0884877853408332
ENSG00000169169	0.0107923776990684
ENSG00000010361	-0.0854289970902383
ENSG00000104973	0.0256856622740152
ENSG00000268006	-0.0511202866794751
ENSG00000104960	-0.0430213710709964
ENSG00000269352	-0.00539061927584208
ENSG00000204673	-0.0161346766956977
ENSG00000104946	-0.0239354874551801
ENSG00000213024	0.11272243831784
ENSG00000169136	0.0161667821433555
ENSG00000161643	0.180158672006781
ENSG00000142528	0.0627723052606642
ENSG00000269091	0.42468456394454
ENSG00000267890	-0.247050688510259
ENSG00000131398	0.014450621875772
ENSG00000131401	-0.145666730687882
ENSG00000062822	0.00793340526501279
ENSG00000161671	0.0190696362398553
ENSG00000161677	-0.128445695363937
ENSG00000204653	-0.105536583799258
ENSG00000131409	0.123160931332838
ENSG00000213023	0.0234254465058284
ENSG00000161681	-0.344367394233919
ENSG00000167747	-0.00603291741238249
ENSG00000129437	-0.00518517545766934
ENSG00000142544	-0.0865661671616693
ENSG00000129450	-0.0232681725655715
ENSG00000168995	-0.230579447647904
ENSG00000105383	-0.111976716355706
ENSG00000105374	0.675425942960345
ENSG00000262874	0.17057674455891
ENSG00000142512	-0.0528665133816941
ENSG00000105366	-0.100628498376389
ENSG00000289037	0.0308850563302647
ENSG00000268500	0.301112425078928
ENSG00000254415	0.419451552329455
ENSG00000243469	-0.57571015233935
ENSG00000269959	-0.0284396531428466
ENSG00000182310	-0.061474234847296
ENSG00000105509	-0.0641972740954316
ENSG00000171051	-0.127944869505078
ENSG00000161551	0.00801495237109898
ENSG00000198093	-0.132569710704692
ENSG00000176024	-0.0289225452241398
ENSG00000256683	-0.0978504315196463
ENSG00000142556	-0.0547202819684866
ENSG00000256087	-0.106132504501562
ENSG00000275055	-0.526961812677887
ENSG00000260160	-0.0444820523469321
ENSG00000197608	-0.0183863453516884
ENSG00000204611	0.00415036346707322
ENSG00000196267	0.040946362117492
ENSG00000105568	0.117731849033239
ENSG00000196214	-0.0264082738732803
ENSG00000198464	-0.0971504194205687
ENSG00000167554	0.0209863032678586
ENSG00000221923	-0.232837678145483
ENSG00000269834	0.134774515660394
ENSG00000167555	0.160452752996718
ENSG00000198633	0.034942470743338
ENSG00000289102	-0.0247717991178137
ENSG00000123870	-0.0318477132635118
ENSG00000288953	-0.302696699797033
ENSG00000213020	0.046067034360645
ENSG00000198538	-0.0245983895931466
ENSG00000204604	0.0367159122046781
ENSG00000182986	0.054015515070026
ENSG00000213793	-0.00897679548039711
ENSG00000180257	-0.0106631891771932
ENSG00000170954	-0.0235131989573087
ENSG00000197937	0.0420497458861371
ENSG00000197928	-0.0147750207290763
ENSG00000213799	-0.120183561614105
ENSG00000203326	-0.0366689843034772
ENSG00000196417	-0.0587970155037187
ENSG00000198346	-0.0487574050706827
ENSG00000274892	-0.207096846252707
ENSG00000130844	-0.0498572398377026
ENSG00000105605	-0.0642766604524201
ENSG00000142408	0.117804697235426
ENSG00000170909	-0.128388204158706
ENSG00000088038	0.0704580038200321
ENSG00000170892	-0.207984080173281
ENSG00000170889	-0.259707982329768
ENSG00000204577	0.0667283465181173
ENSG00000235081	0.128711077810897
ENSG00000244482	-0.0325416419618408
ENSG00000105609	-0.0679142921392985
ENSG00000131042	-0.258356552210185
ENSG00000187116	0.0193087910119367
ENSG00000167613	-0.0689029985062971
ENSG00000167614	0.199336005818355
ENSG00000268496	0.253519801999085
ENSG00000269873	-0.207595887444492
ENSG00000267838	0.192649522890679
ENSG00000167615	0.199377660395575
ENSG00000275183	0.003829332509229
ENSG00000167617	-0.0621053912921226
ENSG00000104974	-0.143455740104608
ENSG00000104972	-0.111857096878289
ENSG00000186818	-0.130679890272525
ENSG00000225370	0.0620011419453466
ENSG00000022556	-0.0636029820419866
ENSG00000129991	0.073066334719972
ENSG00000129990	-0.28873794972025
ENSG00000080031	-0.102429788124251
ENSG00000180089	0.312130528579471
ENSG00000105063	0.206471080070999
ENSG00000133265	0.178274613672277
ENSG00000160469	-0.155591949669454
ENSG00000133247	0.129421365963027
ENSG00000187902	0.0106726663714486
ENSG00000090971	0.0172664461791991
ENSG00000179954	0.144611902143543
ENSG00000171443	-0.0453179103775708
ENSG00000171425	0.10637557693989
ENSG00000173581	0.0663049907365329
ENSG00000063244	0.0278070069453152
ENSG00000267523	0.0966310594511437
ENSG00000267096	-0.0924441954220259
ENSG00000267117	-1.5461576076306e-05
ENSG00000167685	0.0217914997354782
ENSG00000240225	0.0744933245926308
ENSG00000018869	0.00659095296291831
ENSG00000267192	0.186731043781066
ENSG00000198440	-0.12328562642132
ENSG00000198046	-0.0118829444397899
ENSG00000196263	-0.0420518520955995
ENSG00000267224	0.0607829058979467
ENSG00000269696	0.0209893807505971
ENSG00000197016	-0.0313189955241381
ENSG00000197951	-0.000687594632135385
ENSG00000268182	-0.0205709666030164
ENSG00000127903	0.112266857135018
ENSG00000198300	0.247730986831129
ENSG00000268654	-0.00463319501011318
ENSG00000197714	-0.0311634624997145
ENSG00000288899	0.187407034073804
ENSG00000178229	0.00750760170243694
ENSG00000131845	0.0692767241530184
ENSG00000152433	0.00441760438748022
ENSG00000256060	-0.126563406609449
ENSG00000188785	-0.128875241783079
ENSG00000186272	-0.156324632500295
ENSG00000276449	-0.0964995309001383
ENSG00000152439	0.00179141824159324
ENSG00000121406	0.122623058812479
ENSG00000251369	0.0490061936952883
ENSG00000083817	0.0357778068952607
ENSG00000171649	-0.0343693905746047
ENSG00000183647	-0.00190652930323233
ENSG00000213762	-0.0433002240282436
ENSG00000121417	-0.00652602033042564
ENSG00000204519	0.0838920913394884
ENSG00000179909	0.119751054977124
ENSG00000083814	0.00603080708197478
ENSG00000083828	-0.025102978873052
ENSG00000178935	-0.0582727282827187
ENSG00000269343	-0.100833573589078
ENSG00000204514	-0.00707377756272829
ENSG00000198466	0.0412288484161
ENSG00000269867	0.295232326131294
ENSG00000270804	0.313956055153116
ENSG00000196724	-0.0392683481520384
ENSG00000152454	-0.0636340100285965
ENSG00000243234	0.225363935297842
ENSG00000177025	0.0896237228256282
ENSG00000152467	-0.110664670708094
ENSG00000288830	-0.127764721691014
ENSG00000176293	-0.0572797277132612
ENSG00000243642	0.40917324305696
ENSG00000121413	0.082158639076885
ENSG00000181894	0.199076315992564
ENSG00000269236	-0.0965656965330086
ENSG00000171606	-0.0573727091593789
ENSG00000278129	-0.0951939814271578
ENSG00000142396	-0.0812682491153275
ENSG00000283103	-0.0925038893204515
ENSG00000269794	0.47525439617111
ENSG00000182318	0.149252522708273
ENSG00000279611	0.0903995782462656
ENSG00000268049	-0.224954694380383
ENSG00000083845	-0.0123150969456712
ENSG00000171574	0.130805501272252
ENSG00000232098	0.117848428474831
ENSG00000268912	0.077247648042089
ENSG00000131849	0.147048053335568
ENSG00000249471	0.204726673707807
ENSG00000083812	0.181474925419278
ENSG00000083838	-0.00273472664695584
ENSG00000273901	0.13281844263106
ENSG00000130726	0.0751898853930857
ENSG00000130724	0.0224938097019449
ENSG00000099326	0.0994296557419545
ENSG00000247315	-0.0278383094250527
ENSG00000286158	0.0531857134077767
ENSG00000225377	0.0426136149375884
ENSG00000177732	0.039111555127524
ENSG00000125841	0.103589440847997
ENSG00000101255	0.228050403389485
ENSG00000125826	0.0133698250854641
ENSG00000125878	0.0830823876044676
ENSG00000271303	0.280016711694465
ENSG00000101276	0.42877206209197
ENSG00000101282	-0.0372408771820477
ENSG00000125818	0.020971711206387
ENSG00000125895	0.0939813904467345
ENSG00000215595	-0.0518782946688101
ENSG00000125775	0.134080650208015
ENSG00000280162	0.059894321615381
ENSG00000229728	-0.0958307227436871
ENSG00000196209	-0.120037077700979
ENSG00000232528	0.0484119346527355
ENSG00000276649	0.0982028938140908
ENSG00000198053	0.114663507999701
ENSG00000125834	0.0698533483311844
ENSG00000125835	-0.0351529960614434
ENSG00000088876	-0.0527198537100953
ENSG00000101361	-0.0490874944430051
ENSG00000101365	0.0717686673646432
ENSG00000228293	0.141134703420218
ENSG00000132635	-0.246846811883117
ENSG00000132670	-0.020272682401819
ENSG00000185019	0.0433426660769546
ENSG00000215251	-0.060548419214385
ENSG00000088899	0.0840798573170033
ENSG00000289183	-0.00716871030841013
ENSG00000198171	-0.00227959763058073
ENSG00000088836	-0.134688755738628
ENSG00000088854	0.123070256649707
ENSG00000088812	0.08122809822706
ENSG00000149451	0.120087533021877
ENSG00000101224	0.0498626313705315
ENSG00000088888	0.0617008578066611
ENSG00000125779	0.0303198720334318
ENSG00000101236	0.103213574002225
ENSG00000088826	0.181031324688073
ENSG00000089057	0.0427879696461514
ENSG00000089063	-0.30427012195444
ENSG00000125772	0.1377384724115
ENSG00000233578	-0.160668567323293
ENSG00000089199	-0.0402118545244515
ENSG00000089195	0.0339888339896591
ENSG00000088766	-0.0304856317468991
ENSG00000101311	-0.0165959795853018
ENSG00000125845	-0.117423753928879
ENSG00000125827	-0.0771627692389349
ENSG00000182621	0.102686338735653
ENSG00000132639	-0.206154743709303
ENSG00000289505	-0.319106702563057
ENSG00000125863	0.00129935085479642
ENSG00000261411	0.0546924676526838
ENSG00000132640	-0.521834344456773
ENSG00000089048	-0.0754235847677606
ENSG00000101247	-0.0501114906216103
ENSG00000125848	-0.310036087105037
ENSG00000125870	-0.161807982929106
ENSG00000287241	0.103889049588904
ENSG00000125851	0.0962554805085158
ENSG00000125868	-0.0786612795221743
ENSG00000125844	-0.051840028033698
ENSG00000089006	-0.101504685443691
ENSG00000125871	-0.0508985497766789
ENSG00000149474	-0.0317581596957212
ENSG00000132664	-0.0433818211856026
ENSG00000101310	0.0689088546133052
ENSG00000232388	-0.218335789673697
ENSG00000125821	-0.0217762790339615
ENSG00000179935	0.109000593169208
ENSG00000273148	-0.0514364816679936
ENSG00000287430	-0.0342233339725425
ENSG00000268628	-0.0745033987705563
ENSG00000132669	-0.0116168613916874
ENSG00000173418	-0.0399902776447063
ENSG00000101343	0.0758110180947114
ENSG00000280229	-0.0279733170661468
ENSG00000173404	-0.227240813302478
ENSG00000088970	-0.0875434291627001
ENSG00000214535	-0.151079916002931
ENSG00000088930	-0.0166245511413944
ENSG00000125820	-0.24743916909052
ENSG00000289590	-0.604207008283263
ENSG00000132671	-0.0945633109471903
ENSG00000178726	-0.572094132869907
ENSG00000279447	0.0591729683977755
ENSG00000125810	-0.220874734192504
ENSG00000132661	-0.0913539765970951
ENSG00000232645	-0.182552144198292
ENSG00000125812	-0.038955295323791
ENSG00000125814	-0.0903925059848499
ENSG00000101439	0.101528193490942
ENSG00000270001	0.224217143912116
ENSG00000286117	0.113600784106056
ENSG00000101463	-0.0932666868779283
ENSG00000077984	0.049659493003598
ENSG00000154930	0.219918583591583
ENSG00000100987	0.00959093125160925
ENSG00000197586	0.317242945727862
ENSG00000277938	0.231556114432395
ENSG00000100994	0.175133464767471
ENSG00000100997	-0.0320758137218665
ENSG00000227379	-0.0220310376233104
ENSG00000170191	0.0540839867057502
ENSG00000130684	0.0712985249263502
ENSG00000278383	-0.129498378272912
ENSG00000230772	0.189638893380446
ENSG00000283443	-0.265624974099038
ENSG00000088320	0.0809519350351692
ENSG00000101898	0.345245334119604
ENSG00000125968	-0.11759086341481
ENSG00000171552	0.0778343870511977
ENSG00000149599	0.0558153781116742
ENSG00000088356	0.157908083472706
ENSG00000101336	-0.0581044348884378
ENSG00000101337	0.127005786405053
ENSG00000235217	0.0566060789081405
ENSG00000126003	0.224945656896114
ENSG00000101346	0.0739530359471329
ENSG00000277692	-0.0943259463610304
ENSG00000197183	-0.0620323860262597
ENSG00000198547	-0.0561806665243149
ENSG00000149600	-0.0993757321954585
ENSG00000101367	-0.146283577762255
ENSG00000260257	-0.172095967700887
ENSG00000101391	0.0250261134597961
ENSG00000101400	0.147938872046984
ENSG00000078699	0.0559832659373314
ENSG00000288649	-0.088513862062413
ENSG00000101412	0.118055331260973
ENSG00000101417	0.0280070443978446
ENSG00000131061	0.154407069444667
ENSG00000101421	0.0350260848825679
ENSG00000125970	-0.110913423879942
ENSG00000125977	-0.114447369364029
ENSG00000287853	0.0184297324648349
ENSG00000101460	-0.179395973705405
ENSG00000101464	-0.098637957476316
ENSG00000131067	-0.0462087307798764
ENSG00000100983	0.0153193319916336
ENSG00000100991	-0.0991925887132906
ENSG00000101000	-0.117860121453107
ENSG00000125966	0.21010115367429
ENSG00000242372	-0.0286778779043395
ENSG00000235214	-0.180284491892825
ENSG00000101019	0.130362094262931
ENSG00000125991	-0.0241453077971869
ENSG00000088340	0.106147490789507
ENSG00000061656	0.019778257230158
ENSG00000244462	-0.135092736341474
ENSG00000244005	0.198191791805993
ENSG00000125995	-0.160313015828911
ENSG00000260032	0.282335400835775
ENSG00000088367	0.00566533481781718
ENSG00000232406	0.0287884742247978
ENSG00000131043	-0.00597764533528678
ENSG00000118707	-0.0375044571443641
ENSG00000101084	0.0569839131399975
ENSG00000101079	0.0768475808565577
ENSG00000149636	-0.00153081166223715
ENSG00000149639	-0.130345110106735
ENSG00000101347	0.183851094070284
ENSG00000118705	0.0829157639058341
ENSG00000101363	0.0661924383500249
ENSG00000213979	0.314032063621794
ENSG00000166619	0.136615622823515
ENSG00000132792	0.00212249582054485
ENSG00000132821	-0.218395691796242
ENSG00000101407	0.112922824389585
ENSG00000101413	-0.0370285867475782
ENSG00000198959	0.322695597152409
ENSG00000149633	-0.108923876019027
ENSG00000224635	0.192981266248342
ENSG00000275401	0.212373862066167
ENSG00000196756	0.0504655803651713
ENSG00000235408	0.0479827693351987
ENSG00000174365	-0.0995485854642209
ENSG00000170471	0.0728475120737524
ENSG00000101442	-0.0476054426294439
ENSG00000101445	0.0871643116730495
ENSG00000101447	0.138756273815021
ENSG00000101452	0.101461074250655
ENSG00000204103	0.227694118230842
ENSG00000198900	0.096985215157108
ENSG00000124181	0.230601443748709
ENSG00000174306	0.106193001100447
ENSG00000242748	-0.14724331876104
ENSG00000132793	0.293953388221766
ENSG00000183798	0.0836896376588133
ENSG00000233508	-0.0398445543059888
ENSG00000226038	-0.174285576900466
ENSG00000124193	-0.0172977050893827
ENSG00000185513	-0.0317123164534768
ENSG00000101052	-0.101719006899063
ENSG00000132823	-0.0235765599451856
ENSG00000223891	-0.176198397847085
ENSG00000197296	0.0613534793295978
ENSG00000124120	-0.0934905657124605
ENSG00000168734	-0.0595965787946768
ENSG00000283440	-0.0440865745153372
ENSG00000101098	0.1866547205505
ENSG00000277708	0.101579057991832
ENSG00000166913	-0.00850248540123519
ENSG00000101104	0.00544919473719085
ENSG00000025772	0.282536749311189
ENSG00000101109	-0.040431383321453
ENSG00000124107	-0.0941644742814541
ENSG00000124145	0.586813883524198
ENSG00000204070	-0.0354750068780006
ENSG00000232880	-0.185506540935446
ENSG00000124155	-0.0295757795434096
ENSG00000101443	-0.0404636926972207
ENSG00000175063	0.042215554922591
ENSG00000132801	0.0265072013884456
ENSG00000168612	-0.0217731457381707
ENSG00000149634	0.185262648404845
ENSG00000064601	-0.0223579910968168
ENSG00000100979	-0.145047517935669
ENSG00000285796	0.0492346213659952
ENSG00000100982	-0.0128112927455574
ENSG00000198026	0.0624271292428807
ENSG00000100985	0.10695835818665
ENSG00000124140	-0.0579167931974421
ENSG00000124160	-0.162412489739953
ENSG00000101017	0.158380884898276
ENSG00000149654	0.0429893737767587
ENSG00000080189	0.191109640718911
ENSG00000062598	0.127287696521178
ENSG00000198185	0.0375665782257017
ENSG00000172315	-0.208067429418454
ENSG00000271784	0.169516042842082
ENSG00000197496	0.0814812586688517
ENSG00000124151	-0.00746585203958006
ENSG00000196562	-0.00544963818752554
ENSG00000124126	-0.104912749724733
ENSG00000286159	-0.392617258832579
ENSG00000124198	0.0230244511067244
ENSG00000124214	-0.00167731253915675
ENSG00000124201	0.0885439873218209
ENSG00000177410	-0.15249950606587
ENSG00000158445	0.0546731099355963
ENSG00000124212	0.0896176453939695
ENSG00000158470	0.121497444404729
ENSG00000197818	0.0979488015551979
ENSG00000124226	-0.141150684024181
ENSG00000124216	0.245228417101249
ENSG00000237595	0.136245014519564
ENSG00000277449	0.143238884887671
ENSG00000172216	0.0740712320178857
ENSG00000196396	0.0485292867848067
ENSG00000042062	0.0685047259910209
ENSG00000000419	-0.0519497714122601
ENSG00000124217	-0.0842240021632857
ENSG00000054793	0.0898913074128125
ENSG00000171940	0.00720332314741446
ENSG00000101132	-0.251845438879126
ENSG00000101134	-0.121803591308937
ENSG00000124098	0.0127161653977573
ENSG00000022277	-0.0143275236176434
ENSG00000280387	0.0243782327378749
ENSG00000087510	0.137507218881056
ENSG00000101144	0.141021950997578
ENSG00000226308	-0.0917821074637123
ENSG00000101146	0.139106222231654
ENSG00000132819	0.244650656687509
ENSG00000124097	0.0345045000652916
ENSG00000124253	0.180339330433003
ENSG00000124225	0.371567006312408
ENSG00000278709	0.128126174439609
ENSG00000124209	0.0299451675727928
ENSG00000124164	0.0720580156765316
ENSG00000215440	-0.102731301790055
ENSG00000101160	-0.108743215055177
ENSG00000124172	-0.177353755634009
ENSG00000124205	-0.0786573033470746
ENSG00000087495	-0.115993921677365
ENSG00000238194	-0.623707113034048
ENSG00000196074	-0.0109086413053895
ENSG00000196227	0.0250217311963731
ENSG00000132825	-0.00557799516837725
ENSG00000286232	-0.252547799200188
ENSG00000130699	-0.00436773687051095
ENSG00000149657	0.0446902805224316
ENSG00000101182	-0.0160058663234348
ENSG00000184402	0.124851853248165
ENSG00000101181	0.0281841709356965
ENSG00000130706	0.0324637985532395
ENSG00000226332	-0.0184443293618611
ENSG00000130702	0.226535527804294
ENSG00000171858	-0.0663984352435484
ENSG00000149679	-0.0513694634429497
ENSG00000101187	0.408241511597153
ENSG00000232803	0.2892100109159
ENSG00000092758	-0.468561715847446
ENSG00000101193	0.0646422898754823
ENSG00000101194	-0.0615057533054756
ENSG00000149658	-0.137162463003775
ENSG00000101198	0.38079711526695
ENSG00000101199	0.144465041524888
ENSG00000101203	-0.110754335176219
ENSG00000203900	-0.0604849929563151
ENSG00000075043	0.0888133070001693
ENSG00000101210	-0.147706717533428
ENSG00000125534	0.102403720166664
ENSG00000101213	0.182819201467129
ENSG00000130589	0.173064364216603
ENSG00000101216	0.126118236011802
ENSG00000232442	-0.142256914587056
ENSG00000197457	0.000946243580496709
ENSG00000258366	-0.00375199491588882
ENSG00000243509	-0.111933352266117
ENSG00000203896	-0.188620881538014
ENSG00000125520	0.0671658790374271
ENSG00000101150	0.0149394934504591
ENSG00000101152	0.182231826598076
ENSG00000198276	-0.1469277564676
ENSG00000196700	0.205388796283139
ENSG00000130590	0.124990608162954
ENSG00000101161	0.13033995864817
ENSG00000196421	0.180568787431119
ENSG00000171700	-0.0584708641082824
ENSG00000125510	0.232478924731305
ENSG00000196132	-0.00863122288123834
ENSG00000203880	-0.0414368169137246
ENSG00000275993	0.437934802836037
ENSG00000281383	-0.0313900242103478
ENSG00000224860	0.0577784990830279
ENSG00000230965	0.181191875840373
ENSG00000185272	-0.00974593940545015
ENSG00000155304	0.0594742742309156
ENSG00000180530	-0.0423426231472757
ENSG00000155313	0.046052950739655
ENSG00000154639	-0.136871529039082
ENSG00000154640	-0.0343045024543554
ENSG00000226956	-0.0888196940673615
ENSG00000154654	-0.0668371524156074
ENSG00000154721	0.00317652946704891
ENSG00000237731	0.108122034614094
ENSG00000287109	-0.0217855600120763
ENSG00000154727	0.0102499413464978
ENSG00000142192	-0.039838281339135
ENSG00000166265	-0.0297283508035017
ENSG00000154734	0.456619923585639
ENSG00000156239	-0.0476559878154461
ENSG00000198862	-0.123550406526956
ENSG00000156256	-0.202074223106604
ENSG00000156261	-0.0130109751720602
ENSG00000286018	0.229774684629563
ENSG00000174680	-0.0676370487952218
ENSG00000156299	-0.0665953988001615
ENSG00000142168	-0.0114757101465797
ENSG00000238390	0.265778104722049
ENSG00000273271	-0.261089420607312
ENSG00000273091	-0.0726108521124652
ENSG00000234107	0.0847722418381527
ENSG00000159055	-0.0393031670909777
ENSG00000227256	-0.156849689462122
ENSG00000166979	-0.0484378061904278
ENSG00000242220	0.0566301415345996
ENSG00000159082	0.105413578656896
ENSG00000205927	-0.67797576850199
ENSG00000184221	-0.546620176178277
ENSG00000223799	0.381399410711785
ENSG00000289238	0.0917519053367343
ENSG00000142166	0.02654490045154
ENSG00000159128	-0.0706855571380935
ENSG00000142188	-0.0613167295957891
ENSG00000231355	0.0408711443847338
ENSG00000177692	-0.193438245524941
ENSG00000159131	0.091329465021381
ENSG00000159147	0.049703180023721
ENSG00000205758	-0.00894714245825152
ENSG00000205726	0.0508484813599491
ENSG00000241837	-0.089869346023928
ENSG00000243927	-0.0226187371630687
ENSG00000198743	0.129061858994559
ENSG00000159200	-0.0321323112004964
ENSG00000185917	0.0456233934260301
ENSG00000142197	0.117530716324487
ENSG00000159256	-0.0726272545672267
ENSG00000228107	-0.0651929351284727
ENSG00000159259	0.0264148781625409
ENSG00000159267	-0.0404211159620081
ENSG00000224790	-0.129868194862946
ENSG00000183145	0.101402818230494
ENSG00000185808	-0.0633806610618819
ENSG00000182670	-0.0104506515484886
ENSG00000270116	0.18173380261124
ENSG00000157538	0.00123110361863398
ENSG00000157540	-0.00233826657634882
ENSG00000289404	0.0297567684647813
ENSG00000157557	-0.181413367834206
ENSG00000232837	-0.0313734248719457
ENSG00000183527	-0.0654808455390233
ENSG00000185658	-0.0173355434273257
ENSG00000185437	-0.13912962697848
ENSG00000184809	0.291100529023276
ENSG00000183036	-0.109652832448655
ENSG00000235123	0.00614597162378977
ENSG00000182240	0.0284173018275401
ENSG00000183486	0.0665092099199368
ENSG00000157601	0.0889484544722254
ENSG00000157617	0.100717918417334
ENSG00000173276	-0.0213212379088312
ENSG00000160179	-0.220641522539239
ENSG00000160183	-0.065348402949514
ENSG00000160190	0.0828510405438391
ENSG00000235772	-0.18693878516287
ENSG00000160191	0.0539754332437907
ENSG00000225731	0.0411495699238907
ENSG00000283051	0.171334320089598
ENSG00000160194	-0.0555899972398405
ENSG00000160199	0.0324267489740148
ENSG00000160200	-0.169463033563018
ENSG00000237989	0.139328781552438
ENSG00000160208	0.125667376140374
ENSG00000287507	0.116042659936116
ENSG00000160213	-0.044096418519949
ENSG00000226543	0.101560359678793
ENSG00000160216	0.101527426152784
ENSG00000141959	0.195373822601971
ENSG00000184441	0.050103657158113
ENSG00000142185	0.0663351597672726
ENSG00000160233	0.275045559254302
ENSG00000274225	-0.107311498886775
ENSG00000184900	-0.0444257749554121
ENSG00000183255	-0.161700276041088
ENSG00000289009	-0.154230117295934
ENSG00000227039	-0.0731549826331287
ENSG00000272825	-0.25049101520851
ENSG00000276529	-0.142796884550686
ENSG00000197381	0.0371596554034665
ENSG00000186866	0.112851441555011
ENSG00000223768	0.163492787597905
ENSG00000173638	0.321962513525368
ENSG00000160282	0.0150796683889609
ENSG00000215424	0.00307927264761787
ENSG00000160298	0.0421660204220273
ENSG00000160299	0.170335305248751
ENSG00000225043	-0.237801490828627
ENSG00000160307	-0.434678305291032
ENSG00000160310	-0.133890096139548
ENSG00000230982	-0.0103958098198805
ENSG00000273203	-0.015325262896038
ENSG00000177663	0.197924934110071
ENSG00000183307	-0.0255761636851406
ENSG00000093072	-0.0980994594665839
ENSG00000099954	-0.0227236218867486
ENSG00000182902	0.179491096934673
ENSG00000236754	0.270568310408389
ENSG00000131100	0.0504672162152127
ENSG00000099968	-0.0212068913714558
ENSG00000015475	0.0634199132166953
ENSG00000243156	-0.0152219741418559
ENSG00000215193	0.182368813593399
ENSG00000184979	0.0504011145420856
ENSG00000278558	-0.252412254316593
ENSG00000273032	-0.0549319464277589
ENSG00000286025	0.133503231068593
ENSG00000070413	0.209486699733768
ENSG00000273311	0.292693900659183
ENSG00000237347	0.211108549393748
ENSG00000100056	-0.0331184171549275
ENSG00000260924	0.0857585757104832
ENSG00000100075	-0.0932583228490375
ENSG00000242259	-0.0514430609757273
ENSG00000185608	-0.0478722636482683
ENSG00000070010	-0.10735962440165
ENSG00000287652	0.49203932339128
ENSG00000184113	0.178509528751255
ENSG00000184702	0.233539194873998
ENSG00000203618	-0.335121859748529
ENSG00000093010	-0.0701495235575243
ENSG00000099889	-0.0408378619906157
ENSG00000128191	-0.0138827927239002
ENSG00000099901	-0.117869701056252
ENSG00000099904	0.193930572969989
ENSG00000234409	0.130088011444643
ENSG00000040608	0.108766952653398
ENSG00000185252	0.18246582891819
ENSG00000215493	0.18417247052875
ENSG00000099917	0.0623062689767054
ENSG00000099940	-0.0992594443345614
ENSG00000099942	-0.0272299481328653
ENSG00000237476	-0.0102121975415231
ENSG00000183773	0.0486945280491329
ENSG00000099949	0.0858381876513504
ENSG00000230513	-0.0264970012854222
ENSG00000099957	-0.157816854553374
ENSG00000099960	-0.0288424374068348
ENSG00000169635	0.143112162638659
ENSG00000206140	-0.20103039363417
ENSG00000185651	-0.0154830095202314
ENSG00000128228	0.0777698250617045
ENSG00000272954	0.0310982376076062
ENSG00000100023	0.115221614044499
ENSG00000100038	-0.155780380657783
ENSG00000279278	0.188520685911884
ENSG00000274422	-0.0696029167698406
ENSG00000234630	0.138572047794908
ENSG00000272779	0.10565979323102
ENSG00000211643	0.399601669039537
ENSG00000211648	0.194119633466765
ENSG00000211651	-0.173416540812491
ENSG00000211653	-0.212281687701643
ENSG00000275004	-0.0679226953145619
ENSG00000211662	-0.110086930243216
ENSG00000211663	-0.133917543739445
ENSG00000211666	-0.579955763236071
ENSG00000211673	-0.47051918413913
ENSG00000211675	-0.29945034854794
ENSG00000211677	-0.851630061072419
ENSG00000211679	-0.0220759009094111
ENSG00000128266	-0.0577364048411406
ENSG00000186716	0.489270048291649
ENSG00000236794	0.361254958128119
ENSG00000230701	0.0864891679185055
ENSG00000133519	0.0684625278104638
ENSG00000272733	0.040804648390332
ENSG00000234353	-0.207172119197052
ENSG00000272578	0.00169056035932707
ENSG00000159496	0.00664152789204576
ENSG00000187792	-0.0214992401241243
ENSG00000272973	0.109969763616483
ENSG00000133460	0.0793424044014959
ENSG00000099998	0.218286298357457
ENSG00000128262	0.0324477455861373
ENSG00000100014	0.0129020856586576
ENSG00000128271	0.682122599513202
ENSG00000100028	-0.147053960941659
ENSG00000203280	-0.0138881708711739
ENSG00000272942	-0.180097919997915
ENSG00000271138	-0.186708220773974
ENSG00000272977	-0.211443299619793
ENSG00000100077	-0.0110197494349983
ENSG00000100095	-0.21130940442236
ENSG00000100099	0.142513359724855
ENSG00000100104	0.144323463979478
ENSG00000100109	0.0657731684063157
ENSG00000261188	0.368926357836701
ENSG00000128294	0.0616481821414298
ENSG00000225783	0.171643844932124
ENSG00000169184	0.304697506894082
ENSG00000180957	-0.0236399744622751
ENSG00000100209	-0.0926561449700606
ENSG00000159873	-0.0324946746662769
ENSG00000100219	0.176367606753563
ENSG00000272858	-0.0487540201769111
ENSG00000183762	0.343751792350743
ENSG00000186998	0.186534956253619
ENSG00000100263	0.111411666633746
ENSG00000237015	0.126484228098236
ENSG00000185340	0.190030614524431
ENSG00000100276	0.259395657895699
ENSG00000100280	0.227516862006079
ENSG00000225465	0.136797818463223
ENSG00000100296	-0.0345088668872168
ENSG00000184117	0.171394885895834
ENSG00000100314	-0.213112695681763
ENSG00000100319	0.0412274483540945
ENSG00000100325	-0.0202711107148927
ENSG00000100330	0.0599591850901054
ENSG00000279699	0.322318974249004
ENSG00000239282	0.324847032140884
ENSG00000099992	0.246086815389606
ENSG00000099995	0.254818825780446
ENSG00000100003	0.128749411088149
ENSG00000273350	0.111848443617548
ENSG00000242114	0.283635848086431
ENSG00000214491	0.00187159280520479
ENSG00000100029	0.0432900900482412
ENSG00000185339	0.1613277445774
ENSG00000167065	-0.0262197966033154
ENSG00000250318	0.0159330642496646
ENSG00000184792	0.0142863015681852
ENSG00000133422	0.118719288959821
ENSG00000253352	-0.0763325627939104
ENSG00000183963	0.420713691865455
ENSG00000273387	-0.068293551878693
ENSG00000198832	0.0434797857317309
ENSG00000185133	0.182895956059488
ENSG00000138942	0.0224007850038889
ENSG00000182541	0.0988944625605242
ENSG00000100100	-0.130584102514055
ENSG00000100105	0.0750058791429402
ENSG00000213888	0.0334398788277839
ENSG00000198089	0.100643695253864
ENSG00000241878	0.236525860710606
ENSG00000183530	0.0609229982729865
ENSG00000100150	0.00254410480325212
ENSG00000128254	-0.00383214131431907
ENSG00000128245	-0.0962116730944104
ENSG00000128253	0.0764329133662868
ENSG00000100220	-0.0110010878444511
ENSG00000100225	-0.233217082561166
ENSG00000100234	-0.00412719299593704
ENSG00000133424	0.177147820815483
ENSG00000100292	0.336351191904513
ENSG00000100297	-0.129566584939517
ENSG00000273044	-0.207277782649764
ENSG00000100302	0.159416925080797
ENSG00000221963	-0.178965280423905
ENSG00000100320	0.079658457651852
ENSG00000279805	0.0796751497486558
ENSG00000128284	0.091181165644137
ENSG00000100336	-0.0985141905375494
ENSG00000128335	-0.314269795422195
ENSG00000100342	0.421798751321484
ENSG00000100348	0.0841160565608048
ENSG00000100350	0.117551725037513
ENSG00000100353	0.0388751247341556
ENSG00000287773	0.0159135677578434
ENSG00000100365	-0.100540225278714
ENSG00000100368	-0.0937379153539677
ENSG00000287236	-0.213035714293979
ENSG00000100379	0.134476840954387
ENSG00000201078	0.00296722309346247
ENSG00000187045	-0.0317701194511796
ENSG00000133466	0.0977483430712702
ENSG00000278195	-0.278751447610477
ENSG00000128340	0.0276938822862666
ENSG00000166897	0.0849413043381547
ENSG00000100060	0.113924814767666
ENSG00000100083	0.140373236494428
ENSG00000100092	-0.10989540797002
ENSG00000241360	-0.0830297721592661
ENSG00000100097	-0.240136565485227
ENSG00000273899	0.0210080882631592
ENSG00000100106	0.0417426173600623
ENSG00000189060	-0.11242522166154
ENSG00000128310	0.172985058958361
ENSG00000100129	0.0737460097922499
ENSG00000100139	-0.120581832381602
ENSG00000272582	0.206657874892694
ENSG00000100146	-0.532770011371698
ENSG00000222044	-0.132649632799272
ENSG00000273214	0.193428674517753
ENSG00000100151	-0.0332030750328545
ENSG00000128298	0.0674682135801803
ENSG00000272720	0.0232698942063373
ENSG00000184381	0.0245517828004342
ENSG00000185022	0.632776050492893
ENSG00000198792	0.150238357253854
ENSG00000213923	0.00929464552911762
ENSG00000168135	0.0974925795681489
ENSG00000100196	-0.0908547848726776
ENSG00000100211	-0.0321754795945618
ENSG00000100216	-0.0143658854491305
ENSG00000100221	0.159600549492648
ENSG00000100226	0.200968111475688
ENSG00000229598	0.114559416894841
ENSG00000100242	-0.207897274848862
ENSG00000230149	-0.0546870695122197
ENSG00000273096	-0.269713677045752
ENSG00000100246	0.200933714403664
ENSG00000244509	-0.0953614048700294
ENSG00000128394	-0.0396754056400313
ENSG00000279833	-0.130569620162472
ENSG00000284633	-0.017865588641867
ENSG00000100316	0.0277430825151846
ENSG00000100324	0.0491630117604167
ENSG00000227188	-0.177765669719379
ENSG00000100335	0.0897033443077117
ENSG00000128272	-0.203762573773117
ENSG00000187051	-0.12573023621321
ENSG00000100346	-0.0546128976055858
ENSG00000100354	0.0550975140396195
ENSG00000239900	0.0510269731897915
ENSG00000230071	-0.0646899064132636
ENSG00000128285	-0.381940843093075
ENSG00000100380	-0.140758406894791
ENSG00000196236	0.0517447932270799
ENSG00000172404	0.0183604945985852
ENSG00000100387	-0.243494941569984
ENSG00000100395	0.159340289760033
ENSG00000100399	-0.257408163993259
ENSG00000100401	0.198920087691301
ENSG00000167074	0.266552235630827
ENSG00000273424	0.461406149992412
ENSG00000183864	0.167272744728287
ENSG00000100412	0.297014338067926
ENSG00000100410	-0.129682021950541
ENSG00000100413	0.0643839151192864
ENSG00000172346	0.309080751256165
ENSG00000100418	0.130950257372621
ENSG00000196419	0.0378489133897131
ENSG00000184208	-0.05707176871044
ENSG00000198911	0.253847387319235
ENSG00000159958	-0.153216966919491
ENSG00000205704	0.0372198355995823
ENSG00000100167	0.111643035649825
ENSG00000198951	0.0911236303604811
ENSG00000184983	0.0444345637521156
ENSG00000100197	-0.313093981716642
ENSG00000227370	-0.509915405839332
ENSG00000205702	0.0331486898053981
ENSG00000100207	0.0621477865633216
ENSG00000182841	0.166941239748144
ENSG00000100227	0.116156749211837
ENSG00000100243	0.0939532791911282
ENSG00000128274	0.0911139012206654
ENSG00000242247	-0.00744106944687779
ENSG00000100266	0.0903957678634461
ENSG00000100271	-0.00514960682622592
ENSG00000100300	-0.213911565776042
ENSG00000100304	0.242010688319479
ENSG00000130540	-0.111690519605417
ENSG00000100341	0.459214339587156
ENSG00000100347	0.0123132479085218
ENSG00000188677	0.0478686630537142
ENSG00000138964	-0.163185823089086
ENSG00000279933	-0.251568390792279
ENSG00000138944	-0.408492085735429
ENSG00000188636	0.0743626420725597
ENSG00000187012	-0.0335251925004596
ENSG00000186654	0.107334718970234
ENSG00000056487	0.0825517047221026
ENSG00000226328	0.05336409410896
ENSG00000093000	0.072518317567009
ENSG00000100364	-0.121395534108746
ENSG00000273287	0.322064579674852
ENSG00000077942	0.15216499410367
ENSG00000130638	0.0171267483752703
ENSG00000188064	0.0244336572659361
ENSG00000273145	-0.0127760736798033
ENSG00000231711	0.0331717114658737
ENSG00000182257	0.213267734221368
ENSG00000197182	0.0215856336397827
ENSG00000235159	-0.00102749012272056
ENSG00000186951	0.150821969451552
ENSG00000075234	-0.0457209690593392
ENSG00000100416	0.116088232206218
ENSG00000075240	0.143222672189926
ENSG00000100422	0.0686928269098339
ENSG00000278881	0.00742142352524805
ENSG00000288540	0.401687458239972
ENSG00000219438	-0.00884932504025414
ENSG00000205632	0.0873226699207049
ENSG00000235111	-0.105267335935335
ENSG00000100425	-0.000178759176333441
ENSG00000279345	-0.0289824102713272
ENSG00000100426	0.0582242227851894
ENSG00000198355	-0.20432995522248
ENSG00000100427	0.166197404643184
ENSG00000073150	-0.243381098927077
ENSG00000170638	0.0206176473770931
ENSG00000273188	-0.211757117788443
ENSG00000273253	-0.0936378843496865
ENSG00000073169	0.0220721226160292
ENSG00000272836	0.0684197363371721
ENSG00000273137	-0.18230103351965
ENSG00000128159	0.0752286152116213
ENSG00000196576	0.193989133994936
ENSG00000205593	0.0703281625400004
ENSG00000025770	0.0129908116051734
ENSG00000025708	-0.152282681327698
ENSG00000130487	4.8270022973211e-05
ENSG00000205560	0.114253567252313
ENSG00000100288	-0.0915937759541635
ENSG00000100299	0.018903059189437
ENSG00000289244	0.209841579346661
ENSG00000100312	-0.012909081277928
ENSG00000184319	-0.130722690395537
ENSG00000226179	0.0273162360778954
ENSG00000167393	-0.0981766128478891
ENSG00000198223	-0.257506722623784
ENSG00000185291	-0.0106540461765069
ENSG00000236871	0.056934090785783
ENSG00000236017	0.0554331430671707
ENSG00000169093	0.0676898152748319
ENSG00000197976	0.043403474785055
ENSG00000214717	-0.0444652983732486
ENSG00000002586	0.00231699108209708
ENSG00000006756	0.0548206959446362
ENSG00000157399	-0.0428066519144463
ENSG00000062096	0.098670427543516
ENSG00000228459	0.0371319060671756
ENSG00000183943	0.173142466380916
ENSG00000286431	-0.0492188145945
ENSG00000169059	-0.0500949538204513
ENSG00000182583	-0.179778240175794
ENSG00000011201	-0.00625934235077166
ENSG00000101849	0.0971177646960861
ENSG00000101850	0.11796981031985
ENSG00000047644	-0.0367957872023728
ENSG00000073464	-0.0160048093416593
ENSG00000004961	0.100270545842148
ENSG00000005302	-0.0508884623141481
ENSG00000101911	-0.0717644875096784
ENSG00000196664	-0.154035891389512
ENSG00000205542	-0.133984302018457
ENSG00000197582	0.246786974017197
ENSG00000176896	-0.0213543752469418
ENSG00000123595	-0.210981005924279
ENSG00000196459	-0.125145380566722
ENSG00000046653	-0.163193267524429
ENSG00000231066	-0.0138756152218138
ENSG00000165195	-0.198110350318265
ENSG00000186312	-0.0466808953491632
ENSG00000169239	0.112946863704012
ENSG00000279413	0.065466212471191
ENSG00000169249	-0.0622629785730381
ENSG00000182287	0.00953830313748086
ENSG00000047230	0.0120453787864982
ENSG00000169895	-0.0781951444925306
ENSG00000086712	0.0339287724899627
ENSG00000102054	0.124950230297334
ENSG00000169891	-0.00637073445646085
ENSG00000047634	-0.0666534373974001
ENSG00000131831	-0.0629985129171923
ENSG00000008086	0.172037646252833
ENSG00000044446	0.0380413264591895
ENSG00000131828	0.183808430232173
ENSG00000147010	-0.116905231574708
ENSG00000173681	-0.0699976215281229
ENSG00000184368	0.075145012713656
ENSG00000173674	-0.0504825437548166
ENSG00000177189	0.00888695197219494
ENSG00000149970	0.252279631037655
ENSG00000185915	0.244726537659586
ENSG00000012174	-0.135735979851072
ENSG00000102172	0.111383746123054
ENSG00000224204	0.0776575318655211
ENSG00000123131	0.0931911904109788
ENSG00000123130	0.0243379366041185
ENSG00000130066	-0.148912320247816
ENSG00000174010	0.0919822918738682
ENSG00000130741	0.0115411498595903
ENSG00000005889	-0.118317149802777
ENSG00000225071	-0.583848510400647
ENSG00000067992	0.00772133251720563
ENSG00000232472	0.334565952325803
ENSG00000004848	-0.13504428613788
ENSG00000157625	0.0273401924289444
ENSG00000047597	0.00149414051959174
ENSG00000165168	-0.370885313783953
ENSG00000165169	-0.128228118779728
ENSG00000147041	0.171940476746496
ENSG00000156313	-0.0563071253976746
ENSG00000165175	-0.175560887501411
ENSG00000223486	0.144442782591433
ENSG00000183337	0.0504204329067865
ENSG00000185753	-0.00534717483676722
ENSG00000180182	-0.0503500714820359
ENSG00000216866	0.317616479733565
ENSG00000147044	-0.0291809564031091
ENSG00000171659	-0.288394623128136
ENSG00000189221	0.0671094401809474
ENSG00000069535	0.00955477267339598
ENSG00000124479	-0.0214562251065204
ENSG00000214019	0.102479063026226
ENSG00000069509	-0.123967252790853
ENSG00000214016	0.413486430330274
ENSG00000147113	-0.00462256054678978
ENSG00000270069	0.0501426043233649
ENSG00000230844	0.047492995758297
ENSG00000147119	0.293402407831954
ENSG00000213997	0.187943279322473
ENSG00000102218	-0.0505596424803411
ENSG00000130988	-0.114747445499471
ENSG00000182872	0.129808765346942
ENSG00000130985	0.136155202273522
ENSG00000224975	0.0813238662946292
ENSG00000147124	0.0124361818244063
ENSG00000078061	0.0171612339956381
ENSG00000102265	-0.149619014484198
ENSG00000126759	0.0183120495056722
ENSG00000126756	-0.102417309837032
ENSG00000221994	-0.131028974852037
ENSG00000017483	-0.333158514734696
ENSG00000068438	0.0195611809225966
ENSG00000147155	-0.105985044274504
ENSG00000102317	-0.282407803709072
ENSG00000101940	0.0834104611534779
ENSG00000015285	-0.0548132741563623
ENSG00000101945	0.013382776826563
ENSG00000094631	0.00758667569651064
ENSG00000102109	-0.378322161219468
ENSG00000102057	0.503976956497975
ENSG00000068400	0.0714200426606568
ENSG00000068323	0.221201659815855
ENSG00000147144	0.0816214778352351
ENSG00000243279	0.00830834533920379
ENSG00000068394	0.0535039367554614
ENSG00000265033	-0.0316538478641453
ENSG00000289245	-0.0436571796863049
ENSG00000102007	-0.0912612401760001
ENSG00000012211	0.035946578991884
ENSG00000102003	-0.200348913343723
ENSG00000230216	0.276633845737796
ENSG00000049769	0.0915184268772763
ENSG00000122824	-0.139661033761388
ENSG00000187690	-0.0585141855904088
ENSG00000286118	0.145515827479213
ENSG00000184194	0.111013296041857
ENSG00000184205	0.315100916592662
ENSG00000232593	0.00555015160393507
ENSG00000126012	0.111460876179638
ENSG00000124313	0.262863977216045
ENSG00000072506	-0.120992522852235
ENSG00000184083	0.00184363646094572
ENSG00000158526	0.0673093453487004
ENSG00000130119	-0.0228585099032854
ENSG00000102316	-0.134233480728603
ENSG00000221716	-0.574523825069664
ENSG00000067445	-0.14441072981428
ENSG00000158578	0.315932476789443
ENSG00000182518	-0.143625054694508
ENSG00000083750	-0.145931550676403
ENSG00000102349	0.138110818691107
ENSG00000188021	0.100954723338478
ENSG00000204272	-0.0538554864721585
ENSG00000204271	0.0420323017214542
ENSG00000286977	0.2207815474267
ENSG00000198455	0.040035329680658
ENSG00000131089	0.241073238195231
ENSG00000126970	-0.0265955179589115
ENSG00000102053	-0.0545791985919855
ENSG00000001497	-0.0318889476660185
ENSG00000147065	0.040150230476601
ENSG00000274536	-0.339412808672683
ENSG00000155659	-0.157141035743061
ENSG00000089472	0.182161790567974
ENSG00000079482	0.0253721813901549
ENSG00000260118	-0.198929767564137
ENSG00000130052	0.103447725123628
ENSG00000213740	0.119135271476957
ENSG00000090776	0.167490489067979
ENSG00000181191	0.0303147355058811
ENSG00000089289	-0.109256997617701
ENSG00000147127	0.0947942908334907
ENSG00000120509	-0.185628811772711
ENSG00000130055	0.0256378358297443
ENSG00000082458	0.15041032968394
ENSG00000165349	-0.19337933663732
ENSG00000147164	0.0537128432988223
ENSG00000184481	-0.236941140714765
ENSG00000147168	0.056940818265408
ENSG00000184634	0.0750045591295786
ENSG00000196338	-0.0971678403097117
ENSG00000147130	0.179380168387061
ENSG00000147174	0.0896593852255993
ENSG00000204131	0.088717584910725
ENSG00000242732	0.175691934595681
ENSG00000102309	-0.0991537256679424
ENSG00000198034	-0.230116307883267
ENSG00000125931	-0.181418080853042
ENSG00000067177	0.177402151981619
ENSG00000184388	-0.0712368765671803
ENSG00000186288	-0.0918287911335088
ENSG00000204118	0.336375727547474
ENSG00000186462	-0.107161009212471
ENSG00000204116	-0.0305322523817176
ENSG00000230590	0.000757235144753678
ENSG00000228906	-0.0693400484786026
ENSG00000234969	-0.0230571002377113
ENSG00000228492	-0.0761711944502843
ENSG00000271533	0.141126213997711
ENSG00000213695	0.317847558514391
ENSG00000147100	0.136890235511987
ENSG00000131269	0.0270647169550359
ENSG00000186675	0.130763851613734
ENSG00000198934	-0.0239159616663708
ENSG00000085224	-0.0405998931350605
ENSG00000102158	-0.0384938284460492
ENSG00000147145	-0.141624951245055
ENSG00000165288	-0.0371049492657281
ENSG00000289132	0.130655923974465
ENSG00000198157	0.0207516133203255
ENSG00000196767	0.302495888984271
ENSG00000072133	0.0369386508184768
ENSG00000155008	0.0331967048670233
ENSG00000147180	-0.154289644659281
ENSG00000188419	0.00737284331226564
ENSG00000174740	-0.24261528045477
ENSG00000186310	-0.376366098979794
ENSG00000102359	0.0052635765426055
ENSG00000102362	0.0698466932555692
ENSG00000101811	0.0478847842299742
ENSG00000188917	0.0744153515543194
ENSG00000126950	0.133601730146278
ENSG00000126953	0.179398657688284
ENSG00000010671	-0.03430115871614
ENSG00000241343	-0.270047312559008
ENSG00000102393	-0.0731544078459115
ENSG00000196440	-0.0395636398939075
ENSG00000198960	-0.244928388285899
ENSG00000102401	0.029856665210095
ENSG00000207291	0.121857940082292
ENSG00000286000	0.171803634779981
ENSG00000184867	-0.0661197794967747
ENSG00000166432	-0.000963196812749988
ENSG00000286794	-0.226183188409046
ENSG00000184515	0.0893380637164554
ENSG00000125962	-0.0739676741549532
ENSG00000271147	-0.0773525804802165
ENSG00000198932	-0.0178350907772088
ENSG00000286327	0.118184586422283
ENSG00000158301	-0.0215424927001459
ENSG00000286237	0.495156902817921
ENSG00000102128	-0.146205310757564
ENSG00000133169	-0.0703429547854977
ENSG00000102409	-0.0372292139578237
ENSG00000180964	-0.240829447370164
ENSG00000204065	0.0410770009453706
ENSG00000133134	-0.00902599916395573
ENSG00000182916	-0.435822130026167
ENSG00000185222	-0.491630503352285
ENSG00000166681	0.0518930455343687
ENSG00000287619	0.0777310243028314
ENSG00000133142	-0.159208774305233
ENSG00000279894	0.153894228180071
ENSG00000172465	-0.204400806606308
ENSG00000123562	-0.166535365455707
ENSG00000123570	0.0533173203182563
ENSG00000230312	0.091446520603458
ENSG00000235946	-0.0136204793938062
ENSG00000166707	-0.0318804633682361
ENSG00000133138	-0.0790265141092836
ENSG00000089682	-0.0913155406595375
ENSG00000147234	0.00462542710250162
ENSG00000147224	0.0182325985330931
ENSG00000157514	0.00614146418313891
ENSG00000080561	0.0564729669774514
ENSG00000101844	0.0155952549838337
ENSG00000176076	-0.186289172987051
ENSG00000068366	-0.081449487565991
ENSG00000289365	0.171769971418852
ENSG00000101938	0.173765178317124
ENSG00000077264	0.0458160426981632
ENSG00000077279	0.0220709314841835
ENSG00000126016	0.0533378741423648
ENSG00000147246	0.320630526523798
ENSG00000123496	0.283572256821811
ENSG00000279587	-0.0835617529053048
ENSG00000003096	0.120553074161262
ENSG00000131725	-0.032726187623551
ENSG00000147251	0.092861170345498
ENSG00000131724	-0.171951421394913
ENSG00000174460	-0.0196325206923293
ENSG00000101856	-0.352481210717937
ENSG00000077713	-0.0442182933187494
ENSG00000224281	-0.0684667014405546
ENSG00000005022	0.0560008943796644
ENSG00000018610	-0.0429273884436256
ENSG00000186416	-0.0182705419849773
ENSG00000198918	-0.310989147281762
ENSG00000125351	0.0362062510869918
ENSG00000125352	0.00556453178319629
ENSG00000125356	-0.132582115827843
ENSG00000101883	-0.0886611849506733
ENSG00000177485	-0.00278074423645349
ENSG00000232119	0.0506847125818846
ENSG00000171155	-0.279505467026628
ENSG00000125675	0.0300806792734648
ENSG00000101966	0.0602090359816635
ENSG00000101972	-0.113533290544849
ENSG00000198354	-0.0664283303774994
ENSG00000230916	0.581182250458363
ENSG00000102038	0.00802044192341362
ENSG00000122126	0.051853490369003
ENSG00000122122	-0.00105690836748397
ENSG00000156697	0.0966405674533803
ENSG00000085185	0.126686503133142
ENSG00000102034	0.0343448498312598
ENSG00000102078	0.086754022370778
ENSG00000134602	0.0303192855669965
ENSG00000076716	-0.0616561871167477
ENSG00000203952	-0.169438512787994
ENSG00000156531	-0.0577999709964325
ENSG00000165704	-0.0645049210161307
ENSG00000223749	-0.0842742213368428
ENSG00000156504	0.00642682682187646
ENSG00000184785	-0.374982877306842
ENSG00000212747	-0.0944545118574121
ENSG00000286964	-0.0852719769883326
ENSG00000203950	-0.00766923095830063
ENSG00000196972	-0.140073833477012
ENSG00000173275	0.00206421362923367
ENSG00000178947	0.0089845923345105
ENSG00000169446	0.000541890128038605
ENSG00000129680	-0.0451824324276991
ENSG00000102241	-0.0841105570689752
ENSG00000129675	-0.0239741516556082
ENSG00000225400	0.184697631432457
ENSG00000147274	-0.0084787885510026
ENSG00000129682	0.0798160179211495
ENSG00000101977	-0.0478468159497597
ENSG00000230707	0.085173714224576
ENSG00000134595	-0.227094032492562
ENSG00000203930	-0.165506102917019
ENSG00000185985	-0.0263473208419585
ENSG00000102081	-0.160853878389425
ENSG00000010404	0.24350378360046
ENSG00000241769	-0.00230916206716021
ENSG00000197021	-0.137151623926398
ENSG00000183171	-0.0794385393677266
ENSG00000013619	0.0816613782567975
ENSG00000171100	0.0721541354646155
ENSG00000102181	0.0529044785264228
ENSG00000029993	0.0819299585759543
ENSG00000102287	-0.23804195010068
ENSG00000268089	-0.237005028117194
ENSG00000147394	-0.00960919608484207
ENSG00000286939	-0.0914847358502766
ENSG00000183837	-0.0473351033731485
ENSG00000235961	-0.129106323571974
ENSG00000063587	-0.0115067407692889
ENSG00000182492	0.112785853620159
ENSG00000067842	0.165318320378516
ENSG00000262919	0.0188919216095812
ENSG00000130821	0.0878865566148254
ENSG00000185825	0.0987776529468697
ENSG00000198753	-0.288192548563537
ENSG00000184343	-0.140956634613047
ENSG00000067829	0.0861797469056912
ENSG00000180879	-0.0936211567147982
ENSG00000067840	0.0820527398880944
ENSG00000198910	-0.0806088207121569
ENSG00000089820	-0.193865676651232
ENSG00000235802	0.0173055852955203
ENSG00000177854	-0.13659256460743
ENSG00000184216	-0.173615051172976
ENSG00000196924	0.287727102859115
ENSG00000102119	0.0366787584480029
ENSG00000147403	-0.0263595379128508
ENSG00000280195	0.0259724471882832
ENSG00000207165	0.246201614912075
ENSG00000013563	0.166314113757117
ENSG00000102125	0.00427472316750075
ENSG00000203879	0.0564966286595303
ENSG00000130827	0.0232709650026283
ENSG00000126903	-0.00665225401858175
ENSG00000071889	0.0625198140763186
ENSG00000130826	-0.0660029212649774
ENSG00000130830	0.172996397873253
ENSG00000165775	0.0184910765343357
ENSG00000182712	-0.438894779054756
ENSG00000185515	-0.0173080810078442
ENSG00000155961	-0.215918860412578
ENSG00000155962	-0.070901493167841
ENSG00000124333	-0.114846093862873
ENSG00000129824	-0.103376382982159
ENSG00000067646	-0.0367358383959719
ENSG00000225840	0.201335706396932
ENSG00000215414	0.209542465669033
ENSG00000154620	-0.403318225712596
ENSG00000198692	-0.0759081855424295
ENSG00000211459	-0.105262146708067
ENSG00000210082	-0.137509087953481
ENSG00000210100	0.654555324164554
ENSG00000210112	0.394303494531812
ENSG00000210127	0.386216419970048
ENSG00000210144	0.694570484187262
ENSG00000198804	0.231379855641064
ENSG00000210151	0.0978425706236905
ENSG00000198712	0.0645631184600486
ENSG00000210156	0.159925956737019
ENSG00000198938	0.0639212509715027
ENSG00000210164	0.0767347031130195
ENSG00000210176	0.925875806532998
ENSG00000210191	0.0107800393345472
ENSG00000210194	-0.15559238671189
ENSG00000198727	0.0627431299753567
